# x y true_fields pred_fields error_fields
1.111111119389533997e-01 1.111111119389533997e-01 5.199013277888298035e-03 1.834546960890293121e-02 1.250389814376831055e-01 2.070720046758651733e-01 1.798106543719768524e-02 6.730788946151733398e-01 3.371332585811614990e-01 8.666957616806030273e-01 2.853902578353881836e-01 5.211124196648597717e-03 1.762254536151885986e-02 7.785247266292572021e-02 1.706904023885726929e-01 1.945681497454643250e-02 4.710574746131896973e-01 3.703717291355133057e-01 8.803803920745849609e-01 1.885092109441757202e-01 1.211091876029968262e-05 -7.229242473840713501e-04 -4.718650877475738525e-02 -3.638160228729248047e-02 1.475749537348747253e-03 -2.020214200019836426e-01 3.323847055435180664e-02 1.368463039398193359e-02 -9.688104689121246338e-02
2.222222238779067993e-01 1.111111119389533997e-01 9.770948439836502075e-03 1.976666413247585297e-02 1.226828992366790771e-01 2.188857495784759521e-01 2.825987152755260468e-02 6.764907240867614746e-01 3.351877033710479736e-01 8.630257844924926758e-01 2.873768210411071777e-01 9.518245235085487366e-03 1.926958560943603516e-02 7.590288668870925903e-02 1.823531687259674072e-01 2.947942540049552917e-02 4.713396728038787842e-01 3.668366074562072754e-01 8.738169074058532715e-01 1.910165399312973022e-01 -2.527032047510147095e-04 -4.970785230398178101e-04 -4.678001254796981812e-02 -3.653258085250854492e-02 1.219553872942924500e-03 -2.051510512828826904e-01 3.164890408515930176e-02 1.079112291336059570e-02 -9.636028110980987549e-02
3.333333432674407959e-01 1.111111119389533997e-01 1.316436287015676498e-02 2.072950266301631927e-02 1.121711805462837219e-01 2.217943072319030762e-01 3.496995195746421814e-02 6.753002405166625977e-01 3.329732418060302734e-01 8.579144477844238281e-01 2.882634401321411133e-01 1.286930032074451447e-02 2.031697705388069153e-02 6.701845675706863403e-02 1.882592439651489258e-01 3.687663748860359192e-02 4.745101928710937500e-01 3.704261481761932373e-01 8.818154931068420410e-01 1.902716606855392456e-01 -2.950625494122505188e-04 -4.125256091356277466e-04 -4.515272378921508789e-02 -3.353506326675415039e-02 1.906685531139373779e-03 -2.007900476455688477e-01 3.745290637016296387e-02 2.390104532241821289e-02 -9.799177944660186768e-02
4.444444477558135986e-01 1.111111119389533997e-01 1.496996171772480011e-02 2.112803980708122253e-02 9.492533653974533081e-02 2.160123586654663086e-01 3.757469728589057922e-02 6.699374318122863770e-01 3.315275609493255615e-01 8.537524342536926270e-01 2.876039445400238037e-01 1.469468139111995697e-02 2.047126926481723785e-02 5.323638021945953369e-02 1.924168765544891357e-01 4.133525863289833069e-02 4.876746535301208496e-01 3.874321281909942627e-01 9.189450740814208984e-01 1.859432607889175415e-01 -2.752803266048431396e-04 -6.567705422639846802e-04 -4.168895632028579712e-02 -2.359548211097717285e-02 3.760561347007751465e-03 -1.822627782821655273e-01 5.590456724166870117e-02 6.519263982772827148e-02 -1.016606837511062622e-01
5.555555820465087891e-01 1.111111119389533997e-01 1.496995985507965088e-02 2.095914073288440704e-02 7.373087853193283081e-02 2.037989944219589233e-01 3.596707433462142944e-02 6.622116565704345703e-01 3.315276801586151123e-01 8.523445725440979004e-01 2.854802906513214111e-01 1.467341557145118713e-02 2.010323852300643921e-02 3.742852807044982910e-02 1.878410875797271729e-01 4.133515432476997375e-02 4.977598190307617188e-01 3.903220295906066895e-01 9.283171892166137695e-01 1.891683042049407959e-01 -2.965442836284637451e-04 -8.559022098779678345e-04 -3.630235046148300171e-02 -1.595790684223175049e-02 5.368079990148544312e-03 -1.644518375396728516e-01 5.879434943199157715e-02 7.597261667251586914e-02 -9.631198644638061523e-02
6.666666865348815918e-01 1.111111119389533997e-01 1.316436100751161575e-02 2.030183561146259308e-02 5.216872319579124451e-02 1.884678602218627930e-01 3.032080642879009247e-02 6.557849049568176270e-01 3.329736888408660889e-01 8.543267250061035156e-01 2.828742265701293945e-01 1.284666918218135834e-02 1.980572566390037537e-02 2.151852846145629883e-02 1.743743121623992920e-01 3.590362891554832458e-02 4.926397204399108887e-01 3.812334239482879639e-01 9.091758131980895996e-01 1.924135386943817139e-01 -3.176918253302574158e-04 -4.961099475622177124e-04 -3.065019473433494568e-02 -1.409354805946350098e-02 5.582822486758232117e-03 -1.631451845169067383e-01 4.825973510742187500e-02 5.484908819198608398e-02 -9.046068787574768066e-02
7.777777910232543945e-01 1.111111119389533997e-01 9.770944714546203613e-03 1.928033865988254547e-02 3.368616476655006409e-02 1.730692386627197266e-01 2.108961716294288635e-02 6.554397940635681152e-01 3.351891338825225830e-01 8.591177463531494141e-01 2.815416753292083740e-01 9.599791839718818665e-03 1.946661248803138733e-02 7.653757929801940918e-03 1.607464998960494995e-01 2.599054202437400818e-02 4.821744561195373535e-01 3.803849220275878906e-01 9.035521745681762695e-01 1.876814365386962891e-01 -1.711528748273849487e-04 1.862738281488418579e-04 -2.603240683674812317e-02 -1.232273876667022705e-02 4.900924861431121826e-03 -1.732653379440307617e-01 4.519578814506530762e-02 4.443442821502685547e-02 -9.386023879051208496e-02
8.888888955116271973e-01 1.111111119389533997e-01 5.199010483920574188e-03 1.802804507315158844e-02 2.020761743187904358e-02 1.589052528142929077e-01 9.134397841989994049e-03 6.599991917610168457e-01 3.371373116970062256e-01 8.642541170120239258e-01 2.817537784576416016e-01 5.512634292244911194e-03 1.830919459462165833e-02 -2.383723855018615723e-03 1.548501700162887573e-01 1.012673694640398026e-02 4.832709133625030518e-01 3.966011404991149902e-01 9.342391490936279297e-01 1.778069585561752319e-01 3.136238083243370056e-04 2.811495214700698853e-04 -2.259134128689765930e-02 -4.055082798004150391e-03 9.923391044139862061e-04 -1.767282783985137939e-01 5.946382880210876465e-02 6.998503208160400391e-02 -1.039468199014663696e-01
1.111111119389533997e-01 2.222222238779067993e-01 8.549579419195652008e-03 3.700836375355720520e-02 1.601393371820449829e-01 2.248333841562271118e-01 1.759892702102661133e-02 6.787198185920715332e-01 3.383609056472778320e-01 8.704370260238647461e-01 2.862552404403686523e-01 8.863160386681556702e-03 3.613357618451118469e-02 1.195012778043746948e-01 1.885953545570373535e-01 1.932061836123466492e-02 5.253667235374450684e-01 3.432919383049011230e-01 8.456778526306152344e-01 2.317182123661041260e-01 3.135809674859046936e-04 -8.747875690460205078e-04 -4.063805937767028809e-02 -3.623802959918975830e-02 1.721691340208053589e-03 -1.533530950546264648e-01 4.931032657623291016e-03 -2.475917339324951172e-02 -5.453702807426452637e-02
2.222222238779067993e-01 2.222222238779067993e-01 1.606795378029346466e-02 4.001965001225471497e-02 1.532635986804962158e-01 2.366030812263488770e-01 2.077314071357250214e-02 6.851307749748229980e-01 3.352167010307312012e-01 8.646354675292968750e-01 2.896665334701538086e-01 1.608907617628574371e-02 3.941436111927032471e-02 1.126948595046997070e-01 2.005781680345535278e-01 2.183678373694419861e-02 5.189747214317321777e-01 3.480949103832244873e-01 8.534676432609558105e-01 2.259122580289840698e-01 2.112239599227905273e-05 -6.052888929843902588e-04 -4.056873917579650879e-02 -3.602491319179534912e-02 1.063643023371696472e-03 -1.661560535430908203e-01 1.287820935249328613e-02 -1.116782426834106445e-02 -6.375427544116973877e-02
3.333333432674407959e-01 2.222222238779067993e-01 2.164829708635807037e-02 4.188667237758636475e-02 1.330016851425170898e-01 2.344375848770141602e-01 2.123090066015720367e-02 6.828029751777648926e-01 3.313310146331787109e-01 8.555994629859924316e-01 2.911551296710968018e-01 2.165671624243259430e-02 4.124253988265991211e-02 9.326229244470596313e-02 2.002674043178558350e-01 2.148748561739921570e-02 5.091915130615234375e-01 3.523166775703430176e-01 8.588634729385375977e-01 2.188800126314163208e-01 8.419156074523925781e-06 -6.441324949264526367e-04 -3.973939269781112671e-02 -3.417018055915832520e-02 2.565849572420120239e-04 -1.736114621162414551e-01 2.098566293716430664e-02 3.264009952545166016e-03 -7.227511703968048096e-02
4.444444477558135986e-01 2.222222238779067993e-01 2.461753226816654205e-02 4.242497682571411133e-02 1.019695773720741272e-01 2.195290029048919678e-01 1.957229152321815491e-02 6.704893708229064941e-01 3.287535607814788818e-01 8.477110862731933594e-01 2.892805039882659912e-01 2.465854771435260773e-02 4.147481918334960938e-02 6.503512710332870483e-02 1.947086453437805176e-01 1.962182298302650452e-02 5.008755922317504883e-01 3.645315468311309814e-01 8.800885081291198730e-01 2.071499973535537720e-01 4.101544618606567383e-05 -9.501576423645019531e-04 -3.693445026874542236e-02 -2.482035756111145020e-02 4.953145980834960938e-05 -1.696137785911560059e-01 3.577798604965209961e-02 3.237742185592651367e-02 -8.213050663471221924e-02
5.555555820465087891e-01 2.222222238779067993e-01 2.461753226816654205e-02 4.174938052892684937e-02 6.389926373958587646e-02 1.954201012849807739e-01 1.638724841177463531e-02 6.411066055297851562e-01 3.288202583789825439e-01 8.424340486526489258e-01 2.809948027133941650e-01 2.460525743663311005e-02 4.066382348537445068e-02 3.113800287246704102e-02 1.786814033985137939e-01 1.705081388354301453e-02 4.777609705924987793e-01 3.694422543048858643e-01 8.811913728713989258e-01 1.925968527793884277e-01 -1.227483153343200684e-05 -1.085557043552398682e-03 -3.276126086711883545e-02 -1.673869788646697998e-02 6.635654717683792114e-04 -1.633456349372863770e-01 4.062199592590332031e-02 3.875732421875000000e-02 -8.839794993400573730e-02
6.666666865348815918e-01 2.222222238779067993e-01 2.164829522371292114e-02 4.017600417137145996e-02 2.741012349724769592e-02 1.707857847213745117e-01 1.198695413768291473e-02 6.092614531517028809e-01 3.315677940845489502e-01 8.419670462608337402e-01 2.696755230426788330e-01 2.156434580683708191e-02 3.950336948037147522e-02 -1.872714608907699585e-03 1.565398275852203369e-01 1.300510484725236893e-02 4.272632598876953125e-01 3.677718043327331543e-01 8.573298454284667969e-01 1.655731350183486938e-01 -8.394941687583923340e-05 -6.726346909999847412e-04 -2.928283810615539551e-02 -1.424595713615417480e-02 1.018150709569454193e-03 -1.819981932640075684e-01 3.620401024818420410e-02 1.536279916763305664e-02 -1.041023880243301392e-01
7.777777910232543945e-01 2.222222238779067993e-01 1.606794819235801697e-02 3.807435184717178345e-02 2.176783978939056396e-03 1.546825617551803589e-01 6.441341247409582138e-03 6.224513649940490723e-01 3.357439935207366943e-01 8.537335991859436035e-01 2.714055478572845459e-01 1.612011529505252838e-02 3.809402510523796082e-02 -2.344727516174316406e-02 1.438148617744445801e-01 6.671515293419361115e-03 4.130450487136840820e-01 3.750471472740173340e-01 8.637204766273498535e-01 1.514825373888015747e-01 5.216710269451141357e-05 1.967325806617736816e-05 -2.562405914068222046e-02 -1.086769998073577881e-02 2.301740460097789764e-04 -2.094063162803649902e-01 3.930315375328063965e-02 9.986877441406250000e-03 -1.199230104684829712e-01
8.888888955116271973e-01 2.222222238779067993e-01 8.549575693905353546e-03 3.573866188526153564e-02 -1.443383097648620605e-02 1.428913325071334839e-01 -1.595416542841121554e-04 6.499303579330444336e-01 3.394104242324829102e-01 8.672623634338378906e-01 2.776012122631072998e-01 9.179176762700080872e-03 3.600154444575309753e-02 -3.603044524788856506e-02 1.440194398164749146e-01 -2.696606330573558807e-03 4.347583949565887451e-01 4.016619026660919189e-01 9.212725758552551270e-01 1.468258649110794067e-01 6.296010687947273254e-04 2.628825604915618896e-04 -2.159661427140235901e-02 1.128107309341430664e-03 -2.537064719945192337e-03 -2.151719629764556885e-01 6.225147843360900879e-02 5.401021242141723633e-02 -1.307753473520278931e-01
1.111111119389533997e-01 3.333333432674407959e-01 9.873271919786930084e-03 5.598868429660797119e-02 1.754754185676574707e-01 2.310776114463806152e-01 1.698016747832298279e-02 6.830290555953979492e-01 3.194404244422912598e-01 8.290737271308898926e-01 2.976968288421630859e-01 1.069351471960544586e-02 5.507604777812957764e-02 1.314853131771087646e-01 1.950827240943908691e-01 1.944395527243614197e-02 5.259504914283752441e-01 3.369661569595336914e-01 8.330023288726806641e-01 2.360327094793319702e-01 8.202427998185157776e-04 -9.126365184783935547e-04 -4.399010539054870605e-02 -3.599488735198974609e-02 2.463787794113159180e-03 -1.570785641670227051e-01 1.752573251724243164e-02 3.928601741790771484e-03 -6.166411936283111572e-02
2.222222238779067993e-01 3.333333432674407959e-01 1.855568028986454010e-02 6.075897067785263062e-02 1.680027097463607788e-01 2.445410341024398804e-01 1.293124724179506302e-02 6.916645169258117676e-01 3.205935060977935791e-01 8.330686092376708984e-01 2.992599606513977051e-01 1.898577250540256500e-02 6.018257513642311096e-02 1.239653676748275757e-01 2.095160931348800659e-01 1.383952517062425613e-02 5.298898220062255859e-01 3.382861316204071045e-01 8.367876410484313965e-01 2.368045151233673096e-01 4.300922155380249023e-04 -5.763955414295196533e-04 -4.403734207153320312e-02 -3.502494096755981445e-02 9.082779288291931152e-04 -1.617746949195861816e-01 1.769262552261352539e-02 3.719031810760498047e-03 -6.245544552803039551e-02
3.333333432674407959e-01 3.333333432674407959e-01 2.500000223517417908e-02 6.347151100635528564e-02 1.437417119741439819e-01 2.403262406587600708e-01 6.981687620282173157e-03 6.883466839790344238e-01 3.201491236686706543e-01 8.315324783325195312e-01 2.986643314361572266e-01 2.515774406492710114e-02 6.280562281608581543e-02 1.016555726528167725e-01 2.073626667261123657e-01 5.367335863411426544e-03 5.206215977668762207e-01 3.408844172954559326e-01 8.394411802291870117e-01 2.312695682048797607e-01 1.577418297529220581e-04 -6.658881902694702148e-04 -4.208613932132720947e-02 -3.296357393264770508e-02 -1.614351756870746613e-03 -1.677250862121582031e-01 2.073529362678527832e-02 7.908701896667480469e-03 -6.739476323127746582e-02
4.444444477558135986e-01 3.333333432674407959e-01 2.842895314097404480e-02 6.389081478118896484e-02 1.052174940705299377e-01 2.194444239139556885e-01 9.852466173470020294e-04 6.672764420509338379e-01 3.204940855503082275e-01 8.287920951843261719e-01 2.929913103580474854e-01 2.837696112692356110e-02 6.292268633842468262e-02 6.708572804927825928e-02 1.949982047080993652e-01 -2.998019568622112274e-03 4.980676770210266113e-01 3.524659276008605957e-01 8.555767536163330078e-01 2.137013375759124756e-01 -5.199201405048370361e-05 -9.681284427642822266e-04 -3.813176602125167847e-02 -2.444621920585632324e-02 -3.983266185969114304e-03 -1.692087650299072266e-01 3.197184205055236816e-02 2.678465843200683594e-02 -7.928997278213500977e-02
5.555555820465087891e-01 3.333333432674407959e-01 2.842894941568374634e-02 6.237072870135307312e-02 5.445099622011184692e-02 1.841934621334075928e-01 -3.710692515596747398e-03 5.978924632072448730e-01 3.234179317951202393e-01 8.220330476760864258e-01 2.708525955677032471e-01 2.824922837316989899e-02 6.132817268371582031e-02 2.174429967999458313e-02 1.655611097812652588e-01 -7.428559474647045135e-03 4.189969599246978760e-01 3.566039204597473145e-01 8.333837389945983887e-01 1.685005128383636475e-01 -1.797210425138473511e-04 -1.042556017637252808e-03 -3.270669654011726379e-02 -1.863235235214233398e-02 -3.717866959050297737e-03 -1.788955032825469971e-01 3.318598866462707520e-02 1.135069131851196289e-02 -1.023520827293395996e-01
6.666666865348815918e-01 3.333333432674407959e-01 2.500000037252902985e-02 5.962250754237174988e-02 7.967282086610794067e-03 1.517322510480880737e-01 -6.607891991734504700e-03 5.153606534004211426e-01 3.290734589099884033e-01 8.139718174934387207e-01 2.367630600929260254e-01 2.485955692827701569e-02 5.898356065154075623e-02 -2.082268893718719482e-02 1.375647634267807007e-01 -7.931488566100597382e-03 3.141920864582061768e-01 3.640157878398895264e-01 7.878035306930541992e-01 8.210087567567825317e-02 -1.404434442520141602e-04 -6.389468908309936523e-04 -2.878997102379798889e-02 -1.416748762130737305e-02 -1.323596574366092682e-03 -2.011685669422149658e-01 3.494232892990112305e-02 -2.616828680038452148e-02 -1.546621918678283691e-01
7.777777910232543945e-01 3.333333432674407959e-01 1.855567470192909241e-02 5.638204142451286316e-02 -1.531005650758743286e-02 1.406071782112121582e-01 -8.009299635887145996e-03 5.608739852905273438e-01 3.359513282775878906e-01 8.401167392730712891e-01 2.503548562526702881e-01 1.871449314057826996e-02 5.637450888752937317e-02 -4.299687594175338745e-02 1.317340433597564697e-01 -1.035179477185010910e-02 3.117075264453887939e-01 3.849726915359497070e-01 8.181151151657104492e-01 6.256261467933654785e-02 1.588184386491775513e-04 -7.532536983489990234e-06 -2.768681943416595459e-02 -8.873134851455688477e-03 -2.342495135962963104e-03 -2.491664588451385498e-01 4.902136325836181641e-02 -2.200162410736083984e-02 -1.877922415733337402e-01
8.888888955116271973e-01 3.333333432674407959e-01 9.873267263174057007e-03 5.313185602426528931e-02 -2.971149981021881104e-02 1.345020532608032227e-01 -8.734902366995811462e-03 6.358060836791992188e-01 3.416403830051422119e-01 8.692317605018615723e-01 2.721444070339202881e-01 1.062594540417194366e-02 5.344292148947715759e-02 -5.574866384267807007e-02 1.393917649984359741e-01 -1.441400032490491867e-02 3.867636024951934814e-01 4.182224273681640625e-01 9.222468733787536621e-01 1.025794297456741333e-01 7.526781409978866577e-04 3.110654652118682861e-04 -2.603716403245925903e-02 4.889711737632751465e-03 -5.679097957909107208e-03 -2.490424811840057373e-01 7.658204436302185059e-02 5.301511287689208984e-02 -1.695649772882461548e-01
1.111111119389533997e-01 4.444444477558135986e-01 9.356226772069931030e-03 7.528643310070037842e-02 1.741465926170349121e-01 2.356242686510086060e-01 1.949526928365230560e-02 6.921546459197998047e-01 3.257948458194732666e-01 8.448314666748046875e-01 2.965696752071380615e-01 1.051386632025241852e-02 7.443086802959442139e-02 1.292845904827117920e-01 2.018509209156036377e-01 2.393823489546775818e-02 5.260226726531982422e-01 3.618033528327941895e-01 8.829714059829711914e-01 2.202365994453430176e-01 1.157639548182487488e-03 -8.555650711059570312e-04 -4.486200213432312012e-02 -3.377334773540496826e-02 4.442965611815452576e-03 -1.661319732666015625e-01 3.600850701332092285e-02 3.813993930816650391e-02 -7.633307576179504395e-02
2.222222238779067993e-01 4.444444477558135986e-01 1.758395321667194366e-02 8.198460936546325684e-02 1.687992513179779053e-01 2.498263120651245117e-01 8.009478449821472168e-03 7.019767165184020996e-01 3.180404305458068848e-01 8.289345502853393555e-01 3.031904101371765137e-01 1.826320029795169830e-02 8.155529201030731201e-02 1.235917806625366211e-01 2.174542397260665894e-01 8.777317591011524200e-03 5.441268086433410645e-01 3.452801406383514404e-01 8.549928069114685059e-01 2.381147146224975586e-01 6.792470812797546387e-04 -4.293173551559448242e-04 -4.520747065544128418e-02 -3.237207233905792236e-02 7.678391411900520325e-04 -1.578499078750610352e-01 2.723971009254455566e-02 2.605825662612915039e-02 -6.507569551467895508e-02
3.333333432674407959e-01 4.444444477558135986e-01 2.369079552590847015e-02 8.548400551080703735e-02 1.459837704896926880e-01 2.439892441034317017e-01 -4.369670525193214417e-03 6.983936429023742676e-01 3.119868338108062744e-01 8.146530389785766602e-01 3.055888712406158447e-01 2.379191853106021881e-02 8.497869968414306641e-02 1.016442254185676575e-01 2.143218666315078735e-01 -7.834943942725658417e-03 5.356369614601135254e-01 3.408779501914978027e-01 8.436650633811950684e-01 2.374885231256484985e-01 1.011230051517486572e-04 -5.053058266639709473e-04 -4.433954507112503052e-02 -2.966737747192382812e-02 -3.465273417532444000e-03 -1.627566814422607422e-01 2.889111638069152832e-02 2.901202440261840820e-02 -6.810034811496734619e-02
4.444444477558135986e-01 4.444444477558135986e-01 2.694017812609672546e-02 8.552554994821548462e-02 1.087772920727729797e-01 2.203150093555450439e-01 -1.457812078297138214e-02 6.791164278984069824e-01 3.088845014572143555e-01 8.046584129333496094e-01 3.025231659412384033e-01 2.656417526304721832e-02 8.474884927272796631e-02 6.550213694572448730e-02 1.976999044418334961e-01 -2.101952210068702698e-02 4.990403354167938232e-01 3.546618223190307617e-01 8.602061867713928223e-01 2.127132117748260498e-01 -3.760028630495071411e-04 -7.767006754875183105e-04 -4.327515512704849243e-02 -2.261510491371154785e-02 -6.441401317715644836e-03 -1.800760924816131592e-01 4.577732086181640625e-02 5.554777383804321289e-02 -8.980995416641235352e-02
5.555555820465087891e-01 4.444444477558135986e-01 2.694017626345157623e-02 8.282317221164703369e-02 6.188413500785827637e-02 1.858423054218292236e-01 -2.082047425210475922e-02 6.313620805740356445e-01 3.126539289951324463e-01 8.050701022148132324e-01 2.874779701232910156e-01 2.637499012053012848e-02 8.199051022529602051e-02 1.897369325160980225e-02 1.647009700536727905e-01 -2.797370031476020813e-02 4.058186411857604980e-01 3.648256957530975342e-01 8.421242237091064453e-01 1.541459113359451294e-01 -5.651861429214477539e-04 -8.326619863510131836e-04 -4.291044175624847412e-02 -2.114133536815643311e-02 -7.153226062655448914e-03 -2.255434393882751465e-01 5.217176675796508789e-02 3.705412149429321289e-02 -1.333320587873458862e-01
6.666666865348815918e-01 4.444444477558135986e-01 2.369079366326332092e-02 7.864134013652801514e-02 1.822815090417861938e-02 1.551354378461837769e-01 -2.253338508307933807e-02 5.789321064949035645e-01 3.225668668746948242e-01 8.161254525184631348e-01 2.650485634803771973e-01 2.330690063536167145e-02 7.814332842826843262e-02 -2.273441851139068604e-02 1.384717524051666260e-01 -2.673380449414253235e-02 3.012306094169616699e-01 3.833834528923034668e-01 8.075529932975769043e-01 5.319227278232574463e-02 -3.838930279016494751e-04 -4.980117082595825195e-04 -4.096256941556930542e-02 -1.666368544101715088e-02 -4.200419411063194275e-03 -2.777014970779418945e-01 6.081658601760864258e-02 -8.572459220886230469e-03 -2.118562906980514526e-01
7.777777910232543945e-01 4.444444477558135986e-01 1.758394762873649597e-02 7.420340180397033691e-02 -9.247064590454101562e-03 1.410590857267379761e-01 -2.025571092963218689e-02 6.016888618469238281e-01 3.354475498199462891e-01 8.486351370811462402e-01 2.649296820163726807e-01 1.767903380095958710e-02 7.424058020114898682e-02 -4.696880280971527100e-02 1.351641863584518433e-01 -2.455191686749458313e-02 2.960831522941589355e-01 4.137272536754608154e-01 8.467733263969421387e-01 2.334717288613319397e-02 9.508617222309112549e-05 3.717839717864990234e-05 -3.772173821926116943e-02 -5.894899368286132812e-03 -4.296205937862396240e-03 -3.056057095527648926e-01 7.827970385551452637e-02 -1.861810684204101562e-03 -2.415825128555297852e-01
8.888888955116271973e-01 4.444444477558135986e-01 9.356222115457057953e-03 7.020761817693710327e-02 -2.641450613737106323e-02 1.355322897434234619e-01 -1.568151824176311493e-02 6.472718119621276855e-01 3.475084304809570312e-01 8.842749595642089844e-01 2.723071575164794922e-01 1.001308672130107880e-02 7.059353590011596680e-02 -6.100675463676452637e-02 1.439476460218429565e-01 -2.353559061884880066e-02 3.750688135623931885e-01 4.478479921817779541e-01 9.610375761985778809e-01 7.295058667659759521e-02 6.568646058440208435e-04 3.859177231788635254e-04 -3.459224849939346313e-02 8.415356278419494629e-03 -7.854072377085685730e-03 -2.722029983997344971e-01 1.003395617008209229e-01 7.676261663436889648e-02 -1.993565708398818970e-01
1.111111119389533997e-01 5.555555820465087891e-01 7.484979461878538132e-03 9.490160644054412842e-02 1.968583166599273682e-01 2.933504283428192139e-01 3.163376078009605408e-02 8.685744404792785645e-01 4.256051778793334961e-01 1.097547769546508789e+00 2.893967032432556152e-01 8.558595553040504456e-03 9.416508674621582031e-02 1.486719846725463867e-01 2.640956640243530273e-01 3.864180669188499451e-02 6.804599761962890625e-01 4.937813878059387207e-01 1.192818164825439453e+00 2.078402638435363770e-01 1.073616091161966324e-03 -7.365196943283081055e-04 -4.818633198738098145e-02 -2.925476431846618652e-02 7.008045911788940430e-03 -1.881144642829895020e-01 6.817620992660522461e-02 9.527039527893066406e-02 -8.155643939971923828e-02
2.222222238779067993e-01 5.555555820465087891e-01 1.406716089695692062e-02 1.036965698003768921e-01 1.937155425548553467e-01 3.167869150638580322e-01 8.819379843771457672e-03 8.783982992172241211e-01 4.245930016040802002e-01 1.097022533416748047e+00 2.918517589569091797e-01 1.478126086294651031e-02 1.034822463989257812e-01 1.435323655605316162e-01 2.880610227584838867e-01 9.933230467140674591e-03 7.064334750175476074e-01 4.719266295433044434e-01 1.157931208610534668e+00 2.268128395080566406e-01 7.140999659895896912e-04 -2.143234014511108398e-04 -5.018317699432373047e-02 -2.872589230537414551e-02 1.113850623369216919e-03 -1.719648241996765137e-01 4.733362793922424316e-02 6.090867519378662109e-02 -6.503891944885253906e-02
3.333333432674407959e-01 5.555555820465087891e-01 1.895263418555259705e-02 1.079241782426834106e-01 1.704490035772323608e-01 3.135376274585723877e-01 -1.588157005608081818e-02 8.749706149101257324e-01 4.220660030841827393e-01 1.090804815292358398e+00 2.922206819057464600e-01 1.904214359819889069e-02 1.076953858137130737e-01 1.208951845765113831e-01 2.874095737934112549e-01 -1.925751939415931702e-02 7.033103108406066895e-01 4.650389850139617920e-01 1.143159151077270508e+00 2.291003316640853882e-01 8.950941264629364014e-05 -2.287924289703369141e-04 -4.955381900072097778e-02 -2.612805366516113281e-02 -3.375949338078498840e-03 -1.716603040695190430e-01 4.297298192977905273e-02 5.235433578491210938e-02 -6.312035024166107178e-02
4.444444477558135986e-01 5.555555820465087891e-01 2.155214175581932068e-02 1.073291972279548645e-01 1.333785653114318848e-01 2.815499007701873779e-01 -3.393103182315826416e-02 8.595285415649414062e-01 4.003461897373199463e-01 1.039627909660339355e+00 2.984111905097961426e-01 2.110453881323337555e-02 1.068594008684158325e-01 8.539056777954101562e-02 2.599922418594360352e-01 -4.000497236847877502e-02 6.659929752349853516e-01 4.554609358310699463e-01 1.112724900245666504e+00 2.215373367071151733e-01 -4.476029425859451294e-04 -4.697963595390319824e-04 -4.798799753189086914e-02 -2.155765891075134277e-02 -6.073940545320510864e-03 -1.935355663299560547e-01 5.511474609375000000e-02 7.309699058532714844e-02 -7.687385380268096924e-02
5.555555820465087891e-01 5.555555820465087891e-01 2.155213989317417145e-02 1.031067222356796265e-01 8.897254616022109985e-02 2.394276857376098633e-01 -4.232584685087203979e-02 8.372817039489746094e-01 3.883102238178253174e-01 1.008954763412475586e+00 2.991606593132019043e-01 2.090769447386264801e-02 1.025438904762268066e-01 4.334029555320739746e-02 2.175892740488052368e-01 -4.898442700505256653e-02 5.977535843849182129e-01 4.430200457572937012e-01 1.065765619277954102e+00 2.028414011001586914e-01 -6.444454193115234375e-04 -5.628317594528198242e-04 -4.563225060701370239e-02 -2.183841168880462646e-02 -6.658580154180526733e-03 -2.395281195640563965e-01 5.470982193946838379e-02 5.681085586547851562e-02 -9.631925821304321289e-02
6.666666865348815918e-01 5.555555820465087891e-01 1.895263232290744781e-02 9.723251312971115112e-02 4.707835614681243896e-02 2.011566609144210815e-01 -4.143312573432922363e-02 8.187743425369262695e-01 3.856348693370819092e-01 9.999201893806457520e-01 2.964599132537841797e-01 1.851026155054569244e-02 9.690031409263610840e-02 4.032760858535766602e-03 1.829837411642074585e-01 -4.792589321732521057e-02 5.234692096710205078e-01 4.515597522258758545e-01 1.052142858505249023e+00 1.650096178054809570e-01 -4.423707723617553711e-04 -3.321990370750427246e-04 -4.304559528827667236e-02 -1.817291975021362305e-02 -6.492767482995986938e-03 -2.953051328659057617e-01 6.592488288879394531e-02 5.222266912460327148e-02 -1.314502954483032227e-01
7.777777910232543945e-01 5.555555820465087891e-01 1.406715530902147293e-02 9.153844416141510010e-02 1.599524915218353271e-02 1.755046993494033813e-01 -3.328879177570343018e-02 8.177821636199951172e-01 3.862319588661193848e-01 1.001093149185180664e+00 2.959739565849304199e-01 1.406376250088214874e-02 9.164525568485260010e-02 -2.309675514698028564e-02 1.723812669515609741e-01 -4.126213863492012024e-02 5.270625948905944824e-01 4.806413650512695312e-01 1.105791330337524414e+00 1.503289043903350830e-01 -3.392808139324188232e-06 1.068115234375000000e-04 -3.909200429916381836e-02 -3.123432397842407227e-03 -7.973346859216690063e-03 -2.907195687294006348e-01 9.440940618515014648e-02 1.046981811523437500e-01 -1.456450521945953369e-01
8.888888955116271973e-01 5.555555820465087891e-01 7.484976202249526978e-03 8.696596324443817139e-02 -1.536905765533447266e-03 1.643528044223785400e-01 -2.204570733010768890e-02 8.309124708175659180e-01 3.875875174999237061e-01 1.006296873092651367e+00 2.981542646884918213e-01 7.818505167961120605e-03 8.741927146911621094e-02 -3.763662278652191162e-02 1.747854053974151611e-01 -3.229774907231330872e-02 6.030628681182861328e-01 4.996440112590789795e-01 1.174554824829101562e+00 1.753917932510375977e-01 3.335289657115936279e-04 4.533082246780395508e-04 -3.609971702098846436e-02 1.043260097503662109e-02 -1.025204174220561981e-02 -2.278496026992797852e-01 1.120564937591552734e-01 1.682579517364501953e-01 -1.227624714374542236e-01
1.111111119389533997e-01 6.666666865348815918e-01 4.936635494232177734e-03 1.148342117667198181e-01 1.977649331092834473e-01 3.202438354492187500e-01 4.330871626734733582e-02 1.011513113975524902e+00 4.430852234363555908e-01 1.159894824028015137e+00 3.088845312595367432e-01 5.590671673417091370e-03 1.142295747995376587e-01 1.452414393424987793e-01 3.001608848571777344e-01 5.749338492751121521e-02 7.860400080680847168e-01 5.657493472099304199e-01 1.368841767311096191e+00 2.097599357366561890e-01 6.540361791849136353e-04 -6.046369671821594238e-04 -5.252349376678466797e-02 -2.008295059204101562e-02 1.418466866016387939e-02 -2.254731059074401855e-01 1.226641237735748291e-01 2.089469432830810547e-01 -9.912459552288055420e-02
2.222222238779067993e-01 6.666666865348815918e-01 9.277840144932270050e-03 1.258948594331741333e-01 2.003410160541534424e-01 3.561111688613891602e-01 1.360484957695007324e-02 1.020152211189270020e+00 4.657174050807952881e-01 1.212624073028564453e+00 3.018883764743804932e-01 9.938949719071388245e-03 1.258755922317504883e-01 1.419950276613235474e-01 3.332639932632446289e-01 1.642047986388206482e-02 8.153718709945678711e-01 5.583996176719665527e-01 1.363857388496398926e+00 2.212197631597518921e-01 6.611095741391181946e-04 -1.926720142364501953e-05 -5.834598839282989502e-02 -2.284717559814453125e-02 2.815630286931991577e-03 -2.047803401947021484e-01 9.268221259117126465e-02 1.512333154678344727e-01 -8.066861331462860107e-02
3.333333432674407959e-01 6.666666865348815918e-01 1.250000018626451492e-02 1.307920217514038086e-01 1.814370900392532349e-01 3.623705804347991943e-01 -2.258942835032939911e-02 1.017151594161987305e+00 4.888442158699035645e-01 1.264033913612365723e+00 2.928800880908966064e-01 1.279912330210208893e-02 1.308451145887374878e-01 1.221337020397186279e-01 3.401217162609100342e-01 -2.624208107590675354e-02 8.137578368186950684e-01 5.680829286575317383e-01 1.382533907890319824e+00 2.168416380882263184e-01 2.991231158375740051e-04 5.309283733367919922e-05 -5.930338799953460693e-02 -2.224886417388916016e-02 -3.652652725577354431e-03 -2.033937573432922363e-01 7.923871278762817383e-02 1.184999942779541016e-01 -7.603845000267028809e-02
4.444444477558135986e-01 6.666666865348815918e-01 1.421447470784187317e-02 1.293017268180847168e-01 1.529332250356674194e-01 3.227280974388122559e-01 -4.736566543579101562e-02 1.003909587860107422e+00 4.453314244747161865e-01 1.163894295692443848e+00 3.067730665206909180e-01 1.414091326296329498e-02 1.291341185569763184e-01 9.548562765121459961e-02 3.028873205184936523e-01 -5.667698755860328674e-02 7.816613316535949707e-01 5.293797850608825684e-01 1.295647144317626953e+00 2.237407118082046509e-01 -7.356144487857818604e-05 -1.676082611083984375e-04 -5.744759738445281982e-02 -1.984077692031860352e-02 -9.311322122812271118e-03 -2.222482562065124512e-01 8.404836058616638184e-02 1.317528486251831055e-01 -8.303235471248626709e-02
5.555555820465087891e-01 6.666666865348815918e-01 1.421447470784187317e-02 1.232213601469993591e-01 1.144358813762664795e-01 2.746795415878295898e-01 -5.768366158008575439e-02 9.865901470184326172e-01 4.258495569229125977e-01 1.116856217384338379e+00 3.113272190093994141e-01 1.398179866373538971e-02 1.228868067264556885e-01 6.184186041355133057e-02 2.520988881587982178e-01 -6.871905922889709473e-02 7.258180975914001465e-01 5.043772459030151367e-01 1.228554248809814453e+00 2.178920954465866089e-01 -2.326760441064834595e-04 -3.345534205436706543e-04 -5.259402096271514893e-02 -2.258065342903137207e-02 -1.103539764881134033e-02 -2.607720494270324707e-01 7.852768898010253906e-02 1.116980314254760742e-01 -9.343512356281280518e-02
6.666666865348815918e-01 6.666666865348815918e-01 1.249999832361936569e-02 1.153960153460502625e-01 7.625566422939300537e-02 2.336207181215286255e-01 -5.551856011152267456e-02 9.732995033264160156e-01 4.271129071712493896e-01 1.117826700210571289e+00 3.085846602916717529e-01 1.235220767557621002e-02 1.151950657367706299e-01 2.906353771686553955e-02 2.155017852783203125e-01 -6.676223874092102051e-02 6.833942532539367676e-01 5.121434330940246582e-01 1.229337215423583984e+00 2.001883983612060547e-01 -1.477906480431556702e-04 -2.009496092796325684e-04 -4.719212651252746582e-02 -1.811893284320831299e-02 -1.124367862939834595e-02 -2.899052500724792480e-01 8.503052592277526855e-02 1.115105152130126953e-01 -1.083962619304656982e-01
7.777777910232543945e-01 6.666666865348815918e-01 9.277836419641971588e-03 1.083871573209762573e-01 4.844866320490837097e-02 2.071126997470855713e-01 -4.270091280341148376e-02 9.703375697135925293e-01 4.307163655757904053e-01 1.125603675842285156e+00 3.066645860671997070e-01 9.291784837841987610e-03 1.085587292909622192e-01 6.004139780998229980e-03 2.051536142826080322e-01 -5.479918792843818665e-02 7.129005789756774902e-01 5.449505448341369629e-01 1.302873730659484863e+00 1.954054683446884155e-01 1.394841820001602173e-05 1.715719699859619141e-04 -4.244452342391014099e-02 -1.959085464477539062e-03 -1.209827512502670288e-02 -2.574369907379150391e-01 1.142341792583465576e-01 1.772700548171997070e-01 -1.112591177225112915e-01
8.888888955116271973e-01 6.666666865348815918e-01 4.936633165925741196e-03 1.034068763256072998e-01 3.489273041486740112e-02 1.985883116722106934e-01 -2.583448775112628937e-02 9.790291190147399902e-01 4.327132999897003174e-01 1.131446838378906250e+00 3.073862493038177490e-01 4.867838695645332336e-03 1.038878411054611206e-01 -5.314297974109649658e-03 2.073088437318801880e-01 -3.691897168755531311e-02 8.005754351615905762e-01 5.556301474571228027e-01 1.353713989257812500e+00 2.181789726018905640e-01 -6.879447028040885925e-05 4.809647798538208008e-04 -4.020702838897705078e-02 8.720532059669494629e-03 -1.108448393642902374e-02 -1.784536838531494141e-01 1.229168474674224854e-01 2.222671508789062500e-01 -8.920727670192718506e-02
1.111111119389533997e-01 7.777777910232543945e-01 2.442736178636550903e-03 1.350842267274856567e-01 1.655221432447433472e-01 3.092311918735504150e-01 5.742374435067176819e-02 1.011966705322265625e+00 4.419253170490264893e-01 1.157310366630554199e+00 3.093958497047424316e-01 2.666139975190162659e-03 1.345565021038055420e-01 1.111594513058662415e-01 3.041128218173980713e-01 8.175379037857055664e-02 7.721585631370544434e-01 6.178196072578430176e-01 1.463210821151733398e+00 1.841730922460556030e-01 2.234037965536117554e-04 -5.277246236801147461e-04 -5.436269193887710571e-02 -5.118370056152343750e-03 2.433004602789878845e-02 -2.398081421852111816e-01 1.758942902088165283e-01 3.059004545211791992e-01 -1.252227574586868286e-01
2.222222238779067993e-01 7.777777910232543945e-01 4.590842407196760178e-03 1.485794633626937866e-01 1.743043512105941772e-01 3.503247797489166260e-01 2.336815744638442993e-02 1.018378853797912598e+00 4.652641415596008301e-01 1.211321353912353516e+00 3.017566204071044922e-01 5.235040560364723206e-03 1.486072391271591187e-01 1.113933473825454712e-01 3.386740684509277344e-01 3.116207942366600037e-02 7.987917065620422363e-01 6.043484807014465332e-01 1.447896480560302734e+00 1.978986412286758423e-01 6.441981531679630280e-04 2.777576446533203125e-05 -6.291100382804870605e-02 -1.165071129798889160e-02 7.793921977281570435e-03 -2.195871472358703613e-01 1.390843391418457031e-01 2.365751266479492188e-01 -1.038579791784286499e-01
3.333333432674407959e-01 7.777777910232543945e-01 6.185225211083889008e-03 1.540875136852264404e-01 1.646952480077743530e-01 3.607938587665557861e-01 -1.963832601904869080e-02 1.016152024269104004e+00 4.893527328968048096e-01 1.264995217323303223e+00 2.925187349319458008e-01 6.829658523201942444e-03 1.542723178863525391e-01 9.914655983448028564e-02 3.449447751045227051e-01 -2.348518744111061096e-02 7.921441793441772461e-01 6.091092228889465332e-01 1.454517126083374023e+00 1.939705014228820801e-01 6.444333121180534363e-04 1.848042011260986328e-04 -6.554868817329406738e-02 -1.584908366203308105e-02 -3.846861422061920166e-03 -2.240078449249267578e-01 1.197564899921417236e-01 1.895219087600708008e-01 -9.854823350906372070e-02
4.444444477558135986e-01 7.777777910232543945e-01 7.033578585833311081e-03 1.514431536197662354e-01 1.477824300527572632e-01 3.235862851142883301e-01 -5.039503425359725952e-02 1.006327986717224121e+00 4.481666982173919678e-01 1.170708894729614258e+00 3.061087727546691895e-01 7.541621103882789612e-03 1.514317840337753296e-01 8.481507003307342529e-02 3.085991740226745605e-01 -6.274232268333435059e-02 7.741076350212097168e-01 5.658062100410461426e-01 1.364881634712219238e+00 2.061387151479721069e-01 5.080425180494785309e-04 -1.136958599090576172e-05 -6.296736001968383789e-02 -1.498711109161376953e-02 -1.234728842973709106e-02 -2.322203516960144043e-01 1.176395118236541748e-01 1.941727399826049805e-01 -9.997005760669708252e-02
5.555555820465087891e-01 7.777777910232543945e-01 7.033577654510736465e-03 1.431671082973480225e-01 1.202568635344505310e-01 2.772948145866394043e-01 -6.293251365423202515e-02 9.935035109519958496e-01 4.298925399780273438e-01 1.127109527587890625e+00 3.109200596809387207e-01 7.429847493767738342e-03 1.429283618927001953e-01 6.004680693149566650e-02 2.545842528343200684e-01 -7.790032029151916504e-02 7.180888056755065918e-01 5.328817963600158691e-01 1.281621932983398438e+00 2.025386691093444824e-01 3.962698392570018768e-04 -2.387464046478271484e-04 -6.021005660295486450e-02 -2.271056175231933594e-02 -1.496780663728713989e-02 -2.754147052764892578e-01 1.029892563819885254e-01 1.545124053955078125e-01 -1.083813905715942383e-01
6.666666865348815918e-01 7.777777910232543945e-01 6.185224745422601700e-03 1.331318467855453491e-01 9.227018058300018311e-02 2.380437552928924561e-01 -5.949009954929351807e-02 9.836792945861816406e-01 4.314952790737152100e-01 1.129353761672973633e+00 3.086514174938201904e-01 6.507674232125282288e-03 1.329902410507202148e-01 3.459875285625457764e-02 2.197785228490829468e-01 -7.460500299930572510e-02 6.793871521949768066e-01 5.474077463150024414e-01 1.294537305831909180e+00 1.824252009391784668e-01 3.224494867026805878e-04 -1.416057348251342773e-04 -5.767142772674560547e-02 -1.826523244380950928e-02 -1.511490345001220703e-02 -3.042921423912048340e-01 1.159124672412872314e-01 1.651835441589355469e-01 -1.262262165546417236e-01
7.777777910232543945e-01 7.777777910232543945e-01 4.590841010212898254e-03 1.247495487332344055e-01 7.339872419834136963e-02 2.147665023803710938e-01 -4.335199296474456787e-02 9.814524650573730469e-01 4.356179833412170410e-01 1.138424038887023926e+00 3.066770136356353760e-01 4.750752821564674377e-03 1.249640583992004395e-01 1.760341227054595947e-02 2.117217928171157837e-01 -5.794923380017280579e-02 7.078124880790710449e-01 5.898962616920471191e-01 1.384947061538696289e+00 1.738903224468231201e-01 1.599118113517761230e-04 2.145096659660339355e-04 -5.579531192779541016e-02 -3.044709563255310059e-03 -1.459724083542823792e-02 -2.736399769783020020e-01 1.542782783508300781e-01 2.465230226516723633e-01 -1.327866911888122559e-01
8.888888955116271973e-01 7.777777910232543945e-01 2.442735247313976288e-03 1.195303574204444885e-01 6.669191271066665649e-02 2.114276736974716187e-01 -2.360690571367740631e-02 9.878647923469543457e-01 4.392125904560089111e-01 1.147565484046936035e+00 3.063896000385284424e-01 2.117650583386421204e-03 1.199662089347839355e-01 1.097236573696136475e-02 2.150334417819976807e-01 -3.430840000510215759e-02 7.718983292579650879e-01 6.005392074584960938e-01 1.430611133575439453e+00 1.911054700613021851e-01 -3.250846639275550842e-04 4.358515143394470215e-04 -5.571954697370529175e-02 3.605768084526062012e-03 -1.070149429142475128e-02 -2.159664630889892578e-01 1.613266170024871826e-01 2.830456495285034180e-01 -1.152841299772262573e-01
1.111111119389533997e-01 8.888888955116271973e-01 6.498763104900717735e-04 1.556516736745834351e-01 1.421992927789688110e-01 3.006437122821807861e-01 7.424833625555038452e-02 1.006410717964172363e+00 4.378705918788909912e-01 1.147231936454772949e+00 3.100126385688781738e-01 7.643047720193862915e-04 1.550589501857757568e-01 9.833638370037078857e-02 3.132935762405395508e-01 1.080665290355682373e-01 8.292281031608581543e-01 6.238200068473815918e-01 1.496254205703735352e+00 1.992676407098770142e-01 1.144284615293145180e-04 -5.927234888076782227e-04 -4.386290907859802246e-02 1.264986395835876465e-02 3.381819278001785278e-02 -1.771826148033142090e-01 1.859494149684906006e-01 3.490222692489624023e-01 -1.107449978590011597e-01
2.222222238779067993e-01 8.888888955116271973e-01 1.221367856487631798e-03 1.717504113912582397e-01 1.578019708395004272e-01 3.406964838504791260e-01 3.605251386761665344e-02 1.009822607040405273e+00 4.435868859291076660e-01 1.160792708396911621e+00 3.084163963794708252e-01 1.887375488877296448e-03 1.715106517076492310e-01 1.070706695318222046e-01 3.459398150444030762e-01 5.084412917494773865e-02 8.556002378463745117e-01 6.001014113426208496e-01 1.459161758422851562e+00 2.157625555992126465e-01 6.660076323896646500e-04 -2.397596836090087891e-04 -5.073130130767822266e-02 5.243331193923950195e-03 1.479161530733108521e-02 -1.542223691940307617e-01 1.565145254135131836e-01 2.983690500259399414e-01 -9.265384078025817871e-02
3.333333432674407959e-01 8.888888955116271973e-01 1.645544543862342834e-03 1.778106987476348877e-01 1.575502306222915649e-01 3.484951555728912354e-01 -1.024960912764072418e-02 1.008637666702270508e+00 4.493914842605590820e-01 1.173842072486877441e+00 3.060350418090820312e-01 2.476299181580543518e-03 1.777829229831695557e-01 1.034535020589828491e-01 3.448404371738433838e-01 -1.409420650452375412e-02 8.470206260681152344e-01 5.827222466468811035e-01 1.422057271003723145e+00 2.201844602823257446e-01 8.307546377182006836e-04 -2.777576446533203125e-05 -5.409672856330871582e-02 -3.654718399047851562e-03 -3.844597376883029938e-03 -1.616170406341552734e-01 1.333307623863220215e-01 2.482151985168457031e-01 -8.585058152675628662e-02
4.444444477558135986e-01 8.888888955116271973e-01 1.871244283393025398e-03 1.737534850835800171e-01 1.451618671417236328e-01 3.204237520694732666e-01 -4.671724140644073486e-02 1.003410339355468750e+00 4.370261728763580322e-01 1.144866466522216797e+00 3.098374307155609131e-01 2.687418833374977112e-03 1.735979914665222168e-01 9.175486862659454346e-02 3.100374937057495117e-01 -6.065598502755165100e-02 8.223310708999633789e-01 5.495239496231079102e-01 1.348248839378356934e+00 2.267425209283828735e-01 8.161745499819517136e-04 -1.554936170578002930e-04 -5.340699851512908936e-02 -1.038625836372375488e-02 -1.393874362111091614e-02 -1.810792684555053711e-01 1.124977767467498779e-01 2.033823728561401367e-01 -8.309490978717803955e-02
5.555555820465087891e-01 8.888888955116271973e-01 1.871244050562381744e-03 1.629439592361450195e-01 1.239729300141334534e-01 2.779396772384643555e-01 -6.291540712118148804e-02 9.965866804122924805e-01 4.318402409553527832e-01 1.132013082504272461e+00 3.106849789619445801e-01 2.606773748993873596e-03 1.625911593437194824e-01 6.964534521102905273e-02 2.551648616790771484e-01 -7.802438735961914062e-02 7.579185962677001953e-01 5.251036286354064941e-01 1.279761433601379395e+00 2.185798585414886475e-01 7.355296984314918518e-04 -3.527998924255371094e-04 -5.432758480310440063e-02 -2.277481555938720703e-02 -1.510898023843765259e-02 -2.386680841445922852e-01 9.326338768005371094e-02 1.477483510971069336e-01 -9.210512042045593262e-02
6.666666865348815918e-01 8.888888955116271973e-01 1.645544311031699181e-03 1.504400074481964111e-01 1.034293621778488159e-01 2.392389923334121704e-01 -5.823873355984687805e-02 9.913594126701354980e-01 4.329733848571777344e-01 1.133851408958435059e+00 3.093776702880859375e-01 2.244466915726661682e-03 1.502668559551239014e-01 4.713803529739379883e-02 2.207112759351730347e-01 -7.362914085388183594e-02 7.126014828681945801e-01 5.503540635108947754e-01 1.313035726547241211e+00 1.929008960723876953e-01 5.989226046949625015e-04 -1.731514930725097656e-04 -5.629132688045501709e-02 -1.852771639823913574e-02 -1.539040729403495789e-02 -2.787579298019409180e-01 1.173806786537170410e-01 1.791843175888061523e-01 -1.164767742156982422e-01
7.777777910232543945e-01 8.888888955116271973e-01 1.221367507241666317e-03 1.406256109476089478e-01 9.131317585706710815e-02 2.177510559558868408e-01 -3.910619020462036133e-02 9.901744723320007324e-01 4.351855814456939697e-01 1.138731122016906738e+00 3.083282113075256348e-01 1.545468345284461975e-03 1.408526152372360229e-01 3.343871235847473145e-02 2.119594812393188477e-01 -5.355136469006538391e-02 7.179703712463378906e-01 6.026890873908996582e-01 1.412760615348815918e+00 1.720476150512695312e-01 3.241008380427956581e-04 2.270042896270751953e-04 -5.787446349859237671e-02 -5.791574716567993164e-03 -1.444517448544502258e-02 -2.722041010856628418e-01 1.675035059452056885e-01 2.740294933319091797e-01 -1.362805962562561035e-01
8.888888955116271973e-01 8.888888955116271973e-01 6.498760194517672062e-04 1.353364288806915283e-01 9.004023671150207520e-02 2.180640250444412231e-01 -1.764380745589733124e-02 9.935863614082336426e-01 4.371336996555328369e-01 1.143678426742553711e+00 3.081564903259277344e-01 4.097912460565567017e-04 1.356195509433746338e-01 3.026688098907470703e-02 2.135465443134307861e-01 -2.614035084843635559e-02 7.506179213523864746e-01 6.099531054496765137e-01 1.439850926399230957e+00 1.802964955568313599e-01 -2.400847733952105045e-04 2.831220626831054688e-04 -5.977335572242736816e-02 -4.517480731010437012e-03 -8.496543392539024353e-03 -2.429684400558471680e-01 1.728194057941436768e-01 2.961724996566772461e-01 -1.278599947690963745e-01
