# step train_loss_terms
1.000000000000000000e+03 9.217684855684638023e-04 2.620302140712738037e-03 1.576708746142685413e-04 2.497018722351640463e-04 4.967637360095977783e-04 1.106968466046964750e-05 1.499029167462140322e-05 1.337379217147827148e-06 6.623044464504346251e-05 4.289213393349200487e-05
2.000000000000000000e+03 7.972324965521693230e-04 6.790002225898206234e-04 1.486203254899010062e-04 1.830238907132297754e-04 1.175695942947641015e-04 1.375772990286350250e-05 6.457431481976527721e-06 2.435257329125306569e-06 6.059370571165345609e-05 2.580994078016374260e-05
3.000000000000000000e+03 6.954761338420212269e-04 5.041393451392650604e-04 6.535571446875110269e-05 1.410746917827054858e-04 3.106870644842274487e-05 1.299203449889319018e-05 7.282885690074181184e-06 4.865306436840910465e-06 4.025784073746763170e-05 1.404293561790836975e-05
4.000000000000000000e+03 6.419240962713956833e-04 4.294046666473150253e-04 2.671487345651257783e-05 1.188307287520729005e-04 1.751418676576577127e-05 7.976281267474405468e-06 8.723623068362940103e-06 6.306091563601512462e-06 2.615351513668429106e-05 8.399783837376162410e-06
5.000000000000000000e+03 5.932986969128251076e-04 3.775805525947362185e-04 2.099018092849291861e-05 1.058958514477126300e-04 1.332488864136394113e-05 1.980866500161937438e-06 7.982122951943892986e-06 5.922639502387028188e-06 1.701339351711794734e-05 8.853254257701337337e-06
6.000000000000000000e+03 5.156018305569887161e-04 3.234516480006277561e-04 2.084983134409412742e-05 9.182312351185828447e-05 1.272149347641970962e-05 8.346987669938243926e-07 6.633925750065827742e-06 5.174123543838504702e-06 9.838472578849177808e-06 9.857713848759885877e-06
7.000000000000000000e+03 4.408660170156508684e-04 3.578934120014309883e-04 2.500146911188494414e-05 8.549810445401817560e-05 2.656184733496047556e-05 9.215113436766841915e-07 5.209724804444704205e-06 5.820726983074564487e-06 1.236509979207767174e-05 1.286518727283691987e-05
8.000000000000000000e+03 3.638977359514683485e-04 2.403537073405459523e-04 1.215411157318158075e-05 5.379542562877759337e-05 1.984673872357234359e-05 2.232184215245069936e-06 3.928245405404595658e-06 4.580399945552926511e-06 7.710079444223083556e-06 1.009301831800257787e-05
9.000000000000000000e+03 3.128182725049555302e-04 1.899754861369729042e-04 1.033830722008133307e-05 4.432879723026417196e-05 1.363804494758369401e-05 2.101222435157978907e-06 1.229760869136953261e-06 1.394338710269948933e-06 3.565873612387804314e-06 9.508468792773783207e-06
1.000000000000000000e+04 4.028014373034238815e-04 2.117711701430380344e-04 5.575462710112333298e-04 5.904366262257099152e-04 4.105096377315931022e-05 4.174396963207982481e-05 9.292997674492653459e-06 1.944147516041994095e-05 4.872950012213550508e-05 2.391219823039136827e-05
1.100000000000000000e+04 2.045014116447418928e-04 2.466796431690454483e-04 1.068117580871330574e-05 3.632835432654246688e-05 1.219411387864965945e-05 2.054664264505845495e-06 5.394948857428971678e-06 1.596697075001429766e-06 9.909482287184800953e-06 1.068720666808076203e-05
1.200000000000000000e+04 1.547131541883572936e-04 1.550425222376361489e-04 9.225178473570849746e-06 2.258479798911139369e-05 6.813617801526561379e-06 1.045510771291446872e-06 1.452167680326965638e-06 4.268040640909021022e-07 1.549828766655991785e-06 7.983366231201216578e-06
1.300000000000000000e+04 1.295225811190903187e-04 1.537813950562849641e-04 3.426017792662605643e-05 4.820618778467178345e-05 7.540902515756897628e-06 2.860479753508116119e-06 2.535009798521059565e-06 1.308841433456109371e-06 2.460594942021998577e-06 7.990207450347952545e-06
1.400000000000000000e+04 1.962427777471020818e-04 1.451267889933660626e-04 1.515779240435222164e-05 1.577692455612123013e-05 7.682012437726370990e-06 2.446566668368177488e-06 1.775615487531467807e-06 2.294384103151969612e-06 6.805347538829664700e-07 7.597193871333729476e-06
1.500000000000000000e+04 9.411801875103265047e-05 1.361064787488430738e-04 1.415631595591548830e-05 2.019697603827808052e-05 5.159176453162217513e-06 7.326486297642986756e-07 1.484894369241374079e-06 3.434843165450729430e-07 8.844701824273215607e-07 4.988006367057096213e-06
1.600000000000000000e+04 9.657732152845710516e-05 1.315517583861947060e-04 3.811497663264162838e-05 3.500137972878292203e-05 3.844109414785634726e-06 1.601124495209660381e-06 8.690170147929165978e-07 1.256791847481508739e-06 4.026885562780080363e-06 4.695518327935133129e-06
1.700000000000000000e+04 7.816036668373271823e-05 1.369944366160780191e-04 8.534927474102005363e-06 1.309147501160623506e-05 4.638423888536635786e-06 1.215455654346442316e-06 1.783615516615100205e-06 2.389162716553983046e-07 4.066786800649424549e-07 4.439051735971588641e-06
1.800000000000000000e+04 9.690325532574206591e-05 1.415038568666204810e-04 6.917458904354134575e-06 8.403530955547466874e-06 3.655686441561556421e-06 1.944254108821041882e-07 4.320431798987556249e-07 2.566435739481676137e-07 2.230474507314283983e-07 2.155356696675880812e-06
1.900000000000000000e+04 1.144649286288768053e-04 1.674038794590160251e-04 9.749780474521685392e-06 8.834544132696464658e-06 1.412933670508209616e-05 2.547506596783932764e-07 1.183536937787721399e-06 4.379576694191200659e-06 1.236870048160199076e-06 3.826679858320858330e-06
2.000000000000000000e+04 5.557070107897743583e-05 1.043663505697622895e-04 5.507651167135918513e-06 5.638906259264331311e-06 2.103860651914146729e-06 2.020807698954740772e-07 2.001939805040819920e-07 1.969955860658956226e-07 4.759963303513359278e-07 1.907024397951317951e-06
2.100000000000000000e+04 4.878587424173019826e-05 9.902962483465671539e-05 3.458535729805589654e-06 4.685838575824163854e-06 9.823027539823669940e-06 6.982876925576420035e-07 2.776086830635904334e-06 1.235782860931067262e-06 2.718864152484457009e-06 2.787317725960747339e-06
2.200000000000000000e+04 8.244882337749004364e-05 9.265792323276400566e-05 6.580503395525738597e-06 6.680902970401803032e-06 3.780469569392153062e-06 1.330118379883060697e-06 2.264122542783297831e-07 3.481029580143513158e-06 6.171190989334718324e-07 3.184599790984066203e-06
2.300000000000000000e+04 4.514164538704790175e-05 1.258842094102874398e-04 4.376754532131599262e-06 7.451901637978153303e-06 3.708904614541097544e-06 3.248409541356522823e-07 3.316285415166930761e-07 1.942391776310614659e-07 8.747231277084210888e-07 2.089417193928966299e-06
2.400000000000000000e+04 6.036432387190870941e-05 2.318148326594382524e-04 2.802679773594718426e-05 2.481462615833152086e-05 9.446967851545196027e-06 1.124296318266715389e-06 2.730600954237161204e-07 1.752614821270981338e-06 2.098297272823401727e-06 2.304232111782766879e-06
2.500000000000000000e+04 3.913702676072716713e-05 7.182825356721878052e-05 3.801671937253559008e-06 3.880925305566051975e-06 2.823393970174947754e-06 1.325748144154204056e-06 1.363723924896476092e-07 9.212059239871450700e-07 2.044985052407355397e-07 2.248571945528965443e-06
2.600000000000000000e+04 2.395142655586823821e-05 7.142706454033032060e-05 2.703414793359115720e-06 3.218350229872157797e-06 2.546475116105284542e-06 1.294422986575227696e-07 1.070945572223536146e-07 1.674237211091167410e-07 1.206950486221103347e-07 1.394544483446225058e-06
2.700000000000000000e+04 2.547631083871237934e-05 7.761955930618569255e-05 5.814668384118704125e-06 7.576239568152232096e-06 3.789921947827679105e-06 8.713956844985659700e-07 8.859222333512661862e-08 1.143069425779685844e-07 9.382069947605486959e-07 1.699290464785008226e-06
2.800000000000000000e+04 2.470726394676603377e-05 1.405603106832131743e-04 2.686979769350728020e-06 1.700512257230002433e-05 5.265084382699569687e-06 2.036525529547361657e-06 4.237205757817719132e-06 9.752427558851195499e-07 1.221807451656786725e-06 3.075790118600707501e-06
2.900000000000000000e+04 5.273203714750707150e-05 1.040645947796292603e-04 6.411855792975984514e-06 9.563136700307950377e-06 6.243245024961652234e-06 1.281997015212255064e-06 1.032380296805968101e-07 1.333268357939232374e-07 1.402644556947052479e-06 2.050137482001446187e-06
3.000000000000000000e+04 3.380882117198780179e-05 1.352463295916095376e-04 8.374848221137654036e-06 1.418129068042617291e-05 4.830299985769670457e-06 6.561389227499603294e-07 2.691828910883486969e-07 2.155149161353620002e-07 2.935627207989455201e-06 2.256202151329489425e-06
3.100000000000000000e+04 6.191794818732887506e-05 5.897398659726604819e-05 1.826544757932424545e-05 1.415249334968393669e-05 4.164557594776852056e-06 4.150792847212869674e-07 5.129051601215905976e-07 1.191123601529398002e-06 7.715260039731219877e-07 1.740374500514008105e-06
3.200000000000000000e+04 1.994592639675829560e-05 2.510535996407270432e-04 2.721300461416831240e-06 2.618947291921358556e-05 1.607226113264914602e-05 2.179703415094991215e-06 5.505369699676521122e-06 1.557247841788012011e-08 2.860613903976627626e-06 3.097973831245326437e-06
3.300000000000000000e+04 1.372727274429053068e-05 8.024169801501557231e-05 2.031052645179443061e-06 5.949648311798227951e-06 7.342963272094493732e-06 1.062600958334769530e-07 1.168940229945292231e-06 1.164927539321070071e-06 3.140348553642979823e-06 2.322362888662610203e-06
3.400000000000000000e+04 1.277954288525506854e-05 5.085374505142681301e-05 1.910642140501295216e-06 3.957961780542973429e-06 2.928063167928485200e-06 7.637202514843011159e-08 1.480234317341455608e-07 4.594232905219541863e-07 2.517716097827360500e-07 1.040555162035161629e-06
3.500000000000000000e+04 3.109071258222684264e-05 1.378232118440791965e-04 2.951852729893289506e-05 6.495373963844031096e-05 1.442616394342621788e-05 5.338630444384762086e-07 2.730441792664350942e-06 4.147267191001446918e-06 2.928953108494170010e-06 2.790572125377366319e-06
3.600000000000000000e+04 1.094659000955289230e-05 4.374031414045020938e-05 2.152831712010083720e-06 5.178917945158900693e-06 3.201044592060497962e-06 3.727713249190856004e-07 5.429762381936598103e-07 4.235122474938179948e-08 1.889709864144606399e-07 1.116676003221073188e-06
3.700000000000000000e+04 1.229149438586318865e-05 4.228672696626745164e-05 1.576053819007938728e-06 3.459534809735487215e-06 2.014531901295413263e-06 1.426177504981751554e-07 1.635722810533479787e-07 6.913074201975177857e-08 1.096926069976689178e-07 1.010883920571359340e-06
3.800000000000000000e+04 1.410972163284895942e-05 3.937043584301136434e-05 1.496344793849857524e-06 2.425231969027663581e-06 5.931347004661802202e-06 4.181960946425533621e-07 2.522158411011332646e-07 9.434675973807316041e-08 3.301983895198645769e-07 1.253000391443492845e-06
3.900000000000000000e+04 8.717738637642469257e-06 3.691074380185455084e-05 1.135822344622283708e-06 2.208863179475883953e-06 2.676247504496132024e-06 9.467745343272326863e-08 2.482543948190141236e-07 1.429583136314249714e-07 3.438105409259151202e-07 1.016624992189463228e-06
4.000000000000000000e+04 2.150832551706116647e-05 7.305189501494169235e-05 1.915704342536628246e-05 2.504182157281320542e-05 7.572807135147741064e-06 5.607426487586053554e-07 5.595447873929515481e-07 1.764707462825754192e-06 6.978634701226837933e-06 3.552401267370441929e-06
4.100000000000000000e+04 8.122895451379008591e-06 3.354533328092657030e-05 1.684648850641679019e-06 2.512239234420121647e-06 5.369292466639308259e-06 8.493793046682185377e-08 3.493894098482996924e-07 1.426321887265658006e-06 2.593511112536361907e-07 1.187012344416871201e-06
4.200000000000000000e+04 8.963343134382739663e-06 6.821620627306401730e-05 1.778278942765609827e-06 4.671303486247779801e-06 5.957777375442674384e-06 2.485298011833947385e-07 2.120070377031879616e-07 5.476509272739349399e-07 3.453488943705451675e-07 9.735648518471862189e-07
4.300000000000000000e+04 1.004080604616319761e-05 4.560142406262457371e-05 6.303515419858740643e-06 7.440756235155276954e-06 2.753748276518308558e-06 1.936383853262668708e-07 3.520028712955536321e-07 9.476671891661681002e-08 2.625993374749668874e-06 1.596979927853681147e-06
4.400000000000000000e+04 1.642086317588109523e-05 3.820587517111562192e-05 2.314782705070683733e-06 3.707135647346149199e-06 5.188921477383701131e-06 1.484889224911967176e-07 2.725577985529525904e-07 1.333462478214642033e-06 2.208820433224900626e-07 1.503996600149548613e-06
4.500000000000000000e+04 6.434318947867723182e-06 3.366960299899801612e-05 1.075512841453019064e-06 2.407639613011269830e-06 2.562302825026563369e-06 1.752927119014202617e-07 2.047143965455688885e-07 3.347676980069991259e-08 2.338593247941389563e-07 8.530882951163221151e-07
4.600000000000000000e+04 5.809024059999501333e-06 3.059925802517682314e-05 1.010337541629269253e-06 2.021840600718860514e-06 2.670974936336278915e-06 1.116799239753163420e-07 1.284204245166620240e-07 5.359081356459682866e-08 1.954357884415003355e-07 8.458128490929084364e-07
4.700000000000000000e+04 1.054349195328541100e-05 3.631246363511309028e-05 2.589144969533663243e-06 2.298336085004848428e-06 4.671768328989855945e-05 2.554250613684416749e-06 5.400112968345638365e-06 2.257028199892374687e-06 6.709105036861728877e-06 3.633635287769720890e-06
4.800000000000000000e+04 9.935780326486565173e-06 7.759386062389239669e-05 9.152497113973367959e-06 1.894340311991982162e-05 3.839674718619789928e-06 2.096020580211188644e-06 1.614663119653414469e-06 8.019657684599224012e-07 1.737795969347644132e-07 1.676403144301730208e-06
4.900000000000000000e+04 1.085926578525686637e-05 2.373116512899287045e-05 1.456472659810970072e-06 2.529728817535215057e-06 1.972966174434986897e-06 4.089931735506979749e-07 1.335877186647849157e-07 1.744763551414507674e-07 1.963609150834599859e-07 7.812757303327089176e-07
5.000000000000000000e+04 1.436832280887756497e-05 4.074334719916805625e-05 2.972289166791597381e-06 6.209423645486822352e-06 2.207458464908995666e-06 1.865241188170330133e-06 1.586514173368414049e-07 1.771798906702315435e-06 2.345071834497503005e-07 1.883554887172067538e-06
5.100000000000000000e+04 7.750219992885831743e-06 2.323355874978005886e-05 1.361370209451706614e-06 1.642981033000978641e-06 2.197742105636280030e-06 1.033449663623287051e-07 8.797427142326341709e-08 1.199062467094336171e-07 1.526452848565895692e-07 6.104068006607121788e-07
5.200000000000000000e+04 1.816958138078916818e-05 9.825810411712154746e-05 2.686150764930061996e-06 8.340991371369455010e-06 4.277912466932320967e-06 8.575272403277267586e-08 1.912228526634862646e-07 3.842124840502947336e-08 6.724364425281237345e-07 8.240706392825813964e-07
5.300000000000000000e+04 4.427418025443330407e-05 2.565151771705131978e-05 3.898966951965121552e-06 3.271146624683751725e-06 4.058120339323068038e-06 1.553629402906153700e-07 1.686529316202722839e-07 6.161319561215350404e-07 2.390545432717772201e-07 6.677259420939662959e-07
5.400000000000000000e+04 4.225402790325460956e-06 1.983273432415444404e-05 8.937984716794744600e-07 2.393024033153778873e-06 1.258518636859662365e-06 6.335650937216996681e-08 1.725911715766415000e-07 1.981995545463632880e-08 1.214450975339786964e-07 5.566058121075911913e-07
5.500000000000000000e+04 2.879139901779126376e-05 4.574777631205506623e-05 2.224987110821530223e-05 2.350651811866555363e-05 2.355220431127236225e-06 6.215743155735253822e-07 1.026456857289304025e-07 1.038461846292193513e-06 3.440174168645171449e-06 1.557544464958482422e-06
5.600000000000000000e+04 1.850721673690713942e-05 4.972045644535683095e-05 8.122041435854043812e-06 1.100458393921144307e-05 8.227599209931213409e-06 5.477900685946224257e-06 1.473096176596300211e-06 1.890237626867019571e-06 1.324581148764991667e-06 2.828847755154129118e-06
5.700000000000000000e+04 4.020541837235214189e-06 2.550872159190475941e-05 1.146889303527132142e-06 2.310743184352759272e-06 1.401051235916384030e-06 5.830757388025631371e-08 2.052833281140920008e-07 6.482330405788161443e-08 1.308126797994191293e-07 4.791784249391639605e-07
5.800000000000000000e+04 6.943982043594587594e-06 4.844957220484502614e-05 1.642784013711207081e-06 3.946266133425524458e-06 2.187729933211812750e-06 3.022251348738791421e-06 1.547985277738916920e-07 2.435162059555295855e-06 2.046337783667695476e-07 1.953165792656363919e-06
5.900000000000000000e+04 4.871298642683541402e-06 2.254256651212926954e-05 1.259331497749371920e-06 1.768212541719549336e-06 1.313536358793498948e-06 1.179548831942156539e-07 2.786596837722754572e-07 2.492861312930472195e-07 2.911354499701701570e-07 5.762891532867797650e-07
6.000000000000000000e+04 4.541359521681442857e-05 2.127535117324441671e-05 4.969334895577048883e-06 5.591434273810591549e-06 4.553355211101006716e-06 9.856519511686201440e-08 5.146895887264690828e-07 6.331801500891742762e-07 1.481674757997097913e-06 1.192496029034373350e-06
6.100000000000000000e+04 3.465672762104077265e-06 1.490468275733292103e-05 7.196154570010548923e-07 8.381055636164091993e-07 1.048636590894602705e-06 4.462490466039525927e-08 4.576064327466156101e-08 7.429505455291973703e-09 9.633345143811311573e-08 3.971757678300491534e-07
6.200000000000000000e+04 5.565104402194265276e-06 4.583314148476347327e-05 3.106437588940025307e-06 7.206552709249081090e-06 1.790706301108002663e-05 2.134764372385689057e-06 1.412771894138131756e-06 1.157606135393507429e-07 1.037382503454864491e-06 1.133722548729565460e-06
6.300000000000000000e+04 5.003550995752448216e-06 1.695639002718962729e-05 2.892851853175670840e-06 2.992884446939569898e-06 3.850397206406341866e-06 3.318506571758916834e-07 4.820544177164265420e-07 5.546432291225755762e-08 1.731134943838696927e-06 8.848183483678440098e-07
6.400000000000000000e+04 1.740055449772626162e-05 2.229235542472451925e-05 1.454548055335180834e-05 1.959115070349071175e-05 7.793722943461034447e-06 2.722520662246097345e-07 4.897159442407428287e-07 7.399571586574893445e-07 4.813607574760681018e-06 1.757746758812572807e-06
6.500000000000000000e+04 3.639519263742840849e-06 1.790218084352090955e-05 1.037354763866460416e-06 2.344239192098029889e-06 1.042595727085426915e-06 2.489680070993927075e-07 4.044427015514884260e-08 2.451720320095773786e-07 2.280627597883722046e-07 4.650543132811435498e-07
6.600000000000000000e+04 1.094596791517687961e-05 2.139510979759506881e-05 2.212236495324759744e-06 2.287829602209967561e-06 1.369809183415782172e-06 6.406797581348655513e-08 1.641057707502113772e-07 2.809019150618041749e-08 8.218263047865548288e-08 3.407340614103304688e-07
6.700000000000000000e+04 4.847880063607590273e-06 1.395580602547852322e-05 1.091761987481731921e-06 6.439298090299416799e-07 1.239360699401004240e-06 4.559386113101027149e-08 9.229079012129659532e-08 2.601017712322573061e-08 2.186417589200573275e-07 3.604943685786565766e-07
6.800000000000000000e+04 6.358495284075615928e-06 1.206841898238053545e-05 8.803409059510158841e-07 5.514836516340437811e-07 1.041832661030639429e-06 9.217304608455378911e-08 3.631492972999694757e-08 3.576039731001401378e-08 9.305882997523440281e-08 3.538813757586467545e-07
6.900000000000000000e+04 4.688699391408590600e-06 1.908705417008604854e-05 6.893445174682710785e-07 1.151949390987283550e-06 6.804450094932690263e-06 8.031931315599649679e-07 5.465032586471352261e-07 1.384752756905527349e-08 6.568722596966836136e-07 6.257261588871187996e-07
7.000000000000000000e+04 4.720417109638219699e-06 2.766220495686866343e-05 1.531173438706900924e-06 2.237142325611785054e-06 5.182223048905143514e-06 5.526421205104270484e-07 3.331944355977611849e-07 2.093261741720198188e-08 2.314274354375811527e-07 6.484710866061504930e-07
7.100000000000000000e+04 3.269489297963446006e-06 4.957334022037684917e-05 2.453645720379427075e-06 6.552696504513733089e-06 3.398591388759086840e-06 1.951312242454150692e-06 3.116133768799045356e-07 9.508990501672087703e-07 2.544502990531327669e-07 1.127887117036152631e-06
7.200000000000000000e+04 3.155499143758788705e-05 2.409255284874234349e-05 1.650239755690563470e-05 1.576744398334994912e-05 3.034000428669969551e-06 3.514610625643399544e-06 1.660217918697526329e-07 2.336880470465985127e-06 2.628212087074643932e-06 2.303646851942175999e-06
7.300000000000000000e+04 8.174661161319818348e-06 1.383434864692389965e-04 3.733738367373007350e-06 1.187517227663192898e-05 4.896641257801093161e-06 5.538547753758393810e-08 2.683643458567530615e-07 1.528861730548669584e-07 8.837782274895289447e-07 6.640756282649817877e-07
7.400000000000000000e+04 3.482086640360648744e-06 1.662092290644068271e-05 2.537447244321811013e-06 3.614982688304735348e-06 1.964922375918831676e-06 5.305462309479480609e-07 1.143254664270898502e-07 1.249917573886705213e-07 6.797790206292120274e-07 5.120766672916943207e-07
7.500000000000000000e+04 2.537453156037372537e-06 1.219206660607596859e-05 5.514241365744965151e-07 6.168583013277384453e-07 8.792159178483416326e-07 2.823769307269685669e-08 4.758780036695497984e-08 1.808936289648954698e-08 8.241681825893465430e-08 2.437834325519361300e-07
7.600000000000000000e+04 4.027300292364088818e-06 1.879698538687080145e-05 8.623309213362517767e-07 7.808129112163442187e-07 7.554985131719149649e-06 3.248055335802746413e-08 7.033722226879035588e-07 6.528455855914216954e-07 1.308174205405521207e-06 9.117047170548175927e-07
7.700000000000000000e+04 6.029885753378039226e-06 3.805099549936130643e-05 7.019815484454738908e-07 7.346585334744304419e-06 8.124786290863994509e-06 1.248706809064970003e-07 2.896047988087957492e-07 2.326917893924473901e-07 7.383013098660740070e-07 5.436240257949975785e-07
7.800000000000000000e+04 4.395343694341136143e-06 1.006196816888405010e-05 9.028717045111989137e-07 1.802071778911340516e-06 2.131668907168204896e-06 6.121384643620331190e-08 2.249195887316091103e-07 1.236768838452917407e-07 1.201999424438326969e-07 2.789967936678294791e-07
7.900000000000000000e+04 3.743083425433724187e-06 1.259049349755514413e-05 1.612537516848533414e-06 3.368471880094148219e-06 3.459716253928490914e-06 7.393613543626997853e-08 1.345921845086195390e-07 1.789628640835871920e-07 6.365033868860336952e-07 3.640545855887467042e-07
8.000000000000000000e+04 6.065444267733255401e-06 8.989757589006330818e-06 1.903150518955953885e-06 2.045990640908712521e-06 1.095931565942009911e-06 1.125664468304421462e-07 4.228047600918216631e-08 4.631674599409052462e-08 2.587805170151113998e-07 2.826846809966809815e-07
8.100000000000000000e+04 2.295411832164973021e-06 6.872787253087153658e-06 4.954707151227921713e-07 2.948810049474559492e-07 9.411998576069890987e-07 4.442345513666623447e-08 4.570751244159509952e-08 1.315971243087687981e-08 1.499537489735303097e-07 2.272961978633247782e-07
8.200000000000000000e+04 4.352059477241709828e-06 8.963785148807801306e-06 7.855659873712284025e-07 2.063851752609480172e-06 2.244539928142330609e-06 3.161585482303053141e-07 2.082410475168217090e-07 1.928152038033204008e-08 2.744114624420035398e-07 3.381906878985319054e-07
8.300000000000000000e+04 1.265824357687961310e-05 1.091612648451700807e-05 1.223366780322976410e-06 7.280572162926546298e-07 3.683111799546168186e-06 3.801586601070994220e-08 2.845910387350158999e-07 1.918252081622995320e-07 4.561242121781106107e-07 4.332133016760053579e-07
8.400000000000000000e+04 5.152134235686389729e-06 3.384715819265693426e-05 2.147374289052095264e-06 3.206964720448013395e-06 1.681592152635857929e-06 7.000674173696097569e-08 2.679475699096656172e-07 2.023266354456154659e-08 1.117148826779157389e-06 5.784080485682352446e-07
8.500000000000000000e+04 1.898652226373087615e-05 1.265822265850147232e-05 3.950463451474206522e-06 5.246085379440046381e-07 1.251917728950502351e-05 9.457907594878633972e-07 1.171193844129447825e-06 6.191028489865857409e-08 1.935172576850163750e-06 1.039150333781435620e-06
8.600000000000000000e+04 8.278761924884747714e-06 2.324424713151529431e-05 1.106934996641939506e-05 9.187197974824812263e-06 2.077809085676562972e-06 2.135279686399371712e-07 1.336754053227195982e-06 1.388004164937228779e-07 5.671934559359215200e-06 2.149582314814324491e-06
8.700000000000000000e+04 2.607275291666155681e-06 7.020908924459945410e-06 1.620552325221069623e-06 1.706776288301625755e-06 1.405338252880028449e-06 1.399918119204812683e-07 2.671779952834185679e-08 1.680163030925996281e-08 2.149355964320420753e-07 2.183298875024775043e-07
8.800000000000000000e+04 6.836882675997912884e-06 1.686067662376444787e-05 2.242543587271939032e-06 2.893126293201930821e-06 1.822605099732754752e-06 6.623113080195253133e-08 1.563535647619573865e-07 1.658551127547980286e-07 1.046002466864592861e-06 5.059525847173063084e-07
8.900000000000000000e+04 1.961641601155861281e-06 5.344696546671912074e-06 3.522164604419231182e-07 2.374885497147261049e-07 8.997954523692897055e-07 2.546118516022488620e-08 2.271377574913913122e-08 1.829620543958299095e-08 8.504732562641947879e-08 1.718850199949883972e-07
9.000000000000000000e+04 4.249688572599552572e-06 2.305397174495738000e-05 2.806259317367221229e-06 6.171384029585169628e-06 3.746569745999295264e-06 3.404020958441833500e-07 1.037795627212290128e-07 3.783607027685320645e-08 5.678562615685223136e-07 3.412317255424568430e-07
9.100000000000000000e+04 3.056486320929252543e-06 9.359404430142603815e-06 1.354796722807805054e-06 1.211405219692096580e-06 3.103795961578725837e-06 5.289620617077162024e-07 1.439426284832734382e-07 2.632781104239256820e-08 1.675325336236710427e-07 2.553227886892273091e-07
9.200000000000000000e+04 3.642538558779051527e-06 6.489987299573840573e-06 1.531181965219730046e-06 1.503925545875972603e-06 1.000095267045253422e-06 6.310181532853675890e-08 1.750350087093011098e-08 1.519322090359764843e-08 3.044218033210199792e-07 2.270567165396641940e-07
9.300000000000000000e+04 1.871823769761249423e-06 4.371779141365550458e-06 3.681403484279144322e-07 2.086420636260299943e-07 1.185145720228319988e-06 6.224907878049634746e-08 3.819345906208582164e-08 8.626339642603397806e-09 9.597129491112355026e-08 1.770863491401541978e-07
9.400000000000000000e+04 3.344089918755344115e-06 4.411390546010807157e-05 9.236777600563073065e-07 3.761709876926033758e-06 3.503698962958878838e-06 2.547334077007690212e-07 5.871251573807967361e-07 2.121228881435399671e-08 9.011503152578370646e-07 5.756869541073683649e-07
9.500000000000000000e+04 1.784828555173589848e-06 3.992380243289517239e-06 3.186453625403373735e-07 1.875352069191649207e-07 6.975197379688324872e-07 1.674013994090728374e-08 1.860976617251708376e-08 1.240677693914449264e-08 7.660595713332440937e-08 1.922158645584204351e-07
9.600000000000000000e+04 3.503842208374408074e-06 1.427850565960397944e-05 5.146014245838159695e-06 8.769742635195143521e-06 7.649370672879740596e-06 1.004408090921060648e-06 8.030289109228760935e-07 6.117728901244845474e-08 3.246731807848846074e-07 4.449123025551671162e-07
9.700000000000000000e+04 2.566703869888442568e-06 6.671850769635057077e-06 5.688383453161804937e-07 3.854700480587780476e-06 1.826626771617156919e-06 2.898765103509504115e-07 1.391368158465411398e-07 3.553664029709580063e-08 1.750889424556589802e-07 2.493664510438975412e-07
9.800000000000000000e+04 3.768636588574736379e-06 6.506731551780831069e-06 2.815934749378357083e-06 3.876794380630599335e-06 1.203128817905962933e-06 1.044498034730168001e-07 4.898760153082548641e-08 2.374587459996746475e-08 6.520464808090764564e-07 3.186128196830395609e-07
9.900000000000000000e+04 4.924672794004436582e-06 6.974420557526173070e-06 2.583998593763681129e-06 2.131425162588129751e-06 1.175474494630179834e-06 5.822062121296767145e-08 4.819298382585657237e-08 1.693052382734094863e-07 1.470339157094713300e-07 2.045407683226585505e-07
1.000000000000000000e+05 1.940519541676621884e-05 2.251331170555204153e-05 2.621691055537667125e-05 2.694217073440086097e-05 6.455495167756453156e-06 4.348376876350812381e-07 4.502555555063736392e-07 3.843558715743711218e-07 6.584589300473453477e-06 1.982766661967616528e-06
1.010000000000000000e+05 1.188151236419798806e-05 2.936020791821647435e-05 1.467212041461607441e-05 1.731410156935453415e-05 3.038255727005889639e-06 8.852172186379902996e-07 1.314131168328458443e-07 2.989364418226614362e-07 3.208497673767851666e-06 1.133902856054191943e-06
1.020000000000000000e+05 6.606303941225633025e-06 5.301791134115774184e-06 1.589514681654691231e-06 2.283161620653118007e-06 8.999173246593272779e-07 5.121089685644619749e-08 1.928678372564718302e-08 7.889224207247025333e-08 3.464506903583242092e-07 2.339984916943649296e-07
1.030000000000000000e+05 2.041301058852695860e-06 5.445999704534187913e-06 6.542736059600429144e-07 4.191425091448763851e-07 3.314524064990109764e-06 4.254900076716694457e-08 3.278852034327428555e-07 4.569392615394463064e-07 2.621237342737003928e-07 3.227102070013643242e-07
1.040000000000000000e+05 1.902637336570478510e-06 3.938676854886580259e-06 7.211789352368214168e-07 7.482479986720136367e-07 6.593662078557827044e-07 5.459002139218682714e-08 2.068342652705723594e-08 3.154455185949700535e-08 2.186254306479895604e-07 2.130113898601848632e-07
1.050000000000000000e+05 1.509900448581902310e-05 4.916355919704074040e-06 3.231343953302712180e-06 2.358498477406101301e-06 1.714245513539935928e-06 7.753906317020664574e-08 1.383404395483012195e-07 3.626380191690259380e-07 7.558163872545264894e-08 2.814431923070515040e-07
1.060000000000000000e+05 7.481099601136520505e-06 2.603689972602296621e-05 4.421603989612776786e-06 4.099345460417680442e-06 1.628671998332720250e-05 1.364239892609475646e-06 1.214095959767291788e-06 3.746377075231066556e-08 3.455030537224956788e-06 1.457171379115607124e-06
1.070000000000000000e+05 1.314823384745977819e-05 3.303143103039474227e-06 1.599432721377525013e-06 2.870002617783029564e-07 1.018410330289043486e-06 4.323926461324845150e-08 1.363557355915645530e-08 9.637362552439299179e-08 7.490378095553751336e-08 1.996962737393914722e-07
1.080000000000000000e+05 8.302506103063933551e-06 8.786428224993869662e-06 1.070638063538353890e-06 6.164177648315671831e-07 1.794347190298140049e-05 3.359295419613772538e-07 1.059596456798317377e-06 7.317539711948484182e-07 1.589149292158253957e-06 8.702342029209830798e-07
1.090000000000000000e+05 1.558132316858973354e-05 3.449043788350536488e-06 1.826706807150912937e-06 9.723040648168534972e-07 2.106985675709438510e-06 2.427266281301854178e-07 3.957834593393272371e-08 8.545193281861429568e-07 2.022737675133612356e-07 5.784087306892615743e-07
1.100000000000000000e+05 2.784970092761795968e-06 3.473550805210834369e-06 6.693440468552580569e-07 3.367804879417235497e-07 3.173046252413769253e-06 4.076644088968350843e-08 7.852663230778489378e-08 1.832127907164249336e-07 1.859697391637382680e-07 1.697002005585090956e-07
1.110000000000000000e+05 5.799309747089864686e-06 5.975950898573501036e-06 2.021362661253078841e-06 2.644572077770135365e-06 7.836233635316602886e-07 1.964201459259129479e-07 8.088198200084661948e-08 1.757659191525817732e-07 1.408204752806341276e-07 2.643208176777989138e-07
1.120000000000000000e+05 2.201613142460701056e-06 1.511828031652839854e-05 6.739660420862492174e-07 2.534837449275073595e-06 9.733914794196607545e-07 1.278907433288622997e-07 6.482681413899626932e-08 2.188411585279936844e-08 8.828789788140056771e-08 1.511128431275210460e-07
1.130000000000000000e+05 1.554972368467133492e-05 3.108896862613619305e-06 1.848496026468637865e-06 6.716319944644055795e-07 1.739005824674677569e-06 2.182659244454043801e-07 3.664638015266064031e-08 6.089362614147830755e-07 7.034959281781993923e-08 4.425892825565824751e-07
1.140000000000000000e+05 4.501182047533802688e-06 1.063821127900155261e-05 5.089003934699576348e-06 7.444167749781627208e-06 7.630375193912186660e-07 8.217129732202010928e-08 5.582970175055379514e-08 2.925513875595697755e-08 6.988028644627775066e-07 2.524170952256099554e-07
1.150000000000000000e+05 2.110348987116594799e-06 3.008644625879242085e-06 8.397645387958618812e-07 1.188218902825610712e-06 9.108157428272534162e-07 8.296202480551073677e-08 1.797883868448479916e-07 1.630395871643486316e-07 1.423237421249723411e-07 2.738957505243888590e-07
1.160000000000000000e+05 1.053307914844481274e-05 2.593557110230904073e-05 5.871960638614837080e-06 7.454132173734251410e-06 2.006652266572928056e-06 1.885744040919234976e-07 1.847690072054319899e-07 3.306642781808477594e-08 2.175034524043439887e-06 7.539115358667913824e-07
1.170000000000000000e+05 1.432610019946878310e-06 1.232250087923603132e-05 1.644782855692028534e-06 4.499505394051084295e-06 8.752126632316503674e-07 2.925038167234106368e-08 2.825148612828343175e-07 3.276765525583869021e-08 8.623509728522549267e-08 1.535515252726327162e-07
1.180000000000000000e+05 2.307579961779993027e-06 9.087313628697302192e-06 1.027853841151227243e-06 1.736288822939968668e-06 9.682209565653465688e-06 6.396602998393063899e-07 2.343917770986081450e-07 6.356483339686747058e-08 5.146035846337326802e-07 3.369645185102854157e-07
1.190000000000000000e+05 2.722482349781785160e-06 9.868368579191155732e-06 7.285787546607025433e-07 2.893990995289641432e-06 8.136536280289874412e-07 2.127810176943967235e-07 2.377866223923774669e-07 1.513370762040722184e-07 6.452992096228626906e-08 2.604542714834678918e-07
1.200000000000000000e+05 3.211043576811789535e-06 1.193385742226382717e-05 1.470588244956161361e-06 3.489098617137642577e-06 7.387293408100958914e-07 4.663090891199317412e-08 2.496461206646927167e-07 6.626192572412037407e-08 5.311487782932999835e-08 1.756525449536638916e-07
1.210000000000000000e+05 1.361255044685094617e-06 2.589443283795844764e-06 3.468346108093101066e-07 2.817378117470070720e-07 6.770429195057658944e-07 1.411062022782516578e-08 4.536442688163333514e-08 1.142700689626963140e-08 1.752669476218216005e-07 1.525157813375699334e-07
1.220000000000000000e+05 2.778005637082969770e-06 8.244030141213443130e-06 2.021609816438285634e-06 1.708504555608669762e-06 1.032585373650363181e-06 9.708828940802050056e-08 1.226229517925503387e-08 1.153401019138300398e-08 3.302220648038201034e-07 2.034351780366705498e-07
1.230000000000000000e+05 1.696219896984985098e-06 4.185387660982087255e-05 2.343744654353940859e-06 7.539995294791879132e-06 1.656273184380552266e-06 1.294870060064567951e-07 4.752033078148087952e-07 3.970125703744997736e-07 1.005465861680931994e-07 3.515518187668931205e-07
1.240000000000000000e+05 1.571632128616329283e-05 4.017891114926896989e-05 1.700794928183313459e-05 2.289109761477448046e-05 2.695102466532262042e-06 3.636812948570877779e-07 1.136790501732320990e-07 1.207225750476936810e-07 4.652920779335545376e-06 1.447614522476214916e-06
1.250000000000000000e+05 3.246967253289767541e-06 9.074879926629364491e-06 6.686610731776454486e-07 1.841465973484446295e-06 1.482699099142337218e-05 6.808610919506463688e-07 8.163028724084142596e-07 1.651130929758437560e-07 1.555572566758200992e-06 7.014925813564332202e-07
1.260000000000000000e+05 1.674780378380091861e-06 1.655077721807174385e-05 6.634031706198584288e-07 1.540569201097241603e-06 1.164626951322134119e-06 7.404884172501624562e-08 1.587427789218054386e-07 1.357240808630422180e-08 3.624626288001309149e-07 2.647846599757031072e-07
1.270000000000000000e+05 1.374909174955973867e-06 2.456627953506540507e-06 4.287852277684578439e-07 4.787684702023398131e-07 8.000526463547430467e-07 3.857261532402844750e-08 2.096890483471725020e-08 6.433093613367191210e-09 1.597449141854667687e-07 1.523134898206990329e-07
1.280000000000000000e+05 1.095245238502684515e-06 1.661475380387855694e-06 1.972521914694880252e-07 1.312300668132593273e-07 5.318582338986743707e-07 1.258310700080755851e-08 6.657985718305781120e-09 5.385981882710666468e-09 5.061146879370426177e-08 1.233071031947474694e-07
1.290000000000000000e+05 1.116476823881384917e-06 1.957789663720177487e-06 2.581518288025108632e-07 1.833816440921509638e-07 5.205908450989227276e-07 6.401673857681089430e-08 2.628264006432345923e-08 5.101027156229065440e-08 5.456612939269689377e-08 1.306420074342895532e-07
1.300000000000000000e+05 9.295322342950385064e-06 3.766244117286987603e-05 3.750632686205790378e-06 3.748689550775452517e-06 3.851248038699850440e-06 1.352627691630914342e-06 5.368032702790515032e-07 5.244924636826908682e-07 1.396350398863432929e-06 1.136799255618825555e-06
1.310000000000000000e+05 5.220418643148150295e-06 1.187942962133092806e-05 4.056389116158243269e-06 6.586588369827950373e-06 6.764533964087604545e-07 1.730609113792525022e-07 2.134961185618067248e-08 1.179462287836940959e-07 5.034902414990938269e-07 2.770334504020866007e-07
1.320000000000000000e+05 1.521419449090899434e-06 4.517539764492539689e-06 7.772856633891933598e-07 8.081024702732975129e-07 1.384315737595898099e-06 6.689118947633687640e-08 5.130648261797432497e-08 3.397720433895301539e-07 8.342951218764937948e-08 2.151501661273869104e-07
1.330000000000000000e+05 1.022914375425898470e-06 1.406676005899498705e-06 1.904744379999101511e-07 1.090625119104515761e-07 4.960642172591178678e-07 1.314359110438090283e-08 6.584349510063702837e-09 4.378886586664521019e-09 5.292368854270534939e-08 1.110653542468753585e-07
1.340000000000000000e+05 1.279862885894544888e-06 2.970449031636235304e-06 3.762324922718107700e-07 7.539497914876847062e-07 5.360998329706490040e-07 4.086853166995751963e-08 8.663297990096907597e-08 5.747877551698366005e-08 8.180942501212484785e-08 1.661634598804084817e-07
1.350000000000000000e+05 5.042910288466373459e-06 3.052985448448453099e-06 1.353933157588471659e-06 5.407913477029069327e-07 1.016475744108902290e-05 2.291781413532589795e-07 2.763241866432508687e-07 4.868248311140632723e-07 3.196630302682024194e-07 3.143719595755101182e-07
1.360000000000000000e+05 1.118157683777099010e-06 1.994123522308655083e-06 2.447010558626061538e-07 2.747264318259112770e-07 2.878666236938443035e-06 1.414956898315722356e-07 7.871778961998643354e-08 3.936414216809680511e-08 1.597725685087425518e-07 1.698839753316860879e-07
1.370000000000000000e+05 4.699456894741160795e-06 2.163295903301332146e-05 3.691681740747299045e-06 4.437697953107999638e-06 1.578109618094458710e-06 5.742786157725277008e-08 2.224348065738013247e-07 9.002334877550310921e-08 1.443455062144494150e-06 6.131308509793598205e-07
1.380000000000000000e+05 6.552738341270014644e-06 2.932355891971383244e-05 1.099390101444441825e-05 1.101525776903145015e-05 7.824952490409486927e-07 1.418122650420627906e-07 5.090641366223280784e-07 9.954050028682104312e-08 1.077023128459586587e-07 2.266174021769984392e-07
1.390000000000000000e+05 3.491293682600371540e-06 1.377527610202378128e-06 4.400988018460338935e-07 2.028055376968040946e-07 1.554573486828303430e-06 2.356956940730015049e-08 2.938522492001993669e-08 8.873648482676799176e-08 1.106673366280119808e-07 1.365052924029441783e-07
1.400000000000000000e+05 1.966429863387020305e-06 4.688011813414050266e-06 2.447069391564582475e-06 2.212992512795608491e-06 1.215582301483664196e-06 4.949404441845217661e-08 1.240624580844951197e-08 6.624075865602208069e-08 4.098758950021874625e-07 2.105460907841916196e-07
1.410000000000000000e+05 5.249638888926710933e-06 5.283948667056392878e-06 2.914506922024884261e-06 2.780919885481125675e-06 3.735407062777085230e-06 3.794449909833019774e-08 1.582132114208434359e-07 6.572243478331074584e-07 7.805836048646597192e-07 4.978377319275750779e-07
1.420000000000000000e+05 1.318055979027121793e-06 5.486394456966081634e-06 6.289441785156668629e-07 7.275392022165760864e-07 1.708954982859722804e-06 4.029221400969618117e-08 3.872618137279459916e-08 5.461615870672176243e-08 8.705971055178451934e-08 1.323011815657082479e-07
1.430000000000000000e+05 2.702742222027154639e-06 8.548411642550490797e-06 1.586070652592752595e-06 3.825130988843739033e-06 8.734326911508105695e-06 3.325706643408921082e-07 1.956834552174768760e-07 2.042758495690577547e-07 6.485778385467710905e-07 3.021872601038921857e-07
1.440000000000000000e+05 3.568957708921516314e-06 3.124729482806287706e-05 4.804282070836052299e-06 5.737159881391562521e-06 8.115526384244731162e-07 1.661795977270230651e-06 2.393412401602290629e-08 1.298443862651765812e-06 6.730473387506208383e-07 1.317867486250179354e-06
1.450000000000000000e+05 1.901616315080900677e-06 6.833018233010079712e-06 5.490721264322928619e-07 2.105288558595930226e-06 8.275594154838472605e-06 9.701482213131384924e-07 2.036866675325654796e-07 9.480880081014220195e-09 6.432657642108097207e-07 3.899191938216972630e-07
1.460000000000000000e+05 1.327470272372011095e-06 1.148755472968332469e-06 3.290189738436311018e-07 1.563884808319926378e-07 4.692350330515182577e-07 4.372059692059337976e-08 1.224989887305127922e-08 3.001050785655934305e-08 8.489390523891415796e-08 1.297167386837827507e-07
1.470000000000000000e+05 1.275701947633933742e-06 2.359296559006907046e-06 4.683786016812518938e-07 5.796072741759417113e-07 4.963845299243985210e-07 1.213083500317679864e-08 2.908858220962429186e-08 7.664681334063061513e-09 5.833123850607080385e-08 1.154745277176516538e-07
1.480000000000000000e+05 9.080085874302312732e-07 1.143191980190749746e-06 2.255816013985167956e-07 1.689630551027221372e-07 4.555631392122450052e-07 7.764223042272533348e-09 7.935921253476863058e-09 6.298972010654324549e-09 5.289749793746523210e-08 1.100329001246791449e-07
1.490000000000000000e+05 8.936917765822727233e-06 1.044679356709821150e-05 5.582920493907295167e-06 5.440813765744678676e-06 1.758810867613647133e-06 8.206096424601128092e-08 2.514613584025937598e-08 2.793076703255792381e-07 8.605308607911865693e-07 3.926695626432774588e-07
1.500000000000000000e+05 9.523342896500253119e-07 5.147700903762597591e-06 7.960475727486482356e-07 1.571917891851626337e-06 4.646558693366387160e-07 1.609077138198244938e-08 8.468578727161002462e-08 7.267631385587947079e-09 5.810982273146692023e-08 1.128048907617085206e-07
