# step train_loss_terms
1.000000000000000000e+03 1.094123115763068199e-03 2.856097184121608734e-03 1.405437360517680645e-04 2.670823887456208467e-04 4.232260107528418303e-04 5.884474376216530800e-05 6.574585313501302153e-06 3.915526031050831079e-05 6.911883247084915638e-05 8.922863344196230173e-05 3.865927737933816388e-07
2.000000000000000000e+03 8.250928949564695358e-04 7.328411447815597057e-04 8.484805584885179996e-05 1.923955715028569102e-04 1.632670027902349830e-04 1.423109824827406555e-05 9.536772267892956734e-06 1.338199763267766684e-05 5.439163214759901166e-05 1.181350125989411026e-05 1.205457955677502468e-09
3.000000000000000000e+03 7.687845500186085701e-04 4.547034041024744511e-04 8.136884571285918355e-05 1.211966009577736259e-04 5.981139474897645414e-05 9.815375960897654295e-06 8.635754056740552187e-06 2.491762461431790143e-05 3.766770532820373774e-05 1.519027136964723468e-05 3.795834118136554025e-07
4.000000000000000000e+03 6.691945018246769905e-04 3.716220380738377571e-04 1.576252725499216467e-05 7.337040005950257182e-05 2.131423025275580585e-05 6.199070412549190223e-07 2.546717723816982470e-06 5.796260666102170944e-06 2.404462611593771726e-05 1.053425603458890691e-05 6.186670020724704955e-08
5.000000000000000000e+03 6.197982002049684525e-04 3.304808051325380802e-04 1.774798874976113439e-05 3.046916026505641639e-05 1.813025301089510322e-05 3.510270687456795713e-07 4.230575541441794485e-06 4.239540430717170238e-06 1.508382592874113470e-05 1.106451054511126131e-05 9.262834623768867459e-07
6.000000000000000000e+03 5.876866052858531475e-04 3.621547366492450237e-04 1.472066014684969559e-05 2.936949385912157595e-05 1.935794352903030813e-05 4.145360037455247948e-07 5.473722012538928539e-06 3.484680291876429692e-06 1.283867004531202838e-05 1.166120273410342634e-05 1.481869821873260662e-05
7.000000000000000000e+03 5.425454000942409039e-04 2.657735312823206186e-04 4.181880285614170134e-05 2.023151319008320570e-05 1.366237574984552339e-05 3.216338654965511523e-06 5.255965334072243422e-06 4.378166977403452620e-06 9.462200068810489029e-06 1.201230224978644401e-05 2.986286972372909077e-06
8.000000000000000000e+03 4.225846496410667896e-04 2.310729760210961103e-04 1.443080509488936514e-05 6.933512395335128531e-06 1.222145692736376077e-05 3.365437635238777148e-07 3.788260528381215408e-06 3.103039944107877091e-06 6.411410140572115779e-06 9.528043847240041941e-06 1.252681443020264851e-07
9.000000000000000000e+03 3.139496257063001394e-04 2.045037399511784315e-04 1.408510161127196625e-05 7.087270205374807119e-06 1.100429926736978814e-05 6.535140073538059369e-07 2.197703452111454681e-06 2.987882226079818793e-06 4.914405963063472882e-06 9.675052751845214516e-06 2.219213683929410763e-07
1.000000000000000000e+04 2.862083201762288809e-04 1.928822312038391829e-04 3.360407208674587309e-05 1.711383629299234599e-05 1.186795907415216789e-05 1.762698616403213236e-06 1.886352833935234230e-06 3.124681825283914804e-06 6.069264145480701700e-06 1.015731140796560794e-05 3.191050979012288735e-08
1.100000000000000000e+04 2.617402933537960052e-04 1.825644139898940921e-04 7.641318006790243089e-06 9.215524187311530113e-06 1.426118251401931047e-05 3.250548559208255028e-07 2.373562665525241755e-06 1.598840299266157672e-06 4.695184998126933351e-06 9.236746336682699621e-06 2.802663175316411071e-06
1.200000000000000000e+04 2.747966791503131390e-04 1.985531416721642017e-04 2.005408168770372868e-05 8.115268428809940815e-06 1.259370219486299902e-05 4.823732524528168142e-07 1.073744329005421605e-06 2.914164724643342197e-06 3.856759121845243499e-06 7.690204256505239755e-06 2.665872671059332788e-06
1.300000000000000000e+04 2.025904395850375295e-04 5.377477500587701797e-04 4.453836663742549717e-05 1.036016765283420682e-04 2.053055322903674096e-05 6.034969374013599008e-06 1.117771603276196402e-06 8.777577022556215525e-06 5.981774847896303982e-06 9.506808055448345840e-06 6.809001206420361996e-05
1.400000000000000000e+04 1.351694954792037606e-04 1.299831201322376728e-04 6.415216375899035484e-06 5.417153261078055948e-06 9.365766345581505448e-06 2.038370183754523168e-07 7.807597626197093632e-07 1.848641772994596977e-07 2.621010708026005886e-06 5.273212991596665233e-06 2.383195862876164028e-10
1.500000000000000000e+04 1.114505794248543680e-04 1.224039733642712235e-04 5.767288712377194315e-06 4.884138888883171603e-06 8.870952115103136748e-06 1.581529858185604098e-07 4.261877109001943609e-07 1.185346150123223197e-07 2.139988509952672757e-06 4.940910002915188670e-06 1.416121762076727464e-07
1.600000000000000000e+04 1.088217322831042111e-04 2.056790108326822519e-04 1.501472888776334003e-05 2.450166903145145625e-05 1.399455777573166415e-05 9.221112122759222984e-07 5.822124649057514034e-07 7.213881190182291903e-07 3.117003416264196858e-06 5.689158570021390915e-06 1.349608919554157183e-05
1.700000000000000000e+04 8.998451812658458948e-05 1.022499563987366855e-04 4.482320946408435702e-06 4.761468971992144361e-06 8.340424756170250475e-06 1.696311073828837834e-07 3.039400837678840617e-07 4.026422573133459082e-07 1.813740936995600350e-06 4.366492703411495313e-06 1.290513722551622777e-07
1.800000000000000000e+04 8.703325147507712245e-05 9.318364027421921492e-05 4.606622496794443578e-06 5.374829470383701846e-06 1.064782645698869601e-05 2.069679112537414767e-07 4.474975980883755255e-07 2.894240651585278101e-07 1.755578523443546146e-06 4.772449756273999810e-06 2.920381234616797883e-07
1.900000000000000000e+04 8.122146391542628407e-05 8.467257430311292410e-05 2.618746520965942182e-06 3.298744559288024902e-06 7.578393251606030390e-06 2.284576083866340923e-07 2.201977480353889405e-07 1.271387759516073857e-07 1.603357304702512920e-06 4.081541192135773599e-06 5.248922629874641643e-09
2.000000000000000000e+04 8.007229916984215379e-05 7.710367208346724510e-05 2.462108113832073286e-06 3.012431307070073672e-06 7.092997748259222135e-06 1.208865398893976817e-07 2.069794362569155055e-07 8.648216009987663710e-08 1.403213445883011445e-06 3.676840378830092959e-06 1.644534108891093638e-08
2.100000000000000000e+04 7.578793884022161365e-05 7.127657590899616480e-05 2.168128730772878043e-06 2.845807784979115240e-06 6.370871233229991049e-06 9.002683754033569130e-08 2.279865611853892915e-07 1.551834003521435079e-07 1.184338543680496514e-06 3.135755605399026535e-06 7.774646348934766138e-08
2.200000000000000000e+04 7.275515963556244969e-05 6.683370156679302454e-05 2.074924623229890130e-06 2.537477257646969520e-06 5.919170234847115353e-06 5.308588768571098626e-08 3.108916359906288562e-07 9.991830296485204599e-08 1.097700305763282813e-06 2.841926743712974712e-06 8.682189900355297141e-08
2.300000000000000000e+04 7.811047544237226248e-05 1.268500345759093761e-04 8.427299690083600581e-06 1.503111161582637578e-05 9.394217158842366189e-06 8.007866085790737998e-07 3.738707619049819186e-07 3.200102582923136652e-06 1.758182065714208875e-06 3.588742401916533709e-06 1.150695152318803594e-05
2.400000000000000000e+04 7.254454976646229625e-05 7.227234164020046592e-05 1.341945790045429021e-05 1.378400793328182772e-05 1.075131058314582333e-05 5.899907591810915619e-06 2.602601853141095489e-06 9.143694114754907787e-06 8.341716238646768034e-06 8.395956683671101928e-06 2.273452537338016555e-07
2.500000000000000000e+04 4.916694597341120243e-04 1.085360490833409131e-04 5.370609142119064927e-05 1.436922411812702194e-05 5.181521919439546764e-05 3.685003321152180433e-06 2.968565468108863570e-06 4.858636089011270087e-07 6.112567461968865246e-06 4.858866304857656360e-06 5.872750534763326868e-06
2.600000000000000000e+04 1.624262367840856314e-04 6.459923315560445189e-05 1.367586173728341237e-05 3.519062829582253471e-06 1.424173751729540527e-05 1.269411541215959005e-06 1.622479430807288736e-06 5.240723908173094969e-07 3.206984729331452399e-06 3.543554385032621212e-06 6.784581785268528620e-08
2.700000000000000000e+04 5.937752939644269645e-05 5.081483323010616004e-05 2.702647634578170255e-06 1.988237045225105248e-06 5.760564363299636170e-06 8.606212276163205388e-08 5.015787110096425749e-07 1.346868998552963603e-07 7.633271366103144828e-07 2.337529622309375554e-06 1.225615307021143963e-07
2.800000000000000000e+04 1.643147988943383098e-04 9.671416773926466703e-05 4.134701157454401255e-05 2.939644036814570427e-05 5.833593968418426812e-05 6.329593702503188979e-07 8.402973435295280069e-06 3.942627699871081859e-06 2.123046215274371207e-05 9.294672054238617420e-06 4.579156211548252031e-06
2.900000000000000000e+04 7.694397936575114727e-05 8.482223347527906299e-05 1.494054686190793291e-05 1.860900920291896909e-05 3.805357118835672736e-05 3.118520908174104989e-07 4.097661985724698752e-06 2.226380729553056881e-06 9.257747478841338307e-06 5.513517407962353900e-06 4.423866812430787832e-06
3.000000000000000000e+04 5.944104123045690358e-05 3.955452120862901211e-04 1.135133243224117905e-05 3.738781379070132971e-05 1.849883483373560011e-05 1.105648834709427319e-07 1.397783080392400734e-06 1.604934595889062621e-06 6.518729378512944095e-07 2.541160483815474436e-06 4.159862146480008960e-05
3.100000000000000000e+04 5.799571226816624403e-05 4.394486313685774803e-05 2.376616293986444362e-06 1.157928863904089667e-06 5.110994607093743980e-06 2.496043123301205924e-07 3.607038649988680845e-07 1.807924832064600196e-07 5.644740781463042367e-07 1.907989826577249914e-06 7.327550832769702538e-08
3.200000000000000000e+04 4.884367444901727140e-05 8.524322765879333019e-05 1.542565200907120015e-06 4.721971436083549634e-06 1.841249286371748894e-05 3.149356189169338904e-07 4.296241513657150790e-06 1.111692313315870706e-06 4.982606242265319452e-06 4.424879989528562874e-06 2.255041181342676282e-06
3.300000000000000000e+04 6.866635521873831749e-05 6.194754678290337324e-05 1.004090336209628731e-05 4.571307272271951661e-06 1.147663442679913715e-05 1.520723316161820549e-07 5.142981649441935588e-07 1.693847138994897250e-06 1.228084897775261197e-06 2.383735363764571957e-06 5.187352485336305108e-07
3.400000000000000000e+04 4.345369961811229587e-05 5.225706627243198454e-05 1.588267195984371938e-06 2.187429572586552240e-06 5.453847734315786511e-06 2.097978857307225553e-08 2.796473950184008572e-07 3.927008549453603337e-07 4.268136990503990091e-07 1.587370661582099274e-06 1.526865389678278007e-06
3.500000000000000000e+04 4.390780668472871184e-05 4.372824332676827908e-05 1.368483594887948129e-06 1.223423168994486332e-06 2.613708420540206134e-05 4.247494871378876269e-07 2.474218263159855269e-06 6.321989076241152361e-06 2.807237251545302570e-06 4.218480171402916312e-06 1.170988817023044248e-08
3.600000000000000000e+04 4.359769081929698586e-05 3.597758040996268392e-05 2.926591832874692045e-06 1.434342379980080295e-06 3.126048568447004072e-06 4.961747990250842122e-08 2.134270289388950914e-07 1.321747902238712413e-07 4.102817001694347709e-07 1.456592258364253212e-06 2.722026692936196923e-08
3.700000000000000000e+04 4.893059303867630661e-05 3.683060640469193459e-05 3.872964953188784420e-06 3.855004706565523520e-06 3.345427103340625763e-06 7.641498314114869572e-07 1.737866881512672990e-07 7.490149869227025192e-07 3.955571514779876452e-07 1.476395368626981508e-06 9.343896749669511337e-07
3.800000000000000000e+04 4.017743049189448357e-05 3.685632691485807300e-05 1.881367097666952759e-06 1.841433686422533356e-06 6.890646545798517764e-06 1.804236688940363820e-07 1.043071847561805043e-06 1.524419417364697438e-06 1.625069330657424871e-06 1.966031277333968319e-06 1.659089221561771410e-08
3.900000000000000000e+04 4.010250268038362265e-05 7.666312740184366703e-05 3.452265900705242530e-06 6.654142907791538164e-06 2.608074828458484262e-05 4.361893843451980501e-06 1.342525706604646984e-06 4.912520168431910861e-08 1.344666316072107293e-06 2.219441284978529438e-06 1.210008349517011084e-06
4.000000000000000000e+04 3.789142283494584262e-05 3.674385152407921851e-05 2.100981191688333638e-06 2.478396709193475544e-06 1.320553565165027976e-05 2.708920021632366115e-08 1.161502382274193224e-06 1.741680307532078587e-06 2.068047933789785020e-06 2.283552021253854036e-06 1.954151258587444318e-07
4.100000000000000000e+04 3.329663013573735952e-05 4.163333505857735872e-05 1.387288762089156080e-06 1.606568048373446800e-06 1.103179238270968199e-05 2.395314595560193993e-07 4.621108473656931892e-07 4.239179531850822968e-07 5.506470301952504087e-07 1.331937255599768832e-06 8.300248737214133143e-07
4.200000000000000000e+04 3.226555782021023333e-05 3.429627031437121332e-05 1.699868448667984921e-06 1.347230750070593785e-06 2.740202717177453451e-06 7.210925900835718494e-08 2.163177441616426222e-07 3.615002697188174352e-08 2.414885500456875889e-07 1.175400711872498505e-06 6.632605504819366615e-07
4.300000000000000000e+04 1.057224508258514106e-04 2.281619963468983769e-04 5.842457539984025061e-06 1.358912049909122288e-05 5.888934902031905949e-05 3.508157533360645175e-06 1.142410928878234699e-05 1.864023460029784474e-07 1.399174107064027339e-05 7.713206287007778883e-06 1.693433114269282669e-05
4.400000000000000000e+04 2.621159001137129962e-05 8.887264266377314925e-05 1.694723891887406353e-06 5.658560439769644290e-06 4.810021437151590362e-06 7.724159445388067979e-08 7.165053830249235034e-07 1.775720726016061235e-08 5.620247520710108802e-07 1.270590814783645328e-06 5.769497420260449871e-06
4.500000000000000000e+04 2.487974052201025188e-05 9.690220031188800931e-05 3.453015324339503422e-06 8.212077773350756615e-06 5.604982106888201088e-06 2.406672479082772043e-07 1.696045387689082418e-06 6.969629566810908727e-07 1.199016423925058916e-06 1.976479325094260275e-06 8.391368282900657505e-06
4.600000000000000000e+04 2.843014408426824957e-05 2.909111208282411098e-05 1.351148512185318395e-06 1.060781187334214337e-06 1.559420525154564530e-05 1.077572846952534746e-06 9.496737334302451927e-07 1.799009226033376763e-07 1.281256004403985571e-06 1.479128741266322322e-06 3.498565490644978127e-07
4.700000000000000000e+04 4.567395808408036828e-05 5.513486030395142734e-05 6.913366632943507284e-06 3.769077920878771693e-06 6.497397862403886393e-06 1.739243060683293152e-07 1.348048158433812205e-06 1.903711819295494934e-07 1.845008569034689572e-06 1.553070205773110501e-06 1.000510792437125929e-06
4.800000000000000000e+04 2.035187935689464211e-05 2.099813718814402819e-05 1.241396944351436105e-06 8.668149007462488953e-07 3.120143674095743336e-06 8.776920878972305218e-08 1.146624768466608657e-07 2.136481214165542042e-07 2.539709385018795729e-07 9.069963766705768649e-07 1.937586979749994498e-09
4.900000000000000000e+04 7.061943324515596032e-05 4.501774310483597219e-05 1.013926066661952063e-05 1.295910442422609776e-05 7.654669389012269676e-06 2.838095269908080809e-06 1.999357891691033728e-06 4.719605385616887361e-06 5.194415734877111390e-06 4.157649527769535780e-06 8.020873565328656696e-08
5.000000000000000000e+04 2.145720645785331726e-05 1.959826113306917250e-05 1.465695731894811615e-06 9.025333724821393844e-07 5.605212209047749639e-06 3.374962602720188443e-07 3.534626102918991819e-07 2.085957021336071193e-06 4.186066746569849784e-07 1.741000460242503323e-06 3.936020220862701535e-08
5.100000000000000000e+04 6.396874960046261549e-05 6.411806680262088776e-05 1.613640415598638356e-05 1.899342169053852558e-05 7.181356977525865659e-06 3.347201072756433859e-06 1.984708887903252617e-06 2.572998710093088448e-06 5.695142135664355010e-06 4.019187144876923412e-06 1.733376997492541705e-09
5.200000000000000000e+04 1.709936077531892806e-05 5.704489376512356102e-05 9.547347872285172343e-07 3.610066869441652671e-06 1.001492455543484539e-05 1.945993091112541151e-07 1.434943101230601314e-06 3.225263753847684711e-07 1.634422460483619943e-06 1.443673795620270539e-06 2.936539885922684334e-06
5.300000000000000000e+04 6.990836845943704247e-05 1.775930832081940025e-05 5.802150553790852427e-06 6.642661674050032161e-07 5.539377525565214455e-06 1.142237465501239058e-06 1.755686724891347694e-07 7.309236025321297348e-07 2.349328553918894613e-07 1.100514964491594583e-06 5.120672241787360690e-08
5.400000000000000000e+04 1.489712667535059154e-05 3.452392411418259144e-05 1.619539261810132302e-06 2.798230070766294375e-06 3.368245415913406760e-06 1.562065392590739066e-07 8.602626735410012770e-07 1.971012437707031495e-07 1.368542143609374762e-06 1.188242208627343643e-06 4.932974206894868985e-07
5.500000000000000000e+04 1.743422217259649187e-05 2.080371996271423995e-05 5.069739017926622182e-06 5.715030511055374518e-06 1.885825622593984008e-05 3.382479860647435999e-07 1.340398171123524662e-06 1.502664076724613551e-06 9.233538662556384224e-07 1.319644070463255048e-06 6.466190711762465071e-07
5.600000000000000000e+04 6.022000889061018825e-05 2.983677768497727811e-05 1.424898619006853551e-05 2.124623642885126173e-05 8.181044904631562531e-06 1.449587898605386727e-06 2.800732943342154613e-07 2.090487072337054997e-07 5.215224518906325102e-07 1.206463593916851096e-06 4.446083949005696923e-06
5.700000000000000000e+04 1.511403297627111897e-05 2.992178451677318662e-05 2.434710040688514709e-06 4.368207555671688169e-06 5.691488240699982271e-06 3.466810483132576337e-08 4.368720567526906962e-07 7.304321343326591887e-07 1.885200759943472804e-07 8.219361689043580554e-07 2.511207412680960260e-06
5.800000000000000000e+04 1.253864229511236772e-05 1.884553239506203681e-05 1.811088054637366440e-06 2.186732217523967847e-06 5.190945557842496783e-06 4.310745680413674563e-07 2.843416382347641047e-07 1.956550699233616797e-09 2.020520071255305083e-07 7.753542377031408250e-07 9.122821325036056805e-07
5.900000000000000000e+04 1.266956223844317719e-05 2.916569792432710528e-05 1.046902639245672617e-06 1.587009819559170865e-06 4.365436325315386057e-06 3.510658075356332120e-08 4.928234034196066204e-07 5.473910391629033256e-07 5.087073304821387865e-07 9.143497550212487113e-07 8.824144970276392996e-07
6.000000000000000000e+04 2.519054214644711465e-05 1.824591890908777714e-05 3.976572770625352859e-06 2.222688635811209679e-06 9.128682904702145606e-06 5.604685497928585391e-07 1.022039214149117470e-06 3.846256277029169723e-06 8.079998679022537544e-07 2.008026967814657837e-06 8.602156640336033888e-07
6.100000000000000000e+04 1.208783032780047506e-05 1.624587275728117675e-05 2.470286517564090900e-06 2.818972234308603220e-06 1.829351390369993169e-06 5.291062876722207875e-08 1.988817359688255237e-07 3.124448966218551504e-08 9.934488076623892994e-08 5.624633558909408748e-07 9.447892921343736816e-07
6.200000000000000000e+04 9.659986062615644187e-06 1.219252499140566215e-05 7.475450161109620240e-07 4.640884867512795608e-07 3.438402927713468671e-06 4.564573075072075881e-08 2.283510411871247925e-07 1.444730912680824986e-07 2.007841857221137616e-07 6.175320663714956027e-07 1.005704497458737023e-08
6.300000000000000000e+04 1.002581848297268152e-05 4.610756150214001536e-05 9.391077924192359205e-07 3.318983544886577874e-06 9.113929081649985164e-06 1.901264390369306057e-08 2.528561935832840391e-06 9.458492513658711687e-07 2.634695420056232251e-06 1.900165329971059691e-06 2.851469162123976275e-06
6.400000000000000000e+04 1.295006677537458017e-05 1.036357425618916750e-04 1.902057192637585104e-06 8.107447683869395405e-06 1.058899852068861946e-05 3.297705220006719173e-08 3.217772928110207431e-06 5.073994202575704549e-07 4.139120392210315913e-06 2.586992195574566722e-06 4.946698936691973358e-06
6.500000000000000000e+04 1.187343696074094623e-05 3.071601167903281748e-05 1.947014879988273606e-06 3.812891236520954408e-06 2.515778987799421884e-06 6.846293842954764841e-08 4.798106942871527281e-07 3.579162068945151987e-07 1.944802221487407223e-07 7.089571454343968071e-07 2.958131062769098207e-06
6.600000000000000000e+04 8.010914825717918575e-06 1.353822790406411514e-05 5.396269102675432805e-07 1.108814785766298883e-06 3.601952812459785491e-06 2.800815366299502784e-07 2.394602631738962373e-07 1.341312668046157341e-06 2.353554435785554233e-07 1.004546447802567855e-06 3.248806024203076959e-08
6.700000000000000000e+04 7.418765108013758436e-06 1.072805480362148955e-05 7.784277613609447144e-07 9.746429441293003038e-07 1.378781803396122996e-06 6.525211659891283489e-08 1.264770190800845739e-07 1.220419107994530350e-07 8.746304303031138261e-08 5.261592832539463416e-07 2.475161409165593795e-08
6.800000000000000000e+04 3.087727236561477184e-05 1.225569940288551152e-05 2.586482878541573882e-06 1.176574414785136469e-06 2.654558102221926674e-06 3.588791912534361472e-07 1.474273432222616975e-07 2.874985796097462298e-07 1.014749599903552735e-07 6.955671096875448711e-07 3.502796914744976675e-07
6.900000000000000000e+04 7.712832484685350209e-06 3.564669896150007844e-05 8.476650918964878656e-07 2.816608912326046266e-06 2.431178472761530429e-06 5.373446398948544811e-08 6.341360290207376238e-07 2.704184609569892928e-08 8.954146437645249534e-07 8.280720180664502550e-07 1.217297040057019331e-06
7.000000000000000000e+04 7.003963219176512212e-06 1.241193149326136336e-05 6.912094931976753287e-07 7.103283792275760788e-07 7.146997631934937090e-06 9.828238489717477933e-08 3.009668603226600681e-07 3.183288015407015337e-07 3.547133928805124015e-07 5.986691462567250710e-07 2.649324812864506384e-07
7.100000000000000000e+04 1.647189492359757423e-05 6.580453919013962150e-05 1.322631078437552787e-06 5.397728273237589747e-06 3.695903387779253535e-06 1.550947459350027202e-08 1.289421334149665199e-06 5.531588698204359389e-08 9.538691756461048499e-07 9.755860901350388303e-07 5.598973984888289124e-06
7.200000000000000000e+04 8.369049282919149846e-06 1.661405622144229710e-05 7.660809387743938714e-06 9.781747394299600273e-06 9.349900210509076715e-06 4.462899596546776593e-07 8.515586955581966322e-07 3.172736739998072153e-07 3.763485949548339704e-07 6.980221769481431693e-07 2.269654260089737363e-06
7.300000000000000000e+04 6.995009698584908620e-06 1.980598426598589867e-05 8.724524036551883910e-07 1.326936057921557222e-06 2.707197381823789328e-06 1.818848573975628824e-07 2.413422350855398690e-07 7.591429707076713385e-09 2.957358447019942105e-07 5.362259116736822762e-07 4.724238920061907265e-07
7.400000000000000000e+04 5.091751518193632364e-06 1.111808251152979210e-05 4.274441494089842308e-07 4.971982434653909877e-07 1.279836169487680309e-06 5.367204014561366421e-09 1.379491862962822779e-07 1.992850862109207810e-08 9.392115174478021800e-08 4.322665745348786004e-07 2.628503921187075321e-07
7.500000000000000000e+04 6.116880740592023358e-06 1.187550242320867255e-05 3.940318492823280394e-06 4.579591859510401264e-06 2.264777094751480035e-06 3.198358058398298454e-07 1.307252546212112065e-07 1.410145156199860139e-08 1.855771358805213822e-07 5.118655508340452798e-07 5.595612719844211824e-07
7.600000000000000000e+04 1.237225751538062468e-05 7.820546306902542710e-05 2.024195600824896246e-05 3.203993765055201948e-05 4.320273546909447759e-06 1.283282244912697934e-07 1.860770566963765305e-06 4.054360545069357613e-07 2.298139349932171172e-07 8.526990313839633018e-07 1.724083631415851414e-05
7.700000000000000000e+04 7.369359082076698542e-06 8.724280633032321930e-06 6.980548050705692731e-07 5.285467068461002782e-07 1.581399260430771392e-06 3.076769061749473622e-08 1.484473415303000365e-07 2.360040411986119580e-07 1.842783063921160647e-07 4.981215511179470923e-07 1.970343888046954817e-10
7.800000000000000000e+04 6.074747489037690684e-06 1.292374327022116631e-05 7.661983545403927565e-07 8.714074510862701572e-07 3.911677595169749111e-06 4.148299925788023756e-09 3.039497755707998294e-07 3.510441501930472441e-07 4.450543258371908450e-07 5.913754534958570730e-07 1.088613998945220374e-07
7.900000000000000000e+04 5.086249984742607921e-06 1.219133264385163784e-05 4.487589535528968554e-07 8.334552603628253564e-07 1.031220563163515180e-05 1.892716454676701687e-07 1.170755012935842387e-06 4.425289148457522970e-07 1.315419922320870683e-06 9.814598342927638441e-07 2.855678076230105944e-07
8.000000000000000000e+04 4.176558377366745844e-06 7.861920494178775698e-06 3.525323393205326283e-07 2.375095391471404582e-07 9.574439445714233443e-07 2.358398365487346382e-09 8.919968053078264347e-08 7.619013864257340174e-09 8.896859782225874369e-08 3.665696794996620156e-07 1.195132881548488513e-09
8.100000000000000000e+04 6.508939804916735739e-06 7.773210199957247823e-06 5.790247428194561508e-07 3.123267617866076762e-07 1.016088617689092644e-06 7.318720918192411773e-08 7.757011388775936211e-08 1.017288226989876421e-07 6.262936835810251068e-08 4.223733753860869911e-07 1.217906664408019424e-09
8.200000000000000000e+04 3.982924226875184104e-06 7.572005870315479115e-06 3.430777155699615832e-07 2.235656921811823850e-07 9.024802807289233897e-07 3.976599938226854647e-09 8.307117838057820336e-08 6.634835791885507206e-09 5.960430016216378135e-08 3.711377019044448389e-07 7.703194526698098343e-09
8.300000000000000000e+04 4.090173206350300461e-06 9.712521205074153841e-06 1.104152715925010853e-06 7.974450113579223398e-07 9.734106924952357076e-07 2.448267082399979699e-07 2.247044079695115215e-07 4.200067564852361102e-07 1.161691187689939397e-07 5.736943080592027400e-07 2.125871532143719378e-07
8.400000000000000000e+04 2.152060187654569745e-05 1.373904251522617415e-05 4.983755388821009547e-06 2.392982878518523648e-06 6.309564923867583275e-06 7.445452752108394634e-07 5.750702030127285980e-07 1.091417303200614697e-07 1.132355123445449863e-06 9.516473937765113078e-07 5.064876518190430943e-09
8.500000000000000000e+04 3.785855824389727786e-06 7.988312972884159535e-06 3.604421010550140636e-07 5.200835744290088769e-07 9.158518423646455631e-07 4.351436100336059098e-09 8.615069191364455037e-08 1.427983420398959424e-08 7.370454113697633147e-08 3.674982735901721753e-07 9.137619372268090956e-08
8.600000000000000000e+04 4.949198682879796252e-06 1.234235787705983967e-05 1.307435695707681589e-06 2.071236394840525463e-06 8.465407518087886274e-06 1.512920988488986040e-07 2.464010719904763391e-07 5.357204031497531105e-07 2.455407184243085794e-07 5.357319423637818545e-07 3.995368658138431783e-08
8.700000000000000000e+04 7.213596290966961533e-06 1.788162262528203428e-05 5.692202762475062627e-07 1.391011210216674954e-06 2.059402049781056121e-06 1.260937523284155759e-07 1.957131843255410786e-07 2.349238670262820960e-08 2.276323840533223120e-07 4.441496912477305159e-07 7.839282147870108020e-07
8.800000000000000000e+04 2.392094575043302029e-05 1.084337327483808622e-05 2.515002734071458690e-06 2.149951797036919743e-06 1.984821665246272460e-06 2.736048543283686740e-07 8.736175516332878033e-08 8.907093729249027092e-07 5.968379213072694256e-08 7.639082468813285232e-07 6.252074058465950657e-08
8.900000000000000000e+04 6.272874998103361577e-06 9.776907972991466522e-06 4.280022039893083274e-06 4.729487045551650226e-06 2.118464635714190081e-06 1.105704754422731639e-07 1.616222817801826750e-07 4.166129770055704284e-07 1.588738740565531771e-07 4.688388060003489954e-07 1.184637653750542086e-06
9.000000000000000000e+04 5.264959781925426796e-06 7.226729394460562617e-06 9.634221669330145232e-07 9.722182312543736771e-07 9.440024655305023771e-07 8.229390857650287217e-08 6.845521483000993612e-08 1.412562369296210818e-07 1.026301035267351836e-07 4.014922012629540404e-07 4.388208907357693533e-08
9.100000000000000000e+04 3.523776740621542558e-06 7.549148904217872769e-06 4.222988536639604717e-07 4.151109180838830071e-07 1.570159042785235215e-06 3.183446040111448383e-08 8.151404529144201661e-08 2.336294890881163155e-08 8.140887075569480658e-08 3.345555228406738024e-07 1.725692726495253737e-07
9.200000000000000000e+04 3.484478384052636102e-06 6.546079930558335036e-06 3.386133187177620130e-07 3.161147787977824919e-07 8.198728664865484461e-07 3.434593764950477635e-08 1.382055927479086677e-07 1.999970500321524014e-08 9.884013252303702757e-08 3.980064775532810017e-07 2.413657362865251343e-08
9.300000000000000000e+04 5.059521299699554220e-06 1.793849696696270257e-05 6.918454573678900488e-07 1.553878860249824356e-06 2.293884108439669944e-06 1.371030400321160414e-09 2.646624750468618004e-07 2.260266427356327767e-07 1.748712747939862311e-07 4.796086727765214164e-07 1.213091763929696754e-06
9.400000000000000000e+04 7.833568815840408206e-06 7.020125849521718919e-06 7.593765189994883258e-07 4.984707402400090359e-07 1.040177721733925864e-06 3.262991299379791599e-08 7.929128287287312560e-08 1.517622081337322015e-07 5.844270134502949077e-08 3.916874220522004180e-07 6.747372083282243693e-08
9.500000000000000000e+04 9.916208909999113530e-06 3.839078999590128660e-05 2.025999265242717229e-06 3.437761733948718756e-06 2.180159299314254895e-06 1.608953681397906621e-07 9.118836032939725555e-07 2.148853326389144058e-07 1.140382323683297727e-06 9.949013701771036722e-07 2.159672249035793357e-06
9.600000000000000000e+04 3.275068365837796591e-06 6.083670996304135770e-06 3.112913589120580582e-07 2.365732996167935198e-07 7.613990646859747358e-07 4.228947858564424678e-09 6.068780322721067932e-08 2.207655569463895517e-08 5.123031954212819983e-08 3.257858338656660635e-07 9.613732032676125527e-11
9.700000000000000000e+04 5.363064701668918133e-06 1.267300831386819482e-05 5.869908363820286468e-06 7.685540367674548179e-06 1.471815039622015320e-06 6.280938436020733207e-08 2.381995727773755789e-06 7.753924791131794336e-08 1.046011107064259704e-06 1.302395276070456021e-06 1.659473127801902592e-06
9.800000000000000000e+04 3.023529188794782385e-06 5.838412107550539076e-06 2.674142933756229468e-07 1.653160097703221254e-07 7.348434110099333338e-07 1.049189068957900872e-09 7.758954012615504325e-08 1.007912420192269565e-08 6.699448817926167976e-08 3.762814628771593561e-07 3.813113380601862445e-09
9.900000000000000000e+04 3.204347876817337237e-06 6.917433438502484933e-06 4.156597412929841084e-07 3.858524735278479056e-07 9.385457815369591117e-07 6.684683029334337334e-09 6.961149523476706236e-08 2.254928510581066803e-08 8.093704195744066965e-08 3.224650413358176593e-07 2.485487549108711391e-08
1.000000000000000000e+05 3.551702320692129433e-05 1.418266492692055181e-05 3.434730160734034143e-06 1.438364733985508792e-06 1.305086880165617913e-05 1.780032448550628033e-06 8.537926987628452480e-07 1.564070970516695525e-07 1.140143353950406890e-06 1.157275846708216704e-06 4.086150227067264495e-07
1.010000000000000000e+05 2.977559461214696057e-06 5.688092642230913043e-06 2.988654728142137174e-07 2.337257143381066271e-07 9.506936748948646709e-07 6.038045619050080859e-10 7.283187386519784923e-08 4.400309450147688040e-08 8.319470623519009678e-08 3.144373295072000474e-07 8.582370369936143106e-10
1.020000000000000000e+05 2.976454652525717393e-06 5.856823918293230236e-06 4.202446461931685917e-07 4.296645670365251135e-07 8.038641681196168065e-07 4.591503621753645348e-09 6.039176980721094878e-08 4.420728672016593919e-08 5.319067497566720704e-08 3.088385369665047619e-07 9.818296575758722611e-08
1.030000000000000000e+05 5.992763362883124501e-06 1.546276871522422880e-05 1.429876419933862053e-06 1.379160494252573699e-06 1.362427042295166757e-06 2.534885368277173257e-07 2.020715754724733415e-07 1.776480473836272722e-07 2.543902155593968928e-07 5.045656052971025929e-07 7.934563086564594414e-07
1.040000000000000000e+05 5.766977665189187974e-06 1.540974517411086708e-05 3.516021251925849356e-06 5.842925929755438119e-06 5.418551609182031825e-06 1.000859626287819992e-07 3.626060447459167335e-07 1.522313937130093109e-07 1.130769192059233319e-06 6.555130767083028331e-07 1.694880609193205601e-07
1.050000000000000000e+05 2.010717071243561804e-05 1.695724495220929384e-05 5.962690920569002628e-06 7.195470061560627073e-06 1.720782279335253406e-06 2.120469133615188184e-07 9.335584394420948229e-08 3.054537387470190879e-07 4.671391877764108358e-07 5.662595867761410773e-07 7.450687888876927900e-08
1.060000000000000000e+05 1.265486025658901781e-05 2.943356230389326811e-05 1.000111751636723056e-05 1.290735417569521815e-05 5.847311058460036293e-06 1.960634534725613776e-07 1.607390004210174084e-06 6.437943511627963744e-08 4.059159891767194495e-06 1.686299242464883719e-06 1.811373806503979722e-08
1.070000000000000000e+05 4.836532752960920334e-06 3.373166327946819365e-05 3.300454636701033451e-06 1.186529516417067498e-05 1.853803041740320623e-05 1.575402393427793868e-06 2.709363570829737000e-06 9.468478623375631287e-08 1.661688088461232837e-06 1.558335384288511705e-06 7.417696451739175245e-06
1.080000000000000000e+05 2.787321818686905317e-06 5.818566023663152009e-06 7.421450050060229842e-07 6.537846957144211046e-07 1.175527131636044942e-06 9.174434723036029027e-08 7.474582019995068549e-08 1.011553862895198108e-08 5.784302814504371781e-08 3.167492081956879701e-07 2.449529006298689637e-07
1.090000000000000000e+05 2.914232709372299723e-06 9.660666364652570337e-06 6.220436716830590740e-07 1.137686695074080490e-06 1.065559331436816137e-06 1.342284861038933741e-07 1.428688278792833444e-07 3.132011272555246251e-08 8.014355756813529297e-08 3.137383828288875520e-07 8.644221338727220427e-07
1.100000000000000000e+05 9.956555913959164172e-06 6.719394605170236900e-06 1.052010475177667104e-06 1.677932118582248222e-06 8.933021149459818844e-07 3.301823880974552594e-08 6.191469736904764432e-08 5.769846467273964663e-08 6.654647677351022139e-08 3.294652799468167359e-07 1.049444087186657271e-09
1.110000000000000000e+05 3.675289690363570116e-06 7.215323421405628324e-06 6.449150191656372044e-07 7.210112471511820331e-07 4.679649464378599077e-06 4.283875298938255582e-08 2.445941049700195435e-07 3.133509096642228542e-07 2.301533328363802866e-07 3.831664798781275749e-07 3.795466909650713205e-07
1.120000000000000000e+05 2.423960540909320116e-05 8.833529136609286070e-06 4.303259174776030704e-06 3.002798621309921145e-06 6.517396741401171312e-06 1.515541754315563594e-07 2.681198623122327263e-07 1.884044195321621373e-06 1.442161163822675007e-07 9.544235126668354496e-07 5.897872483728860971e-07
1.130000000000000000e+05 2.516454060241812840e-06 4.774922217620769516e-06 2.683868558506219415e-07 1.941220091339346254e-07 7.575823701699846424e-07 1.497556922913645394e-08 5.100754307818533562e-08 1.163431662121183763e-08 4.469901782044871652e-08 2.576381916696846019e-07 6.893859705314753228e-09
1.140000000000000000e+05 2.335292947464040481e-06 4.344644821685506031e-06 2.062730999341511051e-07 1.438009462617628742e-07 5.833295517732040025e-07 1.452988174222014095e-09 5.319147433624493715e-08 1.125518167555128457e-08 4.463914748953357048e-08 2.470524123054929078e-07 4.917496632117490662e-09
1.150000000000000000e+05 1.487418739998247474e-05 4.063059895997866988e-05 7.234978511405643076e-06 1.087775490304920822e-05 1.354299729428021237e-05 4.769173074237187393e-07 5.843295980412221979e-07 1.949291146274845232e-07 4.620939080268726684e-07 4.386219529806112405e-07 6.584712082258192822e-06
1.160000000000000000e+05 2.424816784696304239e-06 8.441027603112161160e-06 4.750099549255537568e-07 8.518263143741933163e-07 2.676696112757781520e-06 5.281157200442976318e-08 7.239558499350096099e-07 9.824361058008435066e-08 6.359892950058565475e-07 5.815088002236734610e-07 7.544463187514338642e-07
1.170000000000000000e+05 4.588825504470150918e-06 7.992098289832938462e-06 7.154958893806906417e-06 6.189234682096866891e-06 8.402055300393840298e-07 1.656369903457743931e-07 7.554504577456100378e-08 1.248728409564137110e-07 5.045690159022342414e-07 4.640210988782200729e-07 7.404300390589924064e-07
1.180000000000000000e+05 2.761262749118031934e-06 6.861183010187232867e-06 5.103679541207384318e-07 9.682963764134910889e-07 1.230708335242525209e-06 7.585596151216122962e-09 1.982100030772926402e-07 8.530724215916052344e-08 3.397704517738020513e-07 3.932468644052278250e-07 2.099569051949856657e-08
1.190000000000000000e+05 2.757192078206571750e-06 3.095561623922549188e-05 2.278109832332120277e-06 5.385478289099410176e-06 2.604472001621616073e-06 1.717913562515605008e-07 1.755744051479268819e-06 7.309396323762484826e-07 1.208052253787172958e-06 1.210065192935871892e-06 4.611610620486317202e-06
1.200000000000000000e+05 2.461053327351692133e-06 1.419101863575633615e-05 5.247188710200134665e-07 2.707716475924826227e-06 6.087376505092834122e-07 2.157531042712435010e-07 2.715461562274867902e-07 2.257906999147962779e-07 1.145846582062404195e-07 5.050480922363931313e-07 9.818186299526132643e-07
1.210000000000000000e+05 2.486221546860178933e-06 4.456745955394580960e-06 2.482656213942391332e-07 6.220353725439053960e-07 7.284796765816281550e-07 2.582851044152789655e-09 5.372516653778802720e-08 4.006259146649426839e-08 4.452183688385957794e-08 2.534222289796161931e-07 8.947754537302898825e-09
1.220000000000000000e+05 2.050682269327808172e-06 3.688848664751276374e-06 2.443039761601539794e-07 1.572503833813243546e-07 6.194727006914035883e-07 6.988958300979675187e-09 4.697755429106109659e-08 1.453337361567719199e-08 4.299915090655304084e-08 2.325829910887478036e-07 4.604316927725449204e-12
1.230000000000000000e+05 3.350249471623101272e-06 4.123216058360412717e-06 4.415661578605067916e-07 5.132718001732428093e-07 5.529403210857708473e-07 3.194140418827373651e-08 4.762603467156623083e-08 4.484816074068476155e-08 5.935888935937327915e-08 2.494748514436651021e-07 1.951147510226292070e-08
1.240000000000000000e+05 6.561991176567971706e-05 1.069157224264927208e-05 6.014066002535400912e-06 4.812700808543013409e-06 2.791670112856081687e-06 2.950316400074370904e-07 4.873476200373261236e-08 8.496598411511513405e-07 5.371748201810078172e-08 6.783119488318334334e-07 2.073704763461137190e-09
1.250000000000000000e+05 3.561034418453346007e-06 1.815144787542521954e-05 4.309014002501498908e-06 7.392482984869275242e-06 1.691816919446864631e-06 6.885448300408825162e-08 3.572906450699520065e-07 3.646345021479646675e-07 5.959595839044595778e-08 3.332633013997110538e-07 3.575156142687774263e-06
1.260000000000000000e+05 4.024540430691558868e-06 5.063711341790622100e-06 9.454632845518062823e-07 1.862384010564710479e-06 9.102858484766329639e-07 7.966686865756855696e-08 5.468188035706589289e-08 2.924557662709048600e-08 1.017855382201560133e-07 2.619336214593204204e-07 2.772836182884930167e-07
1.270000000000000000e+05 3.283309297330561094e-06 3.254228658988722600e-06 3.155559795686713187e-07 1.608140536291102762e-07 6.010092761243868154e-07 1.075043076781412310e-08 5.201190589332327363e-08 1.367443491773201458e-08 5.777249967309217027e-08 2.351681018808449153e-07 1.574216312860698963e-10
1.280000000000000000e+05 2.273214249726152048e-06 3.321809572298661806e-06 3.286323817519587465e-07 3.106657970874948660e-07 9.371835290039598476e-07 4.466814029768784167e-09 7.350899267066779430e-08 9.971947179110429715e-08 9.820153223927263753e-08 2.626491664159402717e-07 8.273119078694435302e-09
1.290000000000000000e+05 3.518913672451162711e-06 1.554221671540290117e-05 4.864224365519476123e-07 1.487024064772413112e-06 8.686078217579051852e-06 8.920934391198898084e-08 6.477577016994473524e-07 4.262842878688388737e-07 1.122413323173532262e-06 6.546931672346545383e-07 7.974965114954102319e-07
1.300000000000000000e+05 5.665966000378830358e-06 6.410907644749386236e-06 1.534803004688001238e-06 1.308970695390598848e-06 2.757666607067221776e-06 2.043745084279180446e-08 7.724818118504117592e-08 3.003034692028450081e-07 8.034307796833672910e-08 2.988727487718279008e-07 8.863382916501905129e-09
1.310000000000000000e+05 1.714518248263630085e-06 2.854034846677677706e-06 1.716359463443950517e-07 1.407482841386809014e-07 4.204459287393547129e-07 4.827375721383475593e-10 3.975232942821094184e-08 1.318463116461998652e-08 3.470614373668468033e-08 2.045253353344378411e-07 1.083670930768221297e-08
1.320000000000000000e+05 6.369709808495827019e-06 7.310766250157030299e-06 1.580641992404707707e-06 1.457942630622710567e-06 5.381666596804279834e-06 2.994004830725316424e-07 1.286227160335329245e-07 2.869663973115166300e-08 2.314813372095159139e-07 2.885337266889109742e-07 4.810663085663691163e-07
1.330000000000000000e+05 5.054492248746100813e-06 2.921180566772818565e-05 6.543996278196573257e-06 1.041297309711808339e-05 9.032857633428648114e-06 2.032068202595382900e-08 7.112330990821646992e-07 1.202571752401127014e-06 2.495642092981142923e-07 7.144850542317726649e-07 6.385269898601109162e-06
1.340000000000000000e+05 3.483622322164592333e-06 3.331066181999631226e-06 8.122566441670642234e-07 9.275178172174491920e-07 1.093860532819235232e-06 7.348444341914728284e-08 6.984511458085762570e-08 3.403527841783215990e-07 1.187398765978286974e-07 3.642476826826168690e-07 5.381531309467391111e-08
1.350000000000000000e+05 1.754892537064733915e-06 7.385889603028772399e-06 3.160865844620275311e-07 7.674688617953506764e-07 8.965998290477728005e-07 3.815221027991810843e-09 1.479530595815958804e-07 3.937720549629375455e-08 1.302590533214242896e-07 2.612646881061664317e-07 6.912183607710176148e-07
1.360000000000000000e+05 4.274358161637792364e-06 5.507177775143645704e-06 1.467813603994727600e-06 2.598797436803579330e-06 5.055835003986430820e-07 5.031984784409360145e-08 1.145598886864718224e-07 1.124907669236563379e-07 3.816787597088477924e-08 2.711495596940949326e-07 1.116679868573555723e-06
1.370000000000000000e+05 1.927578296090359800e-06 3.455842715993640013e-06 7.551026328656007536e-07 5.721968818761524744e-07 1.522776756246457808e-06 6.334303037647259771e-08 7.382061539829010144e-08 2.848590519022309309e-08 6.542974517742550233e-08 2.027488790190545842e-07 2.978566726596909575e-08
1.380000000000000000e+05 3.871868557325797155e-06 6.817896064603701234e-06 2.155967877115472220e-06 3.405354846108821221e-06 4.865524374508822802e-07 5.411885695139062591e-08 2.721758960433362518e-07 1.078652474006958073e-07 4.797321651039965218e-08 2.670390131243038923e-07 1.319513444286712911e-06
1.390000000000000000e+05 2.753536136879120022e-06 4.208245172776514664e-06 5.217638658905343618e-07 1.012126517707656603e-06 4.261814012807008112e-07 3.263577630363556636e-09 7.342591601400272339e-08 2.044454561200836906e-08 3.499640044424268126e-08 1.757805279112290009e-07 4.159631714628631016e-07
1.400000000000000000e+05 2.502797087799990550e-06 4.234218522469745949e-06 7.448911105711886194e-07 1.359402745038096327e-06 4.084270130988443270e-07 5.308297801320804865e-09 6.289765508427080931e-08 1.682898975730040547e-08 4.223197080932550307e-08 1.856892879459337564e-07 6.506033400910382625e-07
1.410000000000000000e+05 5.294828952173702419e-06 7.017029929556883872e-06 6.982721743042930029e-07 9.456361453885619994e-07 1.190587340715865139e-06 5.017198034806824580e-08 7.392484491219875054e-08 3.239396733079047408e-07 4.724388347199237614e-08 3.237610144424252212e-07 6.303309874056139961e-07
1.420000000000000000e+05 2.000118229261715896e-06 1.988246731343679130e-05 2.366706212342251092e-06 5.218502792558865622e-06 7.040417244752461556e-07 1.039254993173699404e-08 5.356280325941042975e-07 3.437979856357742392e-08 1.416533450537826866e-07 2.967287286992359441e-07 3.700660499816876836e-06
1.430000000000000000e+05 6.109656624175840989e-06 1.190191960631636903e-05 1.012627944874111563e-05 1.136793071054853499e-05 2.103371571138268337e-06 2.105668528429305297e-07 1.244398646349509363e-07 5.256350021909383941e-08 1.991912199628131930e-07 2.170705499793257331e-07 2.173885832235100679e-06
1.440000000000000000e+05 4.674539923144038767e-06 1.507914112153230235e-05 2.062150088022463024e-06 2.391242333033005707e-06 1.179357968794647604e-05 3.661364988971627099e-09 3.254346552239439916e-07 1.186539634545624722e-06 3.328204911667853594e-07 5.664558102580485865e-07 1.889285726974776480e-06
1.450000000000000000e+05 1.346867065876722336e-06 1.966372792594484054e-06 1.457012643868438317e-07 1.060926777540771582e-07 3.630394189713115338e-07 2.216876682226143203e-09 3.734983877734521229e-08 1.116487169383617584e-08 3.564064243732900650e-08 1.769170268062225659e-07 3.115844249279575706e-09
1.460000000000000000e+05 2.218775807705242187e-05 1.087274267774773762e-05 2.246918938908493146e-06 3.631305162343778647e-06 6.196634785737842321e-06 9.956056601367890835e-08 1.640805606939466088e-07 1.560303871883661486e-06 1.418235200389972306e-07 7.853747092667617835e-07 1.392890567331050988e-07
1.470000000000000000e+05 1.325805783380928915e-06 2.523707962609478272e-06 1.589879872199162492e-07 2.087792267957411241e-07 3.635118162037542788e-07 2.228158324513174193e-09 5.815438797185379372e-08 1.825232409657928656e-08 5.045427187155837601e-08 1.851214790349331452e-07 1.272589997824979946e-07
1.480000000000000000e+05 6.142842721601482481e-06 1.674569648457691073e-05 1.088731778509099968e-06 3.965013547713169828e-06 1.090072601073188707e-06 2.431769985378195997e-08 4.260640551478900306e-08 1.848450779107224662e-07 5.671752489888604032e-08 2.202111488713853760e-07 2.443337905333464732e-07
1.490000000000000000e+05 3.209243686796980910e-06 8.482869816361926496e-06 3.682511533042998053e-06 4.011859346064738929e-06 1.021386765387433115e-06 5.190499408058713016e-08 6.823410814149610815e-08 5.831453719906676270e-08 3.329718651912116911e-07 2.573462438704154920e-07 2.952905298059249617e-08
1.500000000000000000e+05 1.853114781624753959e-06 5.010303993913112208e-06 2.845945346052758396e-07 2.427096035262366058e-07 1.003424017653742339e-06 1.747213751457366016e-08 1.391606133438472170e-06 6.922360995531562367e-08 1.356065354229940567e-06 6.996755246291286312e-07 2.647801977673225338e-10
