# x y true_fields pred_fields error_fields
1.111111119389533997e-01 1.111111119389533997e-01 5.199013277888298035e-03 1.834546960890293121e-02 1.250389814376831055e-01 2.070720046758651733e-01 1.798106543719768524e-02 6.730788946151733398e-01 3.371332585811614990e-01 8.666957616806030273e-01 2.853902578353881836e-01 6.670703180134296417e-03 1.845810934901237488e-02 1.046136170625686646e-01 1.318926960229873657e-01 8.088238537311553955e-03 5.601096153259277344e-01 1.117279008030891418e-01 3.142862617969512939e-01 4.064807295799255371e-01 1.471689902245998383e-03 1.126397401094436646e-04 -2.042536437511444092e-02 -7.517930865287780762e-02 -9.892826899886131287e-03 -1.129692792892456055e-01 -2.254053652286529541e-01 -5.524095296859741211e-01 1.210904717445373535e-01
2.222222238779067993e-01 1.111111119389533997e-01 9.770948439836502075e-03 1.976666413247585297e-02 1.226828992366790771e-01 2.188857495784759521e-01 2.825987152755260468e-02 6.764907240867614746e-01 3.351877033710479736e-01 8.630257844924926758e-01 2.873768210411071777e-01 1.049576420336961746e-02 2.022936567664146423e-02 1.005491167306900024e-01 1.362026780843734741e-01 1.161763817071914673e-02 5.321620106697082520e-01 1.221221238374710083e-01 3.403328359127044678e-01 3.934119045734405518e-01 7.248157635331153870e-04 4.627015441656112671e-04 -2.213378250598907471e-02 -8.268307149410247803e-02 -1.664223335683345795e-02 -1.443287134170532227e-01 -2.130655795335769653e-01 -5.226929187774658203e-01 1.060350835323333740e-01
3.333333432674407959e-01 1.111111119389533997e-01 1.316436287015676498e-02 2.072950266301631927e-02 1.121711805462837219e-01 2.217943072319030762e-01 3.496995195746421814e-02 6.753002405166625977e-01 3.329732418060302734e-01 8.579144477844238281e-01 2.882634401321411133e-01 1.329072285443544388e-02 2.112432941794395447e-02 8.384047448635101318e-02 1.383787542581558228e-01 1.715110987424850464e-02 4.851763248443603516e-01 1.592401564121246338e-01 4.306101202964782715e-01 3.520778119564056396e-01 1.263599842786788940e-04 3.948267549276351929e-04 -2.833070605993270874e-02 -8.341555297374725342e-02 -1.781884208321571350e-02 -1.901239156723022461e-01 -1.737330853939056396e-01 -4.273043274879455566e-01 6.381437182426452637e-02
4.444444477558135986e-01 1.111111119389533997e-01 1.496996171772480011e-02 2.112803980708122253e-02 9.492533653974533081e-02 2.160123586654663086e-01 3.757469728589057922e-02 6.699374318122863770e-01 3.315275609493255615e-01 8.537524342536926270e-01 2.876039445400238037e-01 1.475558895617723465e-02 2.142887935042381287e-02 5.768078193068504333e-02 1.284831464290618896e-01 2.347782999277114868e-02 4.085310101509094238e-01 1.914058327674865723e-01 4.966531395912170410e-01 2.973825335502624512e-01 -2.143727615475654602e-04 3.008395433425903320e-04 -3.724455460906028748e-02 -8.752921223640441895e-02 -1.409686729311943054e-02 -2.614064216613769531e-01 -1.401217281818389893e-01 -3.570992946624755859e-01 9.778589010238647461e-03
5.555555820465087891e-01 1.111111119389533997e-01 1.496995985507965088e-02 2.095914073288440704e-02 7.373087853193283081e-02 2.037989944219589233e-01 3.596707433462142944e-02 6.622116565704345703e-01 3.315276801586151123e-01 8.523445725440979004e-01 2.854802906513214111e-01 1.471060235053300858e-02 2.126852795481681824e-02 2.751305513083934784e-02 1.255825608968734741e-01 2.790480107069015503e-02 3.454442322254180908e-01 2.488263994455337524e-01 6.019494533538818359e-01 2.095771431922912598e-01 -2.593575045466423035e-04 3.093872219324111938e-04 -4.621782153844833374e-02 -7.821643352508544922e-02 -8.062273263931274414e-03 -3.167674243450164795e-01 -8.270128071308135986e-02 -2.503951191902160645e-01 -7.590314745903015137e-02
6.666666865348815918e-01 1.111111119389533997e-01 1.316436100751161575e-02 2.030183561146259308e-02 5.216872319579124451e-02 1.884678602218627930e-01 3.032080642879009247e-02 6.557849049568176270e-01 3.329736888408660889e-01 8.543267250061035156e-01 2.828742265701293945e-01 1.308835018426179886e-02 2.056490629911422729e-02 -8.103576255962252617e-04 1.236971169710159302e-01 2.765748649835586548e-02 2.883718907833099365e-01 3.048994839191436768e-01 6.763331294059753418e-01 1.091082841157913208e-01 -7.601082324981689453e-05 2.630706876516342163e-04 -5.297908186912536621e-02 -6.477074325084686279e-02 -2.663319930434226990e-03 -3.674130141735076904e-01 -2.807420492172241211e-02 -1.779935956001281738e-01 -1.737659424543380737e-01
7.777777910232543945e-01 1.111111119389533997e-01 9.770944714546203613e-03 1.928033865988254547e-02 3.368616476655006409e-02 1.730692386627197266e-01 2.108961716294288635e-02 6.554397940635681152e-01 3.351891338825225830e-01 8.591177463531494141e-01 2.815416753292083740e-01 9.971541352570056915e-03 1.943244785070419312e-02 -2.289560995995998383e-02 1.268572956323623657e-01 2.204460650682449341e-02 2.588109970092773438e-01 3.613101243972778320e-01 7.397094368934631348e-01 2.364889904856681824e-02 2.005966380238533020e-04 1.521091908216476440e-04 -5.658177286386489868e-02 -4.621194303035736084e-02 9.549893438816070557e-04 -3.966287970542907715e-01 2.612099051475524902e-02 -1.194083094596862793e-01 -2.578927874565124512e-01
8.888888955116271973e-01 1.111111119389533997e-01 5.199010483920574188e-03 1.802804507315158844e-02 2.020761743187904358e-02 1.589052528142929077e-01 9.134397841989994049e-03 6.599991917610168457e-01 3.371373116970062256e-01 8.642541170120239258e-01 2.817537784576416016e-01 5.652782507240772247e-03 1.832311041653156281e-02 -3.756569698452949524e-02 1.339248567819595337e-01 1.315136253833770752e-02 2.597952783107757568e-01 4.116410911083221436e-01 8.081107735633850098e-01 -1.842795312404632568e-02 4.537720233201980591e-04 2.950653433799743652e-04 -5.777331441640853882e-02 -2.498039603233337402e-02 4.016964696347713470e-03 -4.002039134502410889e-01 7.450377941131591797e-02 -5.614334344863891602e-02 -3.001817464828491211e-01
1.111111119389533997e-01 2.222222238779067993e-01 8.549579419195652008e-03 3.700836375355720520e-02 1.601393371820449829e-01 2.248333841562271118e-01 1.759892702102661133e-02 6.787198185920715332e-01 3.383609056472778320e-01 8.704370260238647461e-01 2.862552404403686523e-01 9.817411191761493683e-03 3.657689318060874939e-02 1.337995529174804688e-01 1.562006771564483643e-01 6.973780691623687744e-03 6.079510450363159180e-01 1.109250262379646301e-01 3.136963546276092529e-01 4.140017330646514893e-01 1.267831772565841675e-03 -4.314705729484558105e-04 -2.633978426456451416e-02 -6.863270699977874756e-02 -1.062514632940292358e-02 -7.076877355575561523e-02 -2.274358868598937988e-01 -5.567406415939331055e-01 1.277464926242828369e-01
2.222222238779067993e-01 2.222222238779067993e-01 1.606795378029346466e-02 4.001965001225471497e-02 1.532635986804962158e-01 2.366030812263488770e-01 2.077314071357250214e-02 6.851307749748229980e-01 3.352167010307312012e-01 8.646354675292968750e-01 2.896665334701538086e-01 1.646875962615013123e-02 4.017950966954231262e-02 1.246336102485656738e-01 1.558293253183364868e-01 8.624769747257232666e-03 5.564357042312622070e-01 1.278021633625030518e-01 3.561403751373291016e-01 3.933268785476684570e-01 4.008058458566665649e-04 1.598596572875976562e-04 -2.862998843193054199e-02 -8.077375590801239014e-02 -1.214837096631526947e-02 -1.286950707435607910e-01 -2.074145376682281494e-01 -5.084950923919677734e-01 1.036603450775146484e-01
3.333333432674407959e-01 2.222222238779067993e-01 2.164829708635807037e-02 4.188667237758636475e-02 1.330016851425170898e-01 2.344375848770141602e-01 2.123090066015720367e-02 6.828029751777648926e-01 3.313310146331787109e-01 8.555994629859924316e-01 2.911551296710968018e-01 2.183882519602775574e-02 4.216097667813301086e-02 9.780718386173248291e-02 1.481898128986358643e-01 1.156721264123916626e-02 4.849523305892944336e-01 1.697139441967010498e-01 4.559533298015594482e-01 3.432995975017547607e-01 1.905281096696853638e-04 2.743043005466461182e-04 -3.519450128078460693e-02 -8.624777197837829590e-02 -9.663688018918037415e-03 -1.978506445884704590e-01 -1.616170704364776611e-01 -3.996461331844329834e-01 5.214446783065795898e-02
4.444444477558135986e-01 2.222222238779067993e-01 2.461753226816654205e-02 4.242497682571411133e-02 1.019695773720741272e-01 2.195290029048919678e-01 1.957229152321815491e-02 6.704893708229064941e-01 3.287535607814788818e-01 8.477110862731933594e-01 2.892805039882659912e-01 2.491869404911994934e-02 4.268078133463859558e-02 5.834418162703514099e-02 1.268440485000610352e-01 1.469434052705764771e-02 3.911370635032653809e-01 1.972891986370086670e-01 5.066782832145690918e-01 2.841002941131591797e-01 3.011617809534072876e-04 2.558045089244842529e-04 -4.362539574503898621e-02 -9.268495440483093262e-02 -4.877950996160507202e-03 -2.793523073196411133e-01 -1.314643621444702148e-01 -3.410328030586242676e-01 -5.180209875106811523e-03
5.555555820465087891e-01 2.222222238779067993e-01 2.461753226816654205e-02 4.174938052892684937e-02 6.389926373958587646e-02 1.954201012849807739e-01 1.638724841177463531e-02 6.411066055297851562e-01 3.288202583789825439e-01 8.424340486526489258e-01 2.809948027133941650e-01 2.498948201537132263e-02 4.198778048157691956e-02 1.279721874743700027e-02 1.125959455966949463e-01 1.594565063714981079e-02 2.890431880950927734e-01 2.525507509708404541e-01 5.867591500282287598e-01 1.616658270359039307e-01 3.719497472047805786e-04 2.383999526500701904e-04 -5.110204592347145081e-02 -8.282415568828582764e-02 -4.415977746248245239e-04 -3.520634174346923828e-01 -7.626950740814208984e-02 -2.556748986244201660e-01 -1.193289756774902344e-01
6.666666865348815918e-01 2.222222238779067993e-01 2.164829522371292114e-02 4.017600417137145996e-02 2.741012349724769592e-02 1.707857847213745117e-01 1.198695413768291473e-02 6.092614531517028809e-01 3.315677940845489502e-01 8.419670462608337402e-01 2.696755230426788330e-01 2.190550789237022400e-02 4.033501073718070984e-02 -2.860827185213565826e-02 1.033970713615417480e-01 1.396281272172927856e-02 1.793909221887588501e-01 3.057889640331268311e-01 5.849813818931579590e-01 -4.348843544721603394e-02 2.572126686573028564e-04 1.590065658092498779e-04 -5.601839721202850342e-02 -6.738871335983276367e-02 1.975858584046363831e-03 -4.298705458641052246e-01 -2.577883005142211914e-02 -2.569856643676757812e-01 -3.131639659404754639e-01
7.777777910232543945e-01 2.222222238779067993e-01 1.606794819235801697e-02 3.807435184717178345e-02 2.176783978939056396e-03 1.546825617551803589e-01 6.441341247409582138e-03 6.224513649940490723e-01 3.357439935207366943e-01 8.537335991859436035e-01 2.714055478572845459e-01 1.617169007658958435e-02 3.821388259530067444e-02 -5.604765191674232483e-02 1.067330986261367798e-01 9.390555322170257568e-03 1.228709593415260315e-01 3.599925637245178223e-01 5.463775992393493652e-01 -2.411265522241592407e-01 1.037418842315673828e-04 1.395307481288909912e-04 -5.822443589568138123e-02 -4.794946312904357910e-02 2.949214074760675430e-03 -4.995804131031036377e-01 2.424857020378112793e-02 -3.073559999465942383e-01 -5.125321149826049805e-01
8.888888955116271973e-01 2.222222238779067993e-01 8.549575693905353546e-03 3.573866188526153564e-02 -1.443383097648620605e-02 1.428913325071334839e-01 -1.595416542841121554e-04 6.499303579330444336e-01 3.394104242324829102e-01 8.672623634338378906e-01 2.776012122631072998e-01 8.753833360970020294e-03 3.633818030357360840e-02 -7.348668575286865234e-02 1.151949018239974976e-01 4.342041909694671631e-03 1.026766449213027954e-01 4.093879163265228271e-01 5.273233652114868164e-01 -3.559612333774566650e-01 2.042576670646667480e-04 5.995184183120727539e-04 -5.905285477638244629e-02 -2.769643068313598633e-02 4.501583520323038101e-03 -5.472537279129028320e-01 6.997749209403991699e-02 -3.399389982223510742e-01 -6.335624456405639648e-01
1.111111119389533997e-01 3.333333432674407959e-01 9.873271919786930084e-03 5.598868429660797119e-02 1.754754185676574707e-01 2.310776114463806152e-01 1.698016747832298279e-02 6.830290555953979492e-01 3.194404244422912598e-01 8.290737271308898926e-01 2.976968288421630859e-01 1.060007233172655106e-02 5.558141693472862244e-02 1.413422077894210815e-01 1.638579666614532471e-01 7.309503853321075439e-03 5.667932033538818359e-01 1.034923046827316284e-01 2.926641702651977539e-01 4.139415323734283447e-01 7.268004119396209717e-04 -4.072673618793487549e-04 -3.413321077823638916e-02 -6.721964478492736816e-02 -9.670663625001907349e-03 -1.162358522415161133e-01 -2.159481197595596313e-01 -5.364095568656921387e-01 1.162447035312652588e-01
2.222222238779067993e-01 3.333333432674407959e-01 1.855568028986454010e-02 6.075897067785263062e-02 1.680027097463607788e-01 2.445410341024398804e-01 1.293124724179506302e-02 6.916645169258117676e-01 3.205935060977935791e-01 8.330686092376708984e-01 2.992599606513977051e-01 1.855148747563362122e-02 6.081056222319602966e-02 1.300354301929473877e-01 1.615103036165237427e-01 5.716688930988311768e-03 5.152764916419982910e-01 1.271678805351257324e-01 3.525047600269317627e-01 3.859819769859313965e-01 -4.192814230918884277e-06 5.159154534339904785e-05 -3.796727955341339111e-02 -8.303073048591613770e-02 -7.214558310806751251e-03 -1.763880252838134766e-01 -1.934256255626678467e-01 -4.805638492107391357e-01 8.672201633453369141e-02
3.333333432674407959e-01 3.333333432674407959e-01 2.500000223517417908e-02 6.347151100635528564e-02 1.437417119741439819e-01 2.403262406587600708e-01 6.981687620282173157e-03 6.883466839790344238e-01 3.201491236686706543e-01 8.315324783325195312e-01 2.986643314361572266e-01 2.522306516766548157e-02 6.362248957157135010e-02 1.003089100122451782e-01 1.496717780828475952e-01 4.405088722705841064e-03 4.504191279411315918e-01 1.641822606325149536e-01 4.391843974590301514e-01 3.374904692173004150e-01 2.230629324913024902e-04 1.509785652160644531e-04 -4.343280196189880371e-02 -9.065446257591247559e-02 -2.576598897576332092e-03 -2.379275560379028320e-01 -1.559668630361557007e-01 -3.923480808734893799e-01 3.882613778114318848e-02
4.444444477558135986e-01 3.333333432674407959e-01 2.842895314097404480e-02 6.389081478118896484e-02 1.052174940705299377e-01 2.194444239139556885e-01 9.852466173470020294e-04 6.672764420509338379e-01 3.204940855503082275e-01 8.287920951843261719e-01 2.929913103580474854e-01 2.921069040894508362e-02 6.400142610073089600e-02 5.686416849493980408e-02 1.227363646030426025e-01 2.765037119388580322e-03 3.575891554355621338e-01 1.877388060092926025e-01 4.793314039707183838e-01 2.765912115573883057e-01 7.817372679710388184e-04 1.106113195419311523e-04 -4.835332557559013367e-02 -9.670805931091308594e-02 1.779790502041578293e-03 -3.096872866153717041e-01 -1.327552795410156250e-01 -3.494606912136077881e-01 -1.640009880065917969e-02
5.555555820465087891e-01 3.333333432674407959e-01 2.842894941568374634e-02 6.237072870135307312e-02 5.445099622011184692e-02 1.841934621334075928e-01 -3.710692515596747398e-03 5.978924632072448730e-01 3.234179317951202393e-01 8.220330476760864258e-01 2.708525955677032471e-01 2.946291491389274597e-02 6.240572035312652588e-02 3.285241313278675079e-03 9.958992898464202881e-02 1.574233174324035645e-04 2.260221242904663086e-01 2.385812848806381226e-01 5.294530391693115234e-01 1.095861643552780151e-01 1.033965498208999634e-03 3.499165177345275879e-05 -5.116575583815574646e-02 -8.460353314876556396e-02 3.868115833029150963e-03 -3.718703389167785645e-01 -8.483664691448211670e-02 -2.925800085067749023e-01 -1.612664312124252319e-01
6.666666865348815918e-01 3.333333432674407959e-01 2.500000037252902985e-02 5.962250754237174988e-02 7.967282086610794067e-03 1.517322510480880737e-01 -6.607891991734504700e-03 5.153606534004211426e-01 3.290734589099884033e-01 8.139718174934387207e-01 2.367630600929260254e-01 2.576246485114097595e-02 5.955228954553604126e-02 -4.351909458637237549e-02 8.431428670883178711e-02 -2.786539494991302490e-03 7.639142125844955444e-02 2.866321802139282227e-01 3.820544481277465820e-01 -3.335457742214202881e-01 7.624644786119461060e-04 -7.021799683570861816e-05 -5.148637667298316956e-02 -6.741796433925628662e-02 3.821352496743202209e-03 -4.389692246913909912e-01 -4.244127869606018066e-02 -4.319173693656921387e-01 -5.703088045120239258e-01
7.777777910232543945e-01 3.333333432674407959e-01 1.855567470192909241e-02 5.638204142451286316e-02 -1.531005650758743286e-02 1.406071782112121582e-01 -8.009299635887145996e-03 5.608739852905273438e-01 3.359513282775878906e-01 8.401167392730712891e-01 2.503548562526702881e-01 1.882968470454216003e-02 5.636883154511451721e-02 -6.616181880235671997e-02 9.243147075176239014e-02 -4.524372518062591553e-03 4.148922115564346313e-02 3.348621428012847900e-01 2.722194790840148926e-01 -5.935349464416503906e-01 2.740100026130676270e-04 -1.320987939834594727e-05 -5.085176229476928711e-02 -4.817570745944976807e-02 3.484927117824554443e-03 -5.193847417831420898e-01 -1.089185476303100586e-03 -5.678972601890563965e-01 -8.438898324966430664e-01
8.888888955116271973e-01 3.333333432674407959e-01 9.873267263174057007e-03 5.313185602426528931e-02 -2.971149981021881104e-02 1.345020532608032227e-01 -8.734902366995811462e-03 6.358060836791992188e-01 3.416403830051422119e-01 8.692317605018615723e-01 2.721444070339202881e-01 9.965595789253711700e-03 5.380742251873016357e-02 -7.998929917812347412e-02 1.045682132244110107e-01 -3.907777369022369385e-03 4.229994118213653564e-02 3.829695880413055420e-01 2.859483659267425537e-01 -6.266696453094482422e-01 9.232852607965469360e-05 6.755664944648742676e-04 -5.027779936790466309e-02 -2.993384003639221191e-02 4.827124997973442078e-03 -5.935061573982238770e-01 4.132920503616333008e-02 -5.832834243774414062e-01 -8.988140821456909180e-01
1.111111119389533997e-01 4.444444477558135986e-01 9.356226772069931030e-03 7.528643310070037842e-02 1.741465926170349121e-01 2.356242686510086060e-01 1.949526928365230560e-02 6.921546459197998047e-01 3.257948458194732666e-01 8.448314666748046875e-01 2.965696752071380615e-01 9.696145541965961456e-03 7.698847353458404541e-02 1.147137135267257690e-01 1.663739383220672607e-01 1.090789586305618286e-02 4.750607311725616455e-01 2.202045470476150513e-01 5.722026824951171875e-01 2.992527782917022705e-01 3.399187698960304260e-04 1.702040433883666992e-03 -5.943287909030914307e-02 -6.925033032894134521e-02 -8.587373420596122742e-03 -2.170939147472381592e-01 -1.055902987718582153e-01 -2.726287841796875000e-01 2.683103084564208984e-03
2.222222238779067993e-01 4.444444477558135986e-01 1.758395321667194366e-02 8.198460936546325684e-02 1.687992513179779053e-01 2.498263120651245117e-01 8.009478449821472168e-03 7.019767165184020996e-01 3.180404305458068848e-01 8.289345502853393555e-01 3.031904101371765137e-01 1.730119064450263977e-02 8.307756483554840088e-02 1.100382804870605469e-01 1.627923846244812012e-01 4.090286791324615479e-03 4.639654755592346191e-01 2.072249203920364380e-01 5.411139130592346191e-01 3.056198954582214355e-01 -2.827625721693038940e-04 1.092955470085144043e-03 -5.876097083091735840e-02 -8.703392744064331055e-02 -3.919191658496856689e-03 -2.380112409591674805e-01 -1.108155101537704468e-01 -2.878206372261047363e-01 2.429485321044921875e-03
3.333333432674407959e-01 4.444444477558135986e-01 2.369079552590847015e-02 8.548400551080703735e-02 1.459837704896926880e-01 2.439892441034317017e-01 -4.369670525193214417e-03 6.983936429023742676e-01 3.119868338108062744e-01 8.146530389785766602e-01 3.055888712406158447e-01 2.370217069983482361e-02 8.613692224025726318e-02 8.542571961879730225e-02 1.495189666748046875e-01 -3.731809556484222412e-03 4.157877564430236816e-01 2.187845855951309204e-01 5.584099292755126953e-01 2.761638760566711426e-01 1.137517392635345459e-05 6.529167294502258301e-04 -6.055805087089538574e-02 -9.447027742862701416e-02 6.378609687089920044e-04 -2.826058864593505859e-01 -9.320224821567535400e-02 -2.562431097030639648e-01 -2.942499518394470215e-02
4.444444477558135986e-01 4.444444477558135986e-01 2.694017812609672546e-02 8.552554994821548462e-02 1.087772920727729797e-01 2.203150093555450439e-01 -1.457812078297138214e-02 6.791164278984069824e-01 3.088845014572143555e-01 8.046584129333496094e-01 3.025231659412384033e-01 2.756316587328910828e-02 8.584108948707580566e-02 4.687270149588584900e-02 1.220560222864151001e-01 -1.189323514699935913e-02 3.350793123245239258e-01 2.265132665634155273e-01 5.545755624771118164e-01 2.241570353507995605e-01 6.229877471923828125e-04 3.155395388603210449e-04 -6.190459057688713074e-02 -9.825898706912994385e-02 2.684885635972023010e-03 -3.440371155738830566e-01 -8.237123489379882812e-02 -2.500828504562377930e-01 -7.836613059043884277e-02
5.555555820465087891e-01 4.444444477558135986e-01 2.694017626345157623e-02 8.282317221164703369e-02 6.188413500785827637e-02 1.858423054218292236e-01 -2.082047425210475922e-02 6.313620805740356445e-01 3.126539289951324463e-01 8.050701022148132324e-01 2.874779701232910156e-01 2.789784595370292664e-02 8.287300914525985718e-02 1.359892194159328938e-03 1.017997562885284424e-01 -1.874273270368576050e-02 2.360921800136566162e-01 2.667088806629180908e-01 5.812506675720214844e-01 8.967249840497970581e-02 9.576696902513504028e-04 4.983693361282348633e-05 -6.052424386143684387e-02 -8.404254913330078125e-02 2.077741548418998718e-03 -3.952699005603790283e-01 -4.594504833221435547e-02 -2.238194346427917480e-01 -1.978054642677307129e-01
6.666666865348815918e-01 4.444444477558135986e-01 2.369079366326332092e-02 7.864134013652801514e-02 1.822815090417861938e-02 1.551354378461837769e-01 -2.253338508307933807e-02 5.789321064949035645e-01 3.225668668746948242e-01 8.161254525184631348e-01 2.650485634803771973e-01 2.449293062090873718e-02 7.849274575710296631e-02 -3.889912739396095276e-02 8.872039616107940674e-02 -2.158922702074050903e-02 1.111462563276290894e-01 3.081395328044891357e-01 4.804354906082153320e-01 -2.204253971576690674e-01 8.021369576454162598e-04 -1.485943794250488281e-04 -5.712727829813957214e-02 -6.641504168510437012e-02 9.441580623388290405e-04 -4.677858352661132812e-01 -1.442733407020568848e-02 -3.356899619102478027e-01 -4.854739606380462646e-01
7.777777910232543945e-01 4.444444477558135986e-01 1.758394762873649597e-02 7.420340180397033691e-02 -9.247064590454101562e-03 1.410590857267379761e-01 -2.025571092963218689e-02 6.016888618469238281e-01 3.354475498199462891e-01 8.486351370811462402e-01 2.649296820163726807e-01 1.797639951109886169e-02 7.408905774354934692e-02 -6.323038041591644287e-02 9.237782657146453857e-02 -1.885826140642166138e-02 5.331793054938316345e-02 3.524761199951171875e-01 3.300738036632537842e-01 -5.317785739898681641e-01 3.924518823623657227e-04 -1.143440604209899902e-04 -5.398331582546234131e-02 -4.868125915527343750e-02 1.397449523210525513e-03 -5.483709573745727539e-01 1.702857017517089844e-02 -5.185613632202148438e-01 -7.967082262039184570e-01
8.888888955116271973e-01 4.444444477558135986e-01 9.356222115457057953e-03 7.020761817693710327e-02 -2.641450613737106323e-02 1.355322897434234619e-01 -1.568151824176311493e-02 6.472718119621276855e-01 3.475084304809570312e-01 8.842749595642089844e-01 2.723071575164794922e-01 9.497341699898242950e-03 7.081880420446395874e-02 -7.895228266716003418e-02 1.023802757263183594e-01 -1.119972020387649536e-02 5.141340196132659912e-02 3.996109068393707275e-01 3.338590562343597412e-01 -5.822698473930358887e-01 1.411195844411849976e-04 6.111860275268554688e-04 -5.253777652978897095e-02 -3.315201401710510254e-02 4.481798037886619568e-03 -5.958583950996398926e-01 5.210247635841369629e-02 -5.504158735275268555e-01 -8.545770049095153809e-01
1.111111119389533997e-01 5.555555820465087891e-01 7.484979461878538132e-03 9.490160644054412842e-02 1.968583166599273682e-01 2.933504283428192139e-01 3.163376078009605408e-02 8.685744404792785645e-01 4.256051778793334961e-01 1.097547769546508789e+00 2.893967032432556152e-01 7.704460062086582184e-03 9.586378931999206543e-02 1.425037533044815063e-01 2.184593826532363892e-01 1.994899660348892212e-02 6.899999976158142090e-01 3.345031440258026123e-01 8.639059662818908691e-01 2.913270592689514160e-01 2.194806002080440521e-04 9.621828794479370117e-04 -5.435456335544586182e-02 -7.489104568958282471e-02 -1.168476417660713196e-02 -1.785744428634643555e-01 -9.110203385353088379e-02 -2.336418032646179199e-01 1.930356025695800781e-03
2.222222238779067993e-01 5.555555820465087891e-01 1.406716089695692062e-02 1.036965698003768921e-01 1.937155425548553467e-01 3.167869150638580322e-01 8.819379843771457672e-03 8.783982992172241211e-01 4.245930016040802002e-01 1.097022533416748047e+00 2.918517589569091797e-01 1.374452654272317886e-02 1.033360213041305542e-01 1.384553760290145874e-01 2.233756035566329956e-01 5.518563091754913330e-03 6.459526419639587402e-01 2.998830676078796387e-01 7.790858745574951172e-01 2.989827096462249756e-01 -3.226343542337417603e-04 -3.605484962463378906e-04 -5.526016652584075928e-02 -9.341131150722503662e-02 -3.300816752016544342e-03 -2.324456572532653809e-01 -1.247099339962005615e-01 -3.179366588592529297e-01 7.130950689315795898e-03
3.333333432674407959e-01 5.555555820465087891e-01 1.895263418555259705e-02 1.079241782426834106e-01 1.704490035772323608e-01 3.135376274585723877e-01 -1.588157005608081818e-02 8.749706149101257324e-01 4.220660030841827393e-01 1.090804815292358398e+00 2.922206819057464600e-01 1.867796108126640320e-02 1.071213334798812866e-01 1.126171797513961792e-01 2.152396142482757568e-01 -1.135989278554916382e-02 5.821093916893005371e-01 3.097421526908874512e-01 7.892406582832336426e-01 2.740285098552703857e-01 -2.746731042861938477e-04 -8.028447628021240234e-04 -5.783182382583618164e-02 -9.829801321029663086e-02 4.521677270531654358e-03 -2.928612232208251953e-01 -1.123238503932952881e-01 -3.015641570091247559e-01 -1.819217205047607422e-02
4.444444477558135986e-01 5.555555820465087891e-01 2.155214175581932068e-02 1.073291972279548645e-01 1.333785653114318848e-01 2.815499007701873779e-01 -3.393103182315826416e-02 8.595285415649414062e-01 4.003461897373199463e-01 1.039627909660339355e+00 2.984111905097961426e-01 2.158569917082786560e-02 1.064023077487945557e-01 7.120385766029357910e-02 1.844242513179779053e-01 -2.759095281362533569e-02 4.970570206642150879e-01 3.092038333415985107e-01 7.682995796203613281e-01 2.423837929964065552e-01 3.355741500854492188e-05 -9.268894791603088379e-04 -6.217470765113830566e-02 -9.712564945220947266e-02 6.340079009532928467e-03 -3.624715209007263184e-01 -9.114235639572143555e-02 -2.713283300399780273e-01 -5.602739751338958740e-02
5.555555820465087891e-01 5.555555820465087891e-01 2.155213989317417145e-02 1.031067222356796265e-01 8.897254616022109985e-02 2.394276857376098633e-01 -4.232584685087203979e-02 8.372817039489746094e-01 3.883102238178253174e-01 1.008954763412475586e+00 2.991606593132019043e-01 2.185417339205741882e-02 1.021696329116821289e-01 2.389542944729328156e-02 1.581650078296661377e-01 -3.873115032911300659e-02 4.102433621883392334e-01 3.449885845184326172e-01 8.083698153495788574e-01 1.715892851352691650e-01 3.020334988832473755e-04 -9.370893239974975586e-04 -6.507711857557296753e-02 -8.126267790794372559e-02 3.594696521759033203e-03 -4.270383417606353760e-01 -4.332163929939270020e-02 -2.005849480628967285e-01 -1.275713741779327393e-01
6.666666865348815918e-01 5.555555820465087891e-01 1.895263232290744781e-02 9.723251312971115112e-02 4.707835614681243896e-02 2.011566609144210815e-01 -4.143312573432922363e-02 8.187743425369262695e-01 3.856348693370819092e-01 9.999201893806457520e-01 2.964599132537841797e-01 1.935334131121635437e-02 9.637407958507537842e-02 -1.982716657221317291e-02 1.361725926399230957e-01 -4.060562700033187866e-02 3.048880100250244141e-01 3.831315934658050537e-01 8.100736737251281738e-01 5.717419460415840149e-02 4.007089883089065552e-04 -8.584335446357727051e-04 -6.690552085638046265e-02 -6.498406827449798584e-02 8.274987339973449707e-04 -5.138863325119018555e-01 -2.503275871276855469e-03 -1.898465156555175781e-01 -2.392857223749160767e-01
7.777777910232543945e-01 5.555555820465087891e-01 1.406715530902147293e-02 9.153844416141510010e-02 1.599524915218353271e-02 1.755046993494033813e-01 -3.328879177570343018e-02 8.177821636199951172e-01 3.862319588661193848e-01 1.001093149185180664e+00 2.959739565849304199e-01 1.442489493638277054e-02 9.093524515628814697e-02 -5.168432369828224182e-02 1.251697689294815063e-01 -3.248276561498641968e-02 2.095817774534225464e-01 4.163571894168853760e-01 7.514553666114807129e-01 -9.758328646421432495e-02 3.577396273612976074e-04 -6.031990051269531250e-04 -6.767956912517547607e-02 -5.033493041992187500e-02 8.060261607170104980e-04 -6.082003712654113770e-01 3.012523055076599121e-02 -2.496377825736999512e-01 -3.935572504997253418e-01
8.888888955116271973e-01 5.555555820465087891e-01 7.484976202249526978e-03 8.696596324443817139e-02 -1.536905765533447266e-03 1.643528044223785400e-01 -2.204570733010768890e-02 8.309124708175659180e-01 3.875875174999237061e-01 1.006296873092651367e+00 2.981542646884918213e-01 7.729721255600452423e-03 8.721269667148590088e-02 -6.961633265018463135e-02 1.260417848825454712e-01 -1.725361496210098267e-02 1.705849915742874146e-01 4.435849785804748535e-01 7.128567099571228027e-01 -1.964823901653289795e-01 2.447450533509254456e-04 2.467334270477294922e-04 -6.807942688465118408e-02 -3.831101953983306885e-02 4.792092368006706238e-03 -6.603274941444396973e-01 5.599746108055114746e-02 -2.934401631355285645e-01 -4.946366548538208008e-01
1.111111119389533997e-01 6.666666865348815918e-01 4.936635494232177734e-03 1.148342117667198181e-01 1.977649331092834473e-01 3.202438354492187500e-01 4.330871626734733582e-02 1.011513113975524902e+00 4.430852234363555908e-01 1.159894824028015137e+00 3.088845312595367432e-01 5.162871442735195160e-03 1.156860738992691040e-01 1.232635229825973511e-01 2.390865981578826904e-01 3.560853749513626099e-02 6.820553541183471680e-01 4.020775854587554932e-01 1.008131861686706543e+00 2.536534368991851807e-01 2.262359485030174255e-04 8.518621325492858887e-04 -7.450141012668609619e-02 -8.115723729133605957e-02 -7.700178772211074829e-03 -3.294577598571777344e-01 -4.100763797760009766e-02 -1.517629623413085938e-01 -5.523109436035156250e-02
2.222222238779067993e-01 6.666666865348815918e-01 9.277840144932270050e-03 1.258948594331741333e-01 2.003410160541534424e-01 3.561111688613891602e-01 1.360484957695007324e-02 1.020152211189270020e+00 4.657174050807952881e-01 1.212624073028564453e+00 3.018883764743804932e-01 9.119191206991672516e-03 1.261390000581741333e-01 1.221745908260345459e-01 2.547831237316131592e-01 1.173514872789382935e-02 6.470416784286499023e-01 3.703128099441528320e-01 9.329563379287719727e-01 2.596867084503173828e-01 -1.586489379405975342e-04 2.441406250000000000e-04 -7.816642522811889648e-02 -1.013280451297760010e-01 -1.869700849056243896e-03 -3.731105327606201172e-01 -9.540459513664245605e-02 -2.796677350997924805e-01 -4.220166802406311035e-02
3.333333432674407959e-01 6.666666865348815918e-01 1.250000018626451492e-02 1.307920217514038086e-01 1.814370900392532349e-01 3.623705804347991943e-01 -2.258942835032939911e-02 1.017151594161987305e+00 4.888442158699035645e-01 1.264033913612365723e+00 2.928800880908966064e-01 1.214286405593156815e-02 1.310126483440399170e-01 1.029841452836990356e-01 2.584002912044525146e-01 -1.593806594610214233e-02 6.136089563369750977e-01 3.929954767227172852e-01 9.715677499771118164e-01 2.361055910587310791e-01 -3.571361303329467773e-04 2.206265926361083984e-04 -7.845294475555419922e-02 -1.039702892303466797e-01 6.651362404227256775e-03 -4.035426378250122070e-01 -9.584873914718627930e-02 -2.924661636352539062e-01 -5.677449703216552734e-02
4.444444477558135986e-01 6.666666865348815918e-01 1.421447470784187317e-02 1.293017268180847168e-01 1.529332250356674194e-01 3.227280974388122559e-01 -4.736566543579101562e-02 1.003909587860107422e+00 4.453314244747161865e-01 1.163894295692443848e+00 3.067730665206909180e-01 1.382090244442224503e-02 1.293087303638458252e-01 7.535091042518615723e-02 2.289646267890930176e-01 -4.074772447347640991e-02 5.754479169845581055e-01 3.855134844779968262e-01 9.454173445701599121e-01 2.261793017387390137e-01 -3.935722634196281433e-04 7.003545761108398438e-06 -7.758231461048126221e-02 -9.376347064971923828e-02 6.617940962314605713e-03 -4.284616708755493164e-01 -5.981793999671936035e-02 -2.184769511222839355e-01 -8.059376478195190430e-02
5.555555820465087891e-01 6.666666865348815918e-01 1.421447470784187317e-02 1.232213601469993591e-01 1.144358813762664795e-01 2.746795415878295898e-01 -5.768366158008575439e-02 9.865901470184326172e-01 4.258495569229125977e-01 1.116856217384338379e+00 3.113272190093994141e-01 1.395107153803110123e-02 1.229807734489440918e-01 4.059126600623130798e-02 1.973206549882888794e-01 -5.575682967901229858e-02 5.223453640937805176e-01 4.095273911952972412e-01 9.740301966667175293e-01 1.892125755548477173e-01 -2.634031698107719421e-04 -2.405866980552673340e-04 -7.384461164474487305e-02 -7.735888659954071045e-02 1.926831901073455811e-03 -4.642447829246520996e-01 -1.632216572761535645e-02 -1.428260207176208496e-01 -1.221146434545516968e-01
6.666666865348815918e-01 6.666666865348815918e-01 1.249999832361936569e-02 1.153960153460502625e-01 7.625566422939300537e-02 2.336207181215286255e-01 -5.551856011152267456e-02 9.732995033264160156e-01 4.271129071712493896e-01 1.117826700210571289e+00 3.085846602916717529e-01 1.249974686652421951e-02 1.151250004768371582e-01 7.114750333130359650e-03 1.706192344427108765e-01 -5.632527917623519897e-02 4.629054665565490723e-01 4.428693354129791260e-01 1.007356405258178711e+00 1.373066455125808716e-01 -2.514570951461791992e-07 -2.710148692131042480e-04 -6.914091110229492188e-02 -6.300148367881774902e-02 -8.067190647125244141e-04 -5.103940367698669434e-01 1.575642824172973633e-02 -1.104702949523925781e-01 -1.712780147790908813e-01
7.777777910232543945e-01 6.666666865348815918e-01 9.277836419641971588e-03 1.083871573209762573e-01 4.844866320490837097e-02 2.071126997470855713e-01 -4.270091280341148376e-02 9.703375697135925293e-01 4.307163655757904053e-01 1.125603675842285156e+00 3.066645860671997070e-01 9.534006007015705109e-03 1.083219498395919800e-01 -1.677464134991168976e-02 1.549049913883209229e-01 -4.309049993753433228e-02 4.220529198646545410e-01 4.649440646171569824e-01 1.020204424858093262e+00 9.712614119052886963e-02 2.561695873737335205e-04 -6.520748138427734375e-05 -6.522330641746520996e-02 -5.220770835876464844e-02 -3.895871341228485107e-04 -5.482846498489379883e-01 3.422769904136657715e-02 -1.053992509841918945e-01 -2.095384448766708374e-01
8.888888955116271973e-01 6.666666865348815918e-01 4.936633165925741196e-03 1.034068763256072998e-01 3.489273041486740112e-02 1.985883116722106934e-01 -2.583448775112628937e-02 9.790291190147399902e-01 4.327132999897003174e-01 1.131446838378906250e+00 3.073862493038177490e-01 5.207394249737262726e-03 1.040822118520736694e-01 -2.779816277325153351e-02 1.534801125526428223e-01 -2.120687812566757202e-02 4.530307948589324951e-01 4.741096496582031250e-01 1.054480910301208496e+00 1.120643168687820435e-01 2.707610838115215302e-04 6.753355264663696289e-04 -6.269089132547378540e-02 -4.510819911956787109e-02 4.627609625458717346e-03 -5.259983539581298828e-01 4.139634966850280762e-02 -7.696592807769775391e-02 -1.953219324350357056e-01
1.111111119389533997e-01 7.777777910232543945e-01 2.442736178636550903e-03 1.350842267274856567e-01 1.655221432447433472e-01 3.092311918735504150e-01 5.742374435067176819e-02 1.011966705322265625e+00 4.419253170490264893e-01 1.157310366630554199e+00 3.093958497047424316e-01 2.633265219628810883e-03 1.361234635114669800e-01 7.990841567516326904e-02 2.256118953227996826e-01 5.625257641077041626e-02 5.970505475997924805e-01 4.455361962318420410e-01 1.070363283157348633e+00 2.012080550193786621e-01 1.905290409922599792e-04 1.039236783981323242e-03 -8.561372756958007812e-02 -8.361929655075073242e-02 -1.171167939901351929e-03 -4.149161577224731445e-01 3.610879182815551758e-03 -8.694708347320556641e-02 -1.081877946853637695e-01
2.222222238779067993e-01 7.777777910232543945e-01 4.590842407196760178e-03 1.485794633626937866e-01 1.743043512105941772e-01 3.503247797489166260e-01 2.336815744638442993e-02 1.018378853797912598e+00 4.652641415596008301e-01 1.211321353912353516e+00 3.017566204071044922e-01 4.654179327189922333e-03 1.497073024511337280e-01 8.472862839698791504e-02 2.446366250514984131e-01 2.272240072488784790e-02 5.878483057022094727e-01 4.073753356933593750e-01 9.927928447723388672e-01 2.185235023498535156e-01 6.333691999316215515e-05 1.127839088439941406e-03 -8.957572281360626221e-02 -1.056881546974182129e-01 -6.457567214965820312e-04 -4.305305480957031250e-01 -5.788880586624145508e-02 -2.185285091400146484e-01 -8.323311805725097656e-02
3.333333432674407959e-01 7.777777910232543945e-01 6.185225211083889008e-03 1.540875136852264404e-01 1.646952480077743530e-01 3.607938587665557861e-01 -1.963832601904869080e-02 1.016152024269104004e+00 4.893527328968048096e-01 1.264995217323303223e+00 2.925187349319458008e-01 6.023528985679149628e-03 1.553204804658889771e-01 7.689422369003295898e-02 2.512341737747192383e-01 -1.548587530851364136e-02 5.838618874549865723e-01 4.192633032798767090e-01 1.014868617057800293e+00 2.102999985218048096e-01 -1.616962254047393799e-04 1.232966780662536621e-03 -8.780102431774139404e-02 -1.095596849918365479e-01 4.152450710535049438e-03 -4.322901368141174316e-01 -7.008942961692810059e-02 -2.501266002655029297e-01 -8.221873641014099121e-02
4.444444477558135986e-01 7.777777910232543945e-01 7.033578585833311081e-03 1.514431536197662354e-01 1.477824300527572632e-01 3.235862851142883301e-01 -5.039503425359725952e-02 1.006327986717224121e+00 4.481666982173919678e-01 1.170708894729614258e+00 3.061087727546691895e-01 6.696549244225025177e-03 1.520745158195495605e-01 6.488751620054244995e-02 2.359101474285125732e-01 -4.764028638601303101e-02 5.856732726097106934e-01 4.266319870948791504e-01 1.029835820198059082e+00 2.069368064403533936e-01 -3.370293416082859039e-04 6.313621997833251953e-04 -8.289491385221481323e-02 -8.767613768577575684e-02 2.754747867584228516e-03 -4.206547141075134277e-01 -2.153471112251281738e-02 -1.408730745315551758e-01 -9.917196631431579590e-02
5.555555820465087891e-01 7.777777910232543945e-01 7.033577654510736465e-03 1.431671082973480225e-01 1.202568635344505310e-01 2.772948145866394043e-01 -6.293251365423202515e-02 9.935035109519958496e-01 4.298925399780273438e-01 1.127109527587890625e+00 3.109200596809387207e-01 6.717835552990436554e-03 1.431785523891448975e-01 4.098835214972496033e-02 2.042383700609207153e-01 -6.534152477979660034e-02 5.433216094970703125e-01 4.494163691997528076e-01 1.056852221488952637e+00 1.758052110671997070e-01 -3.157421015202999115e-04 1.144409179687500000e-05 -7.926851511001586914e-02 -7.305644452571868896e-02 -2.409011125564575195e-03 -4.501819014549255371e-01 1.952382922172546387e-02 -7.025730609893798828e-02 -1.351148486137390137e-01
6.666666865348815918e-01 7.777777910232543945e-01 6.185224745422601700e-03 1.331318467855453491e-01 9.227018058300018311e-02 2.380437552928924561e-01 -5.949009954929351807e-02 9.836792945861816406e-01 4.314952790737152100e-01 1.129353761672973633e+00 3.086514174938201904e-01 6.105323322117328644e-03 1.329794824123382568e-01 1.579610817134380341e-02 1.764401793479919434e-01 -6.454544514417648315e-02 4.826448261737823486e-01 4.815781712532043457e-01 1.084149718284606934e+00 1.256219148635864258e-01 -7.990142330527305603e-05 -1.523643732070922852e-04 -7.647407054901123047e-02 -6.160357594490051270e-02 -5.055345594882965088e-03 -5.010344982147216797e-01 5.008289217948913574e-02 -4.520404338836669922e-02 -1.830295026302337646e-01
7.777777910232543945e-01 7.777777910232543945e-01 4.590841010212898254e-03 1.247495487332344055e-01 7.339872419834136963e-02 2.147665023803710938e-01 -4.335199296474456787e-02 9.814524650573730469e-01 4.356179833412170410e-01 1.138424038887023926e+00 3.066770136356353760e-01 4.783404059708118439e-03 1.246917694807052612e-01 -2.865967107936739922e-04 1.596249639987945557e-01 -4.747752100229263306e-02 4.476756155490875244e-01 4.980653226375579834e-01 1.089975476264953613e+00 9.420935809612274170e-02 1.925630494952201843e-04 -5.777925252914428711e-05 -7.368531823158264160e-02 -5.514153838157653809e-02 -4.125528037548065186e-03 -5.337768793106079102e-01 6.244733929634094238e-02 -4.844856262207031250e-02 -2.124676555395126343e-01
8.888888955116271973e-01 7.777777910232543945e-01 2.442735247313976288e-03 1.195303574204444885e-01 6.669191271066665649e-02 2.114276736974716187e-01 -2.360690571367740631e-02 9.878647923469543457e-01 4.392125904560089111e-01 1.147565484046936035e+00 3.063896000385284424e-01 2.609771676361560822e-03 1.199083030223846436e-01 -4.371571354568004608e-03 1.577100157737731934e-01 -2.136578410863876343e-02 4.934959411621093750e-01 4.933895170688629150e-01 1.110186219215393066e+00 1.250606626272201538e-01 1.670364290475845337e-04 3.779456019401550293e-04 -7.106348127126693726e-02 -5.371765792369842529e-02 2.241121605038642883e-03 -4.943688511848449707e-01 5.417692661285400391e-02 -3.737926483154296875e-02 -1.813289374113082886e-01
1.111111119389533997e-01 8.888888955116271973e-01 6.498763104900717735e-04 1.556516736745834351e-01 1.421992927789688110e-01 3.006437122821807861e-01 7.424833625555038452e-02 1.006410717964172363e+00 4.378705918788909912e-01 1.147231936454772949e+00 3.100126385688781738e-01 7.161879912018775940e-04 1.565108448266983032e-01 5.836056545376777649e-02 2.190189957618713379e-01 7.813725620508193970e-02 5.714777708053588867e-01 4.588867127895355225e-01 1.085984587669372559e+00 1.832817643880844116e-01 6.631168071180582047e-05 8.591711521148681641e-04 -8.383873105049133301e-02 -8.162471652030944824e-02 3.888919949531555176e-03 -4.349329471588134766e-01 2.101612091064453125e-02 -6.124734878540039062e-02 -1.267308741807937622e-01
2.222222238779067993e-01 8.888888955116271973e-01 1.221367856487631798e-03 1.717504113912582397e-01 1.578019708395004272e-01 3.406964838504791260e-01 3.605251386761665344e-02 1.009822607040405273e+00 4.435868859291076660e-01 1.160792708396911621e+00 3.084163963794708252e-01 1.382472924888134003e-03 1.730185896158218384e-01 7.251445204019546509e-02 2.358211576938629150e-01 3.629008680582046509e-02 5.864251255989074707e-01 4.009728729724884033e-01 9.796398282051086426e-01 2.215786278247833252e-01 1.611050684005022049e-04 1.268178224563598633e-03 -8.528751879930496216e-02 -1.048753261566162109e-01 2.375729382038116455e-04 -4.233974814414978027e-01 -4.261401295661926270e-02 -1.811528801918029785e-01 -8.683776855468750000e-02
3.333333432674407959e-01 8.888888955116271973e-01 1.645544543862342834e-03 1.778106987476348877e-01 1.575502306222915649e-01 3.484951555728912354e-01 -1.024960912764072418e-02 1.008637666702270508e+00 4.493914842605590820e-01 1.173842072486877441e+00 3.060350418090820312e-01 1.721599139273166656e-03 1.791590899229049683e-01 7.417803257703781128e-02 2.367465794086456299e-01 -1.044391840696334839e-02 5.954992175102233887e-01 3.846647143363952637e-01 9.495410919189453125e-01 2.342450767755508423e-01 7.605459541082382202e-05 1.348391175270080566e-03 -8.337219804525375366e-02 -1.117485761642456055e-01 -1.943092793226242065e-04 -4.131384491920471191e-01 -6.472676992416381836e-02 -2.243009805679321289e-01 -7.178996503353118896e-02
4.444444477558135986e-01 8.888888955116271973e-01 1.871244283393025398e-03 1.737534850835800171e-01 1.451618671417236328e-01 3.204237520694732666e-01 -4.671724140644073486e-02 1.003410339355468750e+00 4.370261728763580322e-01 1.144866466522216797e+00 3.098374307155609131e-01 1.834270544350147247e-03 1.742864996194839478e-01 6.517344713211059570e-02 2.370725274085998535e-01 -4.761221259832382202e-02 6.122580170631408691e-01 4.333088696002960205e-01 1.051799178123474121e+00 2.136830240488052368e-01 -3.697373904287815094e-05 5.330145359039306641e-04 -7.998842000961303711e-02 -8.335122466087341309e-02 -8.949711918830871582e-04 -3.911523222923278809e-01 -3.717303276062011719e-03 -9.306728839874267578e-02 -9.615440666675567627e-02
5.555555820465087891e-01 8.888888955116271973e-01 1.871244050562381744e-03 1.629439592361450195e-01 1.239729300141334534e-01 2.779396772384643555e-01 -6.291540712118148804e-02 9.965866804122924805e-01 4.318402409553527832e-01 1.132013082504272461e+00 3.106849789619445801e-01 1.819525845348834991e-03 1.628385484218597412e-01 4.439164325594902039e-02 2.084393203258514404e-01 -6.642442196607589722e-02 5.628359913825988770e-01 4.649216830730438232e-01 1.093637704849243164e+00 1.761526465415954590e-01 -5.171820521354675293e-05 -1.054108142852783203e-04 -7.958129048347473145e-02 -6.950035691261291504e-02 -3.509014844894409180e-03 -4.337506890296936035e-01 3.308144211769104004e-02 -3.837537765502929688e-02 -1.345323324203491211e-01
6.666666865348815918e-01 8.888888955116271973e-01 1.645544311031699181e-03 1.504400074481964111e-01 1.034293621778488159e-01 2.392389923334121704e-01 -5.823873355984687805e-02 9.913594126701354980e-01 4.329733848571777344e-01 1.133851408958435059e+00 3.093776702880859375e-01 1.699437387287616730e-03 1.503415405750274658e-01 2.276123873889446259e-02 1.790989041328430176e-01 -6.410750001668930054e-02 4.858136177062988281e-01 4.969479441642761230e-01 1.111762762069702148e+00 1.185907721519470215e-01 5.389307625591754913e-05 -9.846687316894531250e-05 -8.066812157630920410e-02 -6.014008820056915283e-02 -5.868766456842422485e-03 -5.055457949638366699e-01 6.397455930709838867e-02 -2.208864688873291016e-02 -1.907868981361389160e-01
7.777777910232543945e-01 8.888888955116271973e-01 1.221367507241666317e-03 1.406256109476089478e-01 9.131317585706710815e-02 2.177510559558868408e-01 -3.910619020462036133e-02 9.901744723320007324e-01 4.351855814456939697e-01 1.138731122016906738e+00 3.083282113075256348e-01 1.381275244057178497e-03 1.406125128269195557e-01 1.004196424037218094e-02 1.595083177089691162e-01 -4.459897428750991821e-02 4.368987977504730225e-01 5.086824893951416016e-01 1.099377870559692383e+00 8.061305433511734009e-02 1.599077368155121803e-04 -1.309812068939208984e-05 -8.127120882272720337e-02 -5.824273824691772461e-02 -5.492784082889556885e-03 -5.532757043838500977e-01 7.349690794944763184e-02 -3.935325145721435547e-02 -2.277151644229888916e-01
8.888888955116271973e-01 8.888888955116271973e-01 6.498760194517672062e-04 1.353364288806915283e-01 9.004023671150207520e-02 2.180640250444412231e-01 -1.764380745589733124e-02 9.935863614082336426e-01 4.371336996555328369e-01 1.143678426742553711e+00 3.081564903259277344e-01 6.655575707554817200e-04 1.353159993886947632e-01 9.439450688660144806e-03 1.546338647603988647e-01 -1.709767431020736694e-02 4.697496592998504639e-01 4.921633601188659668e-01 1.094314098358154297e+00 1.117385849356651306e-01 1.568155130371451378e-05 -2.042949199676513672e-05 -8.060078322887420654e-02 -6.343016028404235840e-02 5.461331456899642944e-04 -5.238367319107055664e-01 5.502966046333312988e-02 -4.936432838439941406e-02 -1.964178979396820068e-01
