# x y true_fields pred_fields error_fields
1.111111119389533997e-01 1.111111119389533997e-01 5.199013277888298035e-03 1.834546960890293121e-02 1.250389814376831055e-01 2.070720046758651733e-01 1.798106543719768524e-02 6.730788946151733398e-01 3.371332585811614990e-01 8.666957616806030273e-01 2.853902578353881836e-01 5.540471524000167847e-03 1.784081570804119110e-02 8.555208891630172729e-02 1.756289452314376831e-01 2.006563171744346619e-02 5.346915125846862793e-01 3.506045341491699219e-01 8.631531596183776855e-01 2.309497892856597900e-01 3.414582461118698120e-04 -5.046539008617401123e-04 -3.948689252138137817e-02 -3.144305944442749023e-02 2.084566280245780945e-03 -1.383873820304870605e-01 1.347127556800842285e-02 -3.542602062225341797e-03 -5.444046854972839355e-02
2.222222238779067993e-01 1.111111119389533997e-01 9.770948439836502075e-03 1.976666413247585297e-02 1.226828992366790771e-01 2.188857495784759521e-01 2.825987152755260468e-02 6.764907240867614746e-01 3.351877033710479736e-01 8.630257844924926758e-01 2.873768210411071777e-01 9.582098573446273804e-03 1.941761560738086700e-02 8.471756428480148315e-02 1.778644770383834839e-01 2.777978405356407166e-02 5.101745724678039551e-01 3.239566385746002197e-01 8.020952939987182617e-01 2.379670590162277222e-01 -1.888498663902282715e-04 -3.490485250949859619e-04 -3.796533495187759399e-02 -4.102127254009246826e-02 -4.800874739885330200e-04 -1.663161516189575195e-01 -1.123106479644775391e-02 -6.093049049377441406e-02 -4.940976202487945557e-02
3.333333432674407959e-01 1.111111119389533997e-01 1.316436287015676498e-02 2.072950266301631927e-02 1.121711805462837219e-01 2.217943072319030762e-01 3.496995195746421814e-02 6.753002405166625977e-01 3.329732418060302734e-01 8.579144477844238281e-01 2.882634401321411133e-01 1.292834803462028503e-02 2.044101245701313019e-02 7.448934018611907959e-02 1.826026290655136108e-01 3.417700901627540588e-02 5.017693042755126953e-01 3.315513134002685547e-01 8.151198029518127441e-01 2.292514443397521973e-01 -2.360148355364799500e-04 -2.884902060031890869e-04 -3.768184036016464233e-02 -3.919167816638946533e-02 -7.929429411888122559e-04 -1.735309362411499023e-01 -1.421928405761718750e-03 -4.279464483261108398e-02 -5.901199579238891602e-02
4.444444477558135986e-01 1.111111119389533997e-01 1.496996171772480011e-02 2.112803980708122253e-02 9.492533653974533081e-02 2.160123586654663086e-01 3.757469728589057922e-02 6.699374318122863770e-01 3.315275609493255615e-01 8.537524342536926270e-01 2.876039445400238037e-01 1.466929167509078979e-02 2.070062793791294098e-02 5.737947672605514526e-02 1.848153620958328247e-01 3.964232280850410461e-02 5.041845440864562988e-01 3.522340357303619385e-01 8.571048974990844727e-01 2.166696041822433472e-01 -3.006700426340103149e-04 -4.274118691682815552e-04 -3.754585981369018555e-02 -3.119699656963348389e-02 2.067625522613525391e-03 -1.657528877258300781e-01 2.070647478103637695e-02 3.352463245391845703e-03 -7.093434035778045654e-02
5.555555820465087891e-01 1.111111119389533997e-01 1.496995985507965088e-02 2.095914073288440704e-02 7.373087853193283081e-02 2.037989944219589233e-01 3.596707433462142944e-02 6.622116565704345703e-01 3.315276801586151123e-01 8.523445725440979004e-01 2.854802906513214111e-01 1.445709727704524994e-02 2.043844014406204224e-02 3.763540834188461304e-02 1.885727792978286743e-01 4.205785319209098816e-02 5.190016031265258789e-01 3.871275782585144043e-01 9.301210641860961914e-01 2.013107985258102417e-01 -5.128625780344009399e-04 -5.207005888223648071e-04 -3.609547019004821777e-02 -1.522621512413024902e-02 6.090778857469558716e-03 -1.432100534439086914e-01 5.559989809989929199e-02 7.777649164199829102e-02 -8.416949212551116943e-02
6.666666865348815918e-01 1.111111119389533997e-01 1.316436100751161575e-02 2.030183561146259308e-02 5.216872319579124451e-02 1.884678602218627930e-01 3.032080642879009247e-02 6.557849049568176270e-01 3.329736888408660889e-01 8.543267250061035156e-01 2.828742265701293945e-01 1.251780614256858826e-02 1.993260532617568970e-02 1.890728436410427094e-02 1.848778873682022095e-01 3.869115188717842102e-02 5.222032070159912109e-01 4.117601811885833740e-01 9.781803488731384277e-01 1.878034174442291260e-01 -6.465548649430274963e-04 -3.692302852869033813e-04 -3.326144069433212280e-02 -3.589972853660583496e-03 8.370345458388328552e-03 -1.335816979408264160e-01 7.878649234771728516e-02 1.238536238670349121e-01 -9.507080912590026855e-02
7.777777910232543945e-01 1.111111119389533997e-01 9.770944714546203613e-03 1.928033865988254547e-02 3.368616476655006409e-02 1.730692386627197266e-01 2.108961716294288635e-02 6.554397940635681152e-01 3.351891338825225830e-01 8.591177463531494141e-01 2.815416753292083740e-01 9.309506043791770935e-03 1.919771730899810791e-02 3.080775961279869080e-03 1.747788935899734497e-01 2.870027348399162292e-02 5.083160996437072754e-01 4.251718223094940186e-01 9.974231719970703125e-01 1.729649007320404053e-01 -4.614386707544326782e-04 -8.262135088443756104e-05 -3.060538880527019501e-02 1.709654927253723145e-03 7.610656321048736572e-03 -1.471236944198608398e-01 8.998268842697143555e-02 1.383054256439208984e-01 -1.085767745971679688e-01
8.888888955116271973e-01 1.111111119389533997e-01 5.199010483920574188e-03 1.802804507315158844e-02 2.020761743187904358e-02 1.589052528142929077e-01 9.134397841989994049e-03 6.599991917610168457e-01 3.371373116970062256e-01 8.642541170120239258e-01 2.817537784576416016e-01 5.225760862231254578e-03 1.805368065834045410e-02 -9.446809068322181702e-03 1.601710170507431030e-01 1.316543295979499817e-02 4.829816520214080811e-01 4.251984953880310059e-01 9.861932396888732910e-01 1.596857458353042603e-01 2.675037831068038940e-05 2.563558518886566162e-05 -2.965442650020122528e-02 1.265764236450195312e-03 4.031035117805004120e-03 -1.770175397396087646e-01 8.806118369102478027e-02 1.219391226768493652e-01 -1.220680326223373413e-01
1.111111119389533997e-01 2.222222238779067993e-01 8.549579419195652008e-03 3.700836375355720520e-02 1.601393371820449829e-01 2.248333841562271118e-01 1.759892702102661133e-02 6.787198185920715332e-01 3.383609056472778320e-01 8.704370260238647461e-01 2.862552404403686523e-01 8.698914200067520142e-03 3.636609017848968506e-02 1.221050694584846497e-01 1.954163759946823120e-01 1.811317726969718933e-02 5.615737438201904297e-01 3.440040946006774902e-01 8.570174574851989746e-01 2.456500679254531860e-01 1.493347808718681335e-04 -6.422735750675201416e-04 -3.803426772356033325e-02 -2.941700816154479980e-02 5.142502486705780029e-04 -1.171460747718811035e-01 5.643188953399658203e-03 -1.341956853866577148e-02 -4.060517251491546631e-02
2.222222238779067993e-01 2.222222238779067993e-01 1.606795378029346466e-02 4.001965001225471497e-02 1.532635986804962158e-01 2.366030812263488770e-01 2.077314071357250214e-02 6.851307749748229980e-01 3.352167010307312012e-01 8.646354675292968750e-01 2.896665334701538086e-01 1.572519913315773010e-02 3.958213329315185547e-02 1.150654479861259460e-01 1.967827528715133667e-01 2.036323025822639465e-02 5.285481810569763184e-01 3.225620985031127930e-01 8.041092157363891602e-01 2.464409023523330688e-01 -3.427546471357345581e-04 -4.375167191028594971e-04 -3.819815069437026978e-02 -3.982032835483551025e-02 -4.099104553461074829e-04 -1.565825939178466797e-01 -1.265460252761840820e-02 -6.052625179290771484e-02 -4.322563111782073975e-02
3.333333432674407959e-01 2.222222238779067993e-01 2.164829708635807037e-02 4.188667237758636475e-02 1.330016851425170898e-01 2.344375848770141602e-01 2.123090066015720367e-02 6.828029751777648926e-01 3.313310146331787109e-01 8.555994629859924316e-01 2.911551296710968018e-01 2.137788757681846619e-02 4.150164127349853516e-02 9.358347207307815552e-02 1.939019113779067993e-01 2.121571078896522522e-02 5.085499882698059082e-01 3.273956477642059326e-01 8.086543679237365723e-01 2.349803745746612549e-01 -2.704095095396041870e-04 -3.850311040878295898e-04 -3.941821306943893433e-02 -4.053567349910736084e-02 -1.518987119197845459e-05 -1.742529869079589844e-01 -3.935366868972778320e-03 -4.694509506225585938e-02 -5.617475509643554688e-02
4.444444477558135986e-01 2.222222238779067993e-01 2.461753226816654205e-02 4.242497682571411133e-02 1.019695773720741272e-01 2.195290029048919678e-01 1.957229152321815491e-02 6.704893708229064941e-01 3.287535607814788818e-01 8.477110862731933594e-01 2.892805039882659912e-01 2.433934807777404785e-02 4.191588610410690308e-02 6.186490505933761597e-02 1.852474361658096313e-01 2.125232294201850891e-02 4.889892041683197021e-01 3.431117236614227295e-01 8.342183232307434082e-01 2.156657278537750244e-01 -2.781841903924942017e-04 -5.090907216072082520e-04 -4.010467231273651123e-02 -3.428156673908233643e-02 1.680031418800354004e-03 -1.815001666545867920e-01 1.435816287994384766e-02 -1.349276304244995117e-02 -7.361477613449096680e-02
5.555555820465087891e-01 2.222222238779067993e-01 2.461753226816654205e-02 4.174938052892684937e-02 6.389926373958587646e-02 1.954201012849807739e-01 1.638724841177463531e-02 6.411066055297851562e-01 3.288202583789825439e-01 8.424340486526489258e-01 2.809948027133941650e-01 2.415575087070465088e-02 4.120092466473579407e-02 2.548108063638210297e-02 1.776160448789596558e-01 1.967890933156013489e-02 4.666789174079895020e-01 3.776048421859741211e-01 8.921832442283630371e-01 1.813715100288391113e-01 -4.617813974618911743e-04 -5.484558641910552979e-04 -3.841818124055862427e-02 -1.780405640602111816e-02 3.291660919785499573e-03 -1.744276881217956543e-01 4.878458380699157715e-02 4.974919557571411133e-02 -9.962329268455505371e-02
6.666666865348815918e-01 2.222222238779067993e-01 2.164829522371292114e-02 4.017600417137145996e-02 2.741012349724769592e-02 1.707857847213745117e-01 1.198695413768291473e-02 6.092614531517028809e-01 3.315677940845489502e-01 8.419670462608337402e-01 2.696755230426788330e-01 2.111920341849327087e-02 3.983547165989875793e-02 -6.816456094384193420e-03 1.662510782480239868e-01 1.617326214909553528e-02 4.413489401340484619e-01 4.026387035846710205e-01 9.262471795082092285e-01 1.502211689949035645e-01 -5.290918052196502686e-04 -3.405325114727020264e-04 -3.422658145427703857e-02 -4.534706473350524902e-03 4.186308011412620544e-03 -1.679125130176544189e-01 7.107090950012207031e-02 8.428013324737548828e-02 -1.194543540477752686e-01
7.777777910232543945e-01 2.222222238779067993e-01 1.606794819235801697e-02 3.807435184717178345e-02 2.176783978939056396e-03 1.546825617551803589e-01 6.441341247409582138e-03 6.224513649940490723e-01 3.357439935207366943e-01 8.537335991859436035e-01 2.714055478572845459e-01 1.584523171186447144e-02 3.805858269333839417e-02 -2.732499875128269196e-02 1.576765626668930054e-01 1.069535687565803528e-02 4.457519948482513428e-01 4.179061055183410645e-01 9.552065730094909668e-01 1.428482830524444580e-01 -2.227164804935455322e-04 -1.576915383338928223e-05 -2.950178273022174835e-02 2.994000911712646484e-03 4.254015628248453140e-03 -1.766993701457977295e-01 8.216211199760437012e-02 1.014729738235473633e-01 -1.285572648048400879e-01
8.888888955116271973e-01 2.222222238779067993e-01 8.549575693905353546e-03 3.573866188526153564e-02 -1.443383097648620605e-02 1.428913325071334839e-01 -1.595416542841121554e-04 6.499303579330444336e-01 3.394104242324829102e-01 8.672623634338378906e-01 2.776012122631072998e-01 8.993988856673240662e-03 3.589039295911788940e-02 -3.996727615594863892e-02 1.478795558214187622e-01 2.255786210298538208e-03 4.527058601379394531e-01 4.206721782684326172e-01 9.635578393936157227e-01 1.452597826719284058e-01 4.444131627678871155e-04 1.517310738563537598e-04 -2.553344517946243286e-02 4.988223314285278320e-03 2.415327820926904678e-03 -1.972244977951049805e-01 8.126175403594970703e-02 9.629547595977783203e-02 -1.323414295911788940e-01
1.111111119389533997e-01 3.333333432674407959e-01 9.873271919786930084e-03 5.598868429660797119e-02 1.754754185676574707e-01 2.310776114463806152e-01 1.698016747832298279e-02 6.830290555953979492e-01 3.194404244422912598e-01 8.290737271308898926e-01 2.976968288421630859e-01 9.812723845243453979e-03 5.548365414142608643e-02 1.381319165229797363e-01 2.024322599172592163e-01 1.877420768141746521e-02 5.646967291831970215e-01 3.278169333934783936e-01 8.240014314651489258e-01 2.568011581897735596e-01 -6.054807454347610474e-05 -5.050301551818847656e-04 -3.734350204467773438e-02 -2.864535152912139893e-02 1.794040203094482422e-03 -1.183323264122009277e-01 8.376508951187133789e-03 -5.072295665740966797e-03 -4.089567065238952637e-02
2.222222238779067993e-01 3.333333432674407959e-01 1.855568028986454010e-02 6.075897067785263062e-02 1.680027097463607788e-01 2.445410341024398804e-01 1.293124724179506302e-02 6.916645169258117676e-01 3.205935060977935791e-01 8.330686092376708984e-01 2.992599606513977051e-01 1.816761121153831482e-02 6.051048636436462402e-02 1.277187764644622803e-01 2.049009650945663452e-01 1.407856121659278870e-02 5.303730964660644531e-01 3.152075111865997314e-01 7.892656326293945312e-01 2.519778609275817871e-01 -3.880690783262252808e-04 -2.484843134880065918e-04 -4.028393328189849854e-02 -3.964006900787353516e-02 1.147313974797725677e-03 -1.612914204597473145e-01 -5.385994911193847656e-03 -4.380297660827636719e-02 -4.728209972381591797e-02
3.333333432674407959e-01 3.333333432674407959e-01 2.500000223517417908e-02 6.347151100635528564e-02 1.437417119741439819e-01 2.403262406587600708e-01 6.981687620282173157e-03 6.883466839790344238e-01 3.201491236686706543e-01 8.315324783325195312e-01 2.986643314361572266e-01 2.476290240883827209e-02 6.327352672815322876e-02 1.021439284086227417e-01 1.990297883749008179e-01 8.233834058046340942e-03 5.074461698532104492e-01 3.191413879394531250e-01 7.914958596229553223e-01 2.400394678115844727e-01 -2.370998263359069824e-04 -1.979842782020568848e-04 -4.159778356552124023e-02 -4.129645228385925293e-02 1.252146437764167786e-03 -1.809005141258239746e-01 -1.007735729217529297e-03 -4.003661870956420898e-02 -5.862486362457275391e-02
4.444444477558135986e-01 3.333333432674407959e-01 2.842895314097404480e-02 6.389081478118896484e-02 1.052174940705299377e-01 2.194444239139556885e-01 9.852466173470020294e-04 6.672764420509338379e-01 3.204940855503082275e-01 8.287920951843261719e-01 2.929913103580474854e-01 2.822914719581604004e-02 6.356994807720184326e-02 6.400827318429946899e-02 1.845933049917221069e-01 2.111110836267471313e-03 4.783730506896972656e-01 3.346900939941406250e-01 8.141897320747375488e-01 2.163337618112564087e-01 -1.998059451580047607e-04 -3.208667039871215820e-04 -4.120922088623046875e-02 -3.485111892223358154e-02 1.125864218920469284e-03 -1.889033913612365723e-01 1.419600844383239746e-02 -1.460236310958862305e-02 -7.665754854679107666e-02
5.555555820465087891e-01 3.333333432674407959e-01 2.842894941568374634e-02 6.237072870135307312e-02 5.445099622011184692e-02 1.841934621334075928e-01 -3.710692515596747398e-03 5.978924632072448730e-01 3.234179317951202393e-01 8.220330476760864258e-01 2.708525955677032471e-01 2.810176461935043335e-02 6.203049421310424805e-02 1.572849787771701813e-02 1.663288176059722900e-01 -3.445547074079513550e-03 4.157118797302246094e-01 3.713783621788024902e-01 8.584896922111511230e-01 1.558154225349426270e-01 -3.271847963333129883e-04 -3.402344882488250732e-04 -3.872250020503997803e-02 -1.786464452743530273e-02 2.651454415172338486e-04 -1.821805834770202637e-01 4.796043038368225098e-02 3.645664453506469727e-02 -1.150371730327606201e-01
6.666666865348815918e-01 3.333333432674407959e-01 2.500000037252902985e-02 5.962250754237174988e-02 7.967282086610794067e-03 1.517322510480880737e-01 -6.607891991734504700e-03 5.153606534004211426e-01 3.290734589099884033e-01 8.139718174934387207e-01 2.367630600929260254e-01 2.466164901852607727e-02 5.949028581380844116e-02 -2.708176709711551666e-02 1.469345241785049438e-01 -6.810989230871200562e-03 3.291596770286560059e-01 4.007434844970703125e-01 8.551780581474304199e-01 6.698928773403167725e-02 -3.383513540029525757e-04 -1.322217285633087158e-04 -3.504905104637145996e-02 -4.797726869583129883e-03 -2.030972391366958618e-04 -1.862009763717651367e-01 7.167002558708190918e-02 4.120624065399169922e-02 -1.697737723588943481e-01
7.777777910232543945e-01 3.333333432674407959e-01 1.855567470192909241e-02 5.638204142451286316e-02 -1.531005650758743286e-02 1.406071782112121582e-01 -8.009299635887145996e-03 5.608739852905273438e-01 3.359513282775878906e-01 8.401167392730712891e-01 2.503548562526702881e-01 1.856713369488716125e-02 5.651811882853507996e-02 -4.606879502534866333e-02 1.439549475908279419e-01 -8.363049477338790894e-03 3.615841269493103027e-01 4.202563464641571045e-01 9.087138772010803223e-01 8.114226162433624268e-02 1.145899295806884766e-05 1.360774040222167969e-04 -3.075873851776123047e-02 3.347769379615783691e-03 -3.537498414516448975e-04 -1.992898583412170410e-01 8.430501818656921387e-02 6.859713792800903320e-02 -1.692125946283340454e-01
8.888888955116271973e-01 3.333333432674407959e-01 9.873267263174057007e-03 5.313185602426528931e-02 -2.971149981021881104e-02 1.345020532608032227e-01 -8.734902366995811462e-03 6.358060836791992188e-01 3.416403830051422119e-01 8.692317605018615723e-01 2.721444070339202881e-01 1.061245054006576538e-02 5.336292088031768799e-02 -5.586732178926467896e-02 1.415193825960159302e-01 -1.014120504260063171e-02 4.147361218929290771e-01 4.277139902114868164e-01 9.548864364624023438e-01 1.162674725055694580e-01 7.391832768917083740e-04 2.310648560523986816e-04 -2.615582197904586792e-02 7.017329335212707520e-03 -1.406302675604820251e-03 -2.210699617862701416e-01 8.607360720634460449e-02 8.565467596054077148e-02 -1.558769345283508301e-01
1.111111119389533997e-01 4.444444477558135986e-01 9.356226772069931030e-03 7.528643310070037842e-02 1.741465926170349121e-01 2.356242686510086060e-01 1.949526928365230560e-02 6.921546459197998047e-01 3.257948458194732666e-01 8.448314666748046875e-01 2.965696752071380615e-01 9.298991411924362183e-03 7.507815957069396973e-02 1.183672174811363220e-01 2.098953574895858765e-01 2.648338302969932556e-02 4.995974898338317871e-01 4.348838925361633301e-01 1.011235594749450684e+00 1.626499295234680176e-01 -5.723536014556884766e-05 -2.082735300064086914e-04 -5.577937513589859009e-02 -2.572891116142272949e-02 6.988113746047019958e-03 -1.925571560859680176e-01 1.090890467166900635e-01 1.664041280746459961e-01 -1.339197456836700439e-01
2.222222238779067993e-01 4.444444477558135986e-01 1.758395321667194366e-02 8.198460936546325684e-02 1.687992513179779053e-01 2.498263120651245117e-01 8.009478449821472168e-03 7.019767165184020996e-01 3.180404305458068848e-01 8.289345502853393555e-01 3.031904101371765137e-01 1.726963743567466736e-02 8.209317922592163086e-02 1.110948845744132996e-01 2.120265811681747437e-01 1.071113720536231995e-02 4.869161844253540039e-01 3.821492493152618408e-01 9.087166786193847656e-01 1.889551579952239990e-01 -3.143157809972763062e-04 1.085698604583740234e-04 -5.770436674356460571e-02 -3.779973089694976807e-02 2.701658755540847778e-03 -2.150605320930480957e-01 6.410881876945495605e-02 7.978212833404541016e-02 -1.142352521419525146e-01
3.333333432674407959e-01 4.444444477558135986e-01 2.369079552590847015e-02 8.548400551080703735e-02 1.459837704896926880e-01 2.439892441034317017e-01 -4.369670525193214417e-03 6.983936429023742676e-01 3.119868338108062744e-01 8.146530389785766602e-01 3.055888712406158447e-01 2.342009916901588440e-02 8.562752604484558105e-02 8.955807983875274658e-02 2.038740068674087524e-01 -4.588913172483444214e-03 4.762579798698425293e-01 3.563418984413146973e-01 8.556285500526428223e-01 2.005724608898162842e-01 -2.706963568925857544e-04 1.435205340385437012e-04 -5.642569065093994141e-02 -4.011523723602294922e-02 -2.192426472902297974e-04 -2.221356630325317383e-01 4.435506463050842285e-02 4.097551107406616211e-02 -1.050164103507995605e-01
4.444444477558135986e-01 4.444444477558135986e-01 2.694017812609672546e-02 8.552554994821548462e-02 1.087772920727729797e-01 2.203150093555450439e-01 -1.457812078297138214e-02 6.791164278984069824e-01 3.088845014572143555e-01 8.046584129333496094e-01 3.025231659412384033e-01 2.664707228541374207e-02 8.549311757087707520e-02 5.613643676042556763e-02 1.871518790721893311e-01 -1.737510785460472107e-02 4.567148685455322266e-01 3.579731285572052002e-01 8.514609932899475098e-01 1.892806142568588257e-01 -2.931058406829833984e-04 -3.243237733840942383e-05 -5.264085531234741211e-02 -3.316313028335571289e-02 -2.796987071633338928e-03 -2.224015593528747559e-01 4.908862709999084473e-02 4.680258035659790039e-02 -1.132425516843795776e-01
5.555555820465087891e-01 4.444444477558135986e-01 2.694017626345157623e-02 8.282317221164703369e-02 6.188413500785827637e-02 1.858423054218292236e-01 -2.082047425210475922e-02 6.313620805740356445e-01 3.126539289951324463e-01 8.050701022148132324e-01 2.874779701232910156e-01 2.654841169714927673e-02 8.273421227931976318e-02 1.456171460449695587e-02 1.692145317792892456e-01 -2.552851662039756775e-02 4.173429608345031738e-01 3.868661224842071533e-01 8.866356015205383301e-01 1.459204852581024170e-01 -3.917645663022994995e-04 -8.895993232727050781e-05 -4.732242226600646973e-02 -1.662777364253997803e-02 -4.708042368292808533e-03 -2.140191197395324707e-01 7.421219348907470703e-02 8.156549930572509766e-02 -1.415574848651885986e-01
6.666666865348815918e-01 4.444444477558135986e-01 2.369079366326332092e-02 7.864134013652801514e-02 1.822815090417861938e-02 1.551354378461837769e-01 -2.253338508307933807e-02 5.789321064949035645e-01 3.225668668746948242e-01 8.161254525184631348e-01 2.650485634803771973e-01 2.333001419901847839e-02 7.872522622346878052e-02 -2.379865385591983795e-02 1.504902988672256470e-01 -2.762896940112113953e-02 3.593887388706207275e-01 4.142525494098663330e-01 8.978038430213928223e-01 8.364313095808029175e-02 -3.607794642448425293e-04 8.388608694076538086e-05 -4.202680289745330811e-02 -4.645138978958129883e-03 -5.095584318041801453e-03 -2.195433676242828369e-01 9.168568253517150879e-02 8.167839050292968750e-02 -1.814054250717163086e-01
7.777777910232543945e-01 4.444444477558135986e-01 1.758394762873649597e-02 7.420340180397033691e-02 -9.247064590454101562e-03 1.410590857267379761e-01 -2.025571092963218689e-02 6.016888618469238281e-01 3.354475498199462891e-01 8.486351370811462402e-01 2.649296820163726807e-01 1.757932826876640320e-02 7.446595281362533569e-02 -4.637832939624786377e-02 1.450087279081344604e-01 -2.545129880309104919e-02 3.656145632266998291e-01 4.381963312625885010e-01 9.393231868743896484e-01 7.180628925561904907e-02 -4.619359970092773438e-06 2.625510096549987793e-04 -3.713126480579376221e-02 3.949642181396484375e-03 -5.195587873458862305e-03 -2.360742986202239990e-01 1.027487814426422119e-01 9.068804979324340820e-02 -1.931234002113342285e-01
8.888888955116271973e-01 4.444444477558135986e-01 9.356222115457057953e-03 7.020761817693710327e-02 -2.641450613737106323e-02 1.355322897434234619e-01 -1.568151824176311493e-02 6.472718119621276855e-01 3.475084304809570312e-01 8.842749595642089844e-01 2.723071575164794922e-01 1.006946340203285217e-02 7.044182717800140381e-02 -5.940520763397216797e-02 1.429867297410964966e-01 -2.101635560393333435e-02 3.929282128810882568e-01 4.539888203144073486e-01 9.832748770713806152e-01 8.292852342128753662e-02 7.132412865757942200e-04 2.342090010643005371e-04 -3.299070149660110474e-02 7.454439997673034668e-03 -5.334837362170219421e-03 -2.543435990810394287e-01 1.064803898334503174e-01 9.899991750717163086e-02 -1.893786340951919556e-01
1.111111119389533997e-01 5.555555820465087891e-01 7.484979461878538132e-03 9.490160644054412842e-02 1.968583166599273682e-01 2.933504283428192139e-01 3.163376078009605408e-02 8.685744404792785645e-01 4.256051778793334961e-01 1.097547769546508789e+00 2.893967032432556152e-01 7.578644901514053345e-03 9.502759575843811035e-02 1.545427590608596802e-01 2.737753391265869141e-01 4.045773670077323914e-02 7.155535221099853516e-01 4.953835308551788330e-01 1.207497119903564453e+00 2.187498658895492554e-01 9.366543963551521301e-05 1.259893178939819336e-04 -4.231555759906768799e-02 -1.957508921623229980e-02 8.823975920677185059e-03 -1.530209183692932129e-01 6.977835297584533691e-02 1.099493503570556641e-01 -7.064683735370635986e-02
2.222222238779067993e-01 5.555555820465087891e-01 1.406716089695692062e-02 1.036965698003768921e-01 1.937155425548553467e-01 3.167869150638580322e-01 8.819379843771457672e-03 8.783982992172241211e-01 4.245930016040802002e-01 1.097022533416748047e+00 2.918517589569091797e-01 1.389135792851448059e-02 1.042064875364303589e-01 1.500342041254043579e-01 2.835219502449035645e-01 1.162245497107505798e-02 7.120273709297180176e-01 4.419866502285003662e-01 1.098636031150817871e+00 2.428385168313980103e-01 -1.758029684424400330e-04 5.099177360534667969e-04 -4.368133842945098877e-02 -3.326496481895446777e-02 2.803075127303600311e-03 -1.663709282875061035e-01 1.739364862442016602e-02 1.613497734069824219e-03 -4.901324212551116943e-02
3.333333432674407959e-01 5.555555820465087891e-01 1.895263418555259705e-02 1.079241782426834106e-01 1.704490035772323608e-01 3.135376274585723877e-01 -1.588157005608081818e-02 8.749706149101257324e-01 4.220660030841827393e-01 1.090804815292358398e+00 2.922206819057464600e-01 1.860250905156135559e-02 1.084394752979278564e-01 1.262960582971572876e-01 2.768446207046508789e-01 -1.681327447295188904e-02 6.953859925270080566e-01 4.319695830345153809e-01 1.073603391647338867e+00 2.426840513944625854e-01 -3.501251339912414551e-04 5.152970552444458008e-04 -4.415294528007507324e-02 -3.669300675392150879e-02 -9.317044168710708618e-04 -1.795846223831176758e-01 9.903579950332641602e-03 -1.720142364501953125e-02 -4.953663051128387451e-02
4.444444477558135986e-01 5.555555820465087891e-01 2.155214175581932068e-02 1.073291972279548645e-01 1.333785653114318848e-01 2.815499007701873779e-01 -3.393103182315826416e-02 8.595285415649414062e-01 4.003461897373199463e-01 1.039627909660339355e+00 2.984111905097961426e-01 2.105823531746864319e-02 1.075494587421417236e-01 8.888728916645050049e-02 2.516291737556457520e-01 -3.888794407248497009e-02 6.693702936172485352e-01 4.356757998466491699e-01 1.074011802673339844e+00 2.325815409421920776e-01 -4.939064383506774902e-04 2.202615141868591309e-04 -4.449127614498138428e-02 -2.992072701454162598e-02 -4.956912249326705933e-03 -1.901582479476928711e-01 3.532961010932922363e-02 3.438389301300048828e-02 -6.582964956760406494e-02
5.555555820465087891e-01 5.555555820465087891e-01 2.155213989317417145e-02 1.031067222356796265e-01 8.897254616022109985e-02 2.394276857376098633e-01 -4.232584685087203979e-02 8.372817039489746094e-01 3.883102238178253174e-01 1.008954763412475586e+00 2.991606593132019043e-01 2.098363265395164490e-02 1.031729280948638916e-01 4.622372239828109741e-02 2.241782844066619873e-01 -5.026402696967124939e-02 6.449568867683410645e-01 4.588366448879241943e-01 1.112654328346252441e+00 2.124732136726379395e-01 -5.685072392225265503e-04 6.620585918426513672e-05 -4.274882376194000244e-02 -1.524940133094787598e-02 -7.938180118799209595e-03 -1.923248171806335449e-01 7.052642107009887695e-02 1.036995649337768555e-01 -8.668744564056396484e-02
6.666666865348815918e-01 5.555555820465087891e-01 1.895263232290744781e-02 9.723251312971115112e-02 4.707835614681243896e-02 2.011566609144210815e-01 -4.143312573432922363e-02 8.187743425369262695e-01 3.856348693370819092e-01 9.999201893806457520e-01 2.964599132537841797e-01 1.847312226891517639e-02 9.742735326290130615e-02 7.594030350446701050e-03 1.967834383249282837e-01 -5.045365914702415466e-02 6.151784062385559082e-01 4.803516864776611328e-01 1.143442511558532715e+00 1.902138590812683105e-01 -4.795100539922714233e-04 1.948401331901550293e-04 -3.948432579636573792e-02 -4.373222589492797852e-03 -9.020533412694931030e-03 -2.035959362983703613e-01 9.471681714057922363e-02 1.435223221778869629e-01 -1.062460541725158691e-01
7.777777910232543945e-01 5.555555820465087891e-01 1.406715530902147293e-02 9.153844416141510010e-02 1.599524915218353271e-02 1.755046993494033813e-01 -3.328879177570343018e-02 8.177821636199951172e-01 3.862319588661193848e-01 1.001093149185180664e+00 2.959739565849304199e-01 1.392729952931404114e-02 9.184437990188598633e-02 -1.937346719205379486e-02 1.793557852506637573e-01 -4.250633344054222107e-02 6.047238707542419434e-01 4.948934912681579590e-01 1.166474342346191406e+00 1.785104721784591675e-01 -1.398557797074317932e-04 3.059357404708862305e-04 -3.536871820688247681e-02 3.851085901260375977e-03 -9.217541664838790894e-03 -2.130582928657531738e-01 1.086615324020385742e-01 1.653811931610107422e-01 -1.174634844064712524e-01
8.888888955116271973e-01 5.555555820465087891e-01 7.484976202249526978e-03 8.696596324443817139e-02 -1.536905765533447266e-03 1.643528044223785400e-01 -2.204570733010768890e-02 8.309124708175659180e-01 3.875875174999237061e-01 1.006296873092651367e+00 2.981542646884918213e-01 7.943030446767807007e-03 8.713328093290328979e-02 -3.356826305389404297e-02 1.705715805292129517e-01 -3.013936802744865417e-02 6.070343255996704102e-01 4.969649314880371094e-01 1.171265363693237305e+00 1.784186512231826782e-01 4.580542445182800293e-04 1.673176884651184082e-04 -3.203135728836059570e-02 6.218776106834411621e-03 -8.093660697340965271e-03 -2.238781452178955078e-01 1.093774139881134033e-01 1.649684906005859375e-01 -1.197356134653091431e-01
1.111111119389533997e-01 6.666666865348815918e-01 4.936635494232177734e-03 1.148342117667198181e-01 1.977649331092834473e-01 3.202438354492187500e-01 4.330871626734733582e-02 1.011513113975524902e+00 4.430852234363555908e-01 1.159894824028015137e+00 3.088845312595367432e-01 5.176600068807601929e-03 1.151976138353347778e-01 1.596832722425460815e-01 3.090451359748840332e-01 5.560490861535072327e-02 8.667564988136291504e-01 5.299759507179260254e-01 1.320740103721618652e+00 2.460378408432006836e-01 2.399645745754241943e-04 3.634020686149597168e-04 -3.808166086673736572e-02 -1.119869947433471680e-02 1.229619234800338745e-02 -1.447566151618957520e-01 8.689072728157043457e-02 1.608452796936035156e-01 -6.284669041633605957e-02
2.222222238779067993e-01 6.666666865348815918e-01 9.277840144932270050e-03 1.258948594331741333e-01 2.003410160541534424e-01 3.561111688613891602e-01 1.360484957695007324e-02 1.020152211189270020e+00 4.657174050807952881e-01 1.212624073028564453e+00 3.018883764743804932e-01 9.291704744100570679e-03 1.266964226961135864e-01 1.600947082042694092e-01 3.285426795482635498e-01 1.680323854088783264e-02 8.710280656814575195e-01 4.900671839714050293e-01 1.238018989562988281e+00 2.631115317344665527e-01 1.386459916830062866e-05 8.015632629394531250e-04 -4.024630784988403320e-02 -2.756848931312561035e-02 3.198388963937759399e-03 -1.491241455078125000e-01 2.434977889060974121e-02 2.539491653442382812e-02 -3.877684473991394043e-02
3.333333432674407959e-01 6.666666865348815918e-01 1.250000018626451492e-02 1.307920217514038086e-01 1.814370900392532349e-01 3.623705804347991943e-01 -2.258942835032939911e-02 1.017151594161987305e+00 4.888442158699035645e-01 1.264033913612365723e+00 2.928800880908966064e-01 1.219162717461585999e-02 1.315805315971374512e-01 1.408429294824600220e-01 3.285754621028900146e-01 -2.236266061663627625e-02 8.578521609306335449e-01 4.965396225452423096e-01 1.248696446418762207e+00 2.573986649513244629e-01 -3.083730116486549377e-04 7.885098457336425781e-04 -4.059416055679321289e-02 -3.379511833190917969e-02 2.267677336931228638e-04 -1.592994332313537598e-01 7.695406675338745117e-03 -1.533746719360351562e-02 -3.548142313957214355e-02
4.444444477558135986e-01 6.666666865348815918e-01 1.421447470784187317e-02 1.293017268180847168e-01 1.529332250356674194e-01 3.227280974388122559e-01 -4.736566543579101562e-02 1.003909587860107422e+00 4.453314244747161865e-01 1.163894295692443848e+00 3.067730665206909180e-01 1.367667689919471741e-02 1.296401321887969971e-01 1.110814362764358521e-01 2.985114157199859619e-01 -5.254363641142845154e-02 8.377565741539001465e-01 4.878333210945129395e-01 1.225606203079223633e+00 2.561729848384857178e-01 -5.377978086471557617e-04 3.384053707122802734e-04 -4.185178875923156738e-02 -2.421668171882629395e-02 -5.177970975637435913e-03 -1.661530137062072754e-01 4.250189661979675293e-02 6.171190738677978516e-02 -5.060008168220520020e-02
5.555555820465087891e-01 6.666666865348815918e-01 1.421447470784187317e-02 1.232213601469993591e-01 1.144358813762664795e-01 2.746795415878295898e-01 -5.768366158008575439e-02 9.865901470184326172e-01 4.258495569229125977e-01 1.116856217384338379e+00 3.113272190093994141e-01 1.363268867135047913e-02 1.232678741216659546e-01 7.292255014181137085e-02 2.618903815746307373e-01 -6.810630857944488525e-02 8.090206384658813477e-01 5.077221393585205078e-01 1.259656190872192383e+00 2.404977083206176758e-01 -5.817860364913940430e-04 4.651397466659545898e-05 -4.151333123445510864e-02 -1.278916001319885254e-02 -1.042264699935913086e-02 -1.775695085525512695e-01 8.187258243560791016e-02 1.427999734878540039e-01 -7.082951068878173828e-02
6.666666865348815918e-01 6.666666865348815918e-01 1.249999832361936569e-02 1.153960153460502625e-01 7.625566422939300537e-02 2.336207181215286255e-01 -5.551856011152267456e-02 9.732995033264160156e-01 4.271129071712493896e-01 1.117826700210571289e+00 3.085846602916717529e-01 1.205279305577278137e-02 1.155433878302574158e-01 3.632225096225738525e-02 2.301318496465682983e-01 -6.814175844192504883e-02 7.824940681457519531e-01 5.376595854759216309e-01 1.312392592430114746e+00 2.204680293798446655e-01 -4.472052678465843201e-04 1.473724842071533203e-04 -3.993341326713562012e-02 -3.488868474960327148e-03 -1.262319833040237427e-02 -1.908054351806640625e-01 1.105466783046722412e-01 1.945658922195434570e-01 -8.811663091182708740e-02
7.777777910232543945e-01 6.666666865348815918e-01 9.277836419641971588e-03 1.083871573209762573e-01 4.844866320490837097e-02 2.071126997470855713e-01 -4.270091280341148376e-02 9.703375697135925293e-01 4.307163655757904053e-01 1.125603675842285156e+00 3.066645860671997070e-01 9.095344692468643188e-03 1.086400821805000305e-01 1.016910746693611145e-02 2.101057618856430054e-01 -5.523508414626121521e-02 7.698900699615478516e-01 5.572855472564697266e-01 1.346877217292785645e+00 2.084265053272247314e-01 -1.824917271733283997e-04 2.529248595237731934e-04 -3.827955573797225952e-02 2.993062138557434082e-03 -1.253417134284973145e-02 -2.004474997520446777e-01 1.265691816806793213e-01 2.212735414505004883e-01 -9.823808073997497559e-02
8.888888955116271973e-01 6.666666865348815918e-01 4.936633165925741196e-03 1.034068763256072998e-01 3.489273041486740112e-02 1.985883116722106934e-01 -2.583448775112628937e-02 9.790291190147399902e-01 4.327132999897003174e-01 1.131446838378906250e+00 3.073862493038177490e-01 5.089420825242996216e-03 1.034600511193275452e-01 -2.241762354969978333e-03 2.018129080533981323e-01 -3.587863966822624207e-02 7.699540257453918457e-01 5.551977157592773438e-01 1.342830777168273926e+00 2.093266397714614868e-01 1.527876593172550201e-04 5.317479372024536133e-05 -3.713449090719223022e-02 3.224596381187438965e-03 -1.004415191709995270e-02 -2.090750932693481445e-01 1.224844157695770264e-01 2.113839387893676758e-01 -9.805960953235626221e-02
1.111111119389533997e-01 7.777777910232543945e-01 2.442736178636550903e-03 1.350842267274856567e-01 1.655221432447433472e-01 3.092311918735504150e-01 5.742374435067176819e-02 1.011966705322265625e+00 4.419253170490264893e-01 1.157310366630554199e+00 3.093958497047424316e-01 2.711880952119827271e-03 1.354347765445709229e-01 1.329061836004257202e-01 3.101789355278015137e-01 7.416331768035888672e-02 8.934211730957031250e-01 5.555165410041809082e-01 1.380437493324279785e+00 2.424810081720352173e-01 2.691447734832763672e-04 3.505498170852661133e-04 -3.261595964431762695e-02 9.477436542510986328e-04 1.673957332968711853e-02 -1.185455322265625000e-01 1.135912239551544189e-01 2.231271266937255859e-01 -6.691484153270721436e-02
2.222222238779067993e-01 7.777777910232543945e-01 4.590842407196760178e-03 1.485794633626937866e-01 1.743043512105941772e-01 3.503247797489166260e-01 2.336815744638442993e-02 1.018378853797912598e+00 4.652641415596008301e-01 1.211321353912353516e+00 3.017566204071044922e-01 4.811007529497146606e-03 1.493585854768753052e-01 1.382238417863845825e-01 3.308297097682952881e-01 2.747317776083946228e-02 8.978921175003051758e-01 5.077027678489685059e-01 1.281560301780700684e+00 2.621168494224548340e-01 2.201651223003864288e-04 7.791221141815185547e-04 -3.608050942420959473e-02 -1.949506998062133789e-02 4.105020314455032349e-03 -1.204867362976074219e-01 4.243862628936767578e-02 7.023894786834716797e-02 -3.963977098464965820e-02
3.333333432674407959e-01 7.777777910232543945e-01 6.185225211083889008e-03 1.540875136852264404e-01 1.646952480077743530e-01 3.607938587665557861e-01 -1.963832601904869080e-02 1.016152024269104004e+00 4.893527328968048096e-01 1.264995217323303223e+00 2.925187349319458008e-01 6.120394915342330933e-03 1.548949629068374634e-01 1.287929862737655640e-01 3.286451399326324463e-01 -2.018001303076744080e-02 8.821800947189331055e-01 4.950154721736907959e-01 1.251047492027282715e+00 2.636447250843048096e-01 -6.483029574155807495e-05 8.074492216110229492e-04 -3.590226173400878906e-02 -3.214871883392333984e-02 -5.416870117187500000e-04 -1.339719295501708984e-01 5.662739276885986328e-03 -1.394772529602050781e-02 -2.887400984764099121e-02
4.444444477558135986e-01 7.777777910232543945e-01 7.033578585833311081e-03 1.514431536197662354e-01 1.477824300527572632e-01 3.235862851142883301e-01 -5.039503425359725952e-02 1.006327986717224121e+00 4.481666982173919678e-01 1.170708894729614258e+00 3.061087727546691895e-01 6.749246269464492798e-03 1.516915559768676758e-01 1.140445992350578308e-01 3.067045807838439941e-01 -5.597012862563133240e-02 8.844978213310241699e-01 4.931122064590454102e-01 1.247506260871887207e+00 2.649313807487487793e-01 -2.843323163688182831e-04 2.484023571014404297e-04 -3.373783081769943237e-02 -1.688170433044433594e-02 -5.575094372034072876e-03 -1.218301653861999512e-01 4.494550824165344238e-02 7.679736614227294922e-02 -4.117739200592041016e-02
5.555555820465087891e-01 7.777777910232543945e-01 7.033577654510736465e-03 1.431671082973480225e-01 1.202568635344505310e-01 2.772948145866394043e-01 -6.293251365423202515e-02 9.935035109519958496e-01 4.298925399780273438e-01 1.127109527587890625e+00 3.109200596809387207e-01 6.720598787069320679e-03 1.429958045482635498e-01 8.666026592254638672e-02 2.678129673004150391e-01 -7.355953752994537354e-02 8.621752262115478516e-01 5.083341598510742188e-01 1.274519085884094238e+00 2.536233365535736084e-01 -3.129788674414157867e-04 -1.713037490844726562e-04 -3.359659761190414429e-02 -9.481847286224365234e-03 -1.062702387571334839e-02 -1.313282847404479980e-01 7.844161987304687500e-02 1.474095582962036133e-01 -5.729672312736511230e-02
6.666666865348815918e-01 7.777777910232543945e-01 6.185224745422601700e-03 1.331318467855453491e-01 9.227018058300018311e-02 2.380437552928924561e-01 -5.949009954929351807e-02 9.836792945861816406e-01 4.314952790737152100e-01 1.129353761672973633e+00 3.086514174938201904e-01 5.981516093015670776e-03 1.330733150243759155e-01 5.758243799209594727e-02 2.354450076818466187e-01 -7.206542789936065674e-02 8.383650183677673340e-01 5.417176485061645508e-01 1.337149024009704590e+00 2.341752350330352783e-01 -2.037086524069309235e-04 -5.853176116943359375e-05 -3.468774259090423584e-02 -2.598747611045837402e-03 -1.257532835006713867e-02 -1.453142762184143066e-01 1.102223694324493408e-01 2.077952623367309570e-01 -7.447618246078491211e-02
7.777777910232543945e-01 7.777777910232543945e-01 4.590841010212898254e-03 1.247495487332344055e-01 7.339872419834136963e-02 2.147665023803710938e-01 -4.335199296474456787e-02 9.814524650573730469e-01 4.356179833412170410e-01 1.138424038887023926e+00 3.066770136356353760e-01 4.500079900026321411e-03 1.248702853918075562e-01 3.672718256711959839e-02 2.161870151758193970e-01 -5.543103441596031189e-02 8.208246231079101562e-01 5.638489723205566406e-01 1.376386523246765137e+00 2.205276787281036377e-01 -9.076111018657684326e-05 1.207366585731506348e-04 -3.667154163122177124e-02 1.420512795448303223e-03 -1.207904145121574402e-02 -1.606278419494628906e-01 1.282309889793395996e-01 2.379624843597412109e-01 -8.614933490753173828e-02
8.888888955116271973e-01 7.777777910232543945e-01 2.442735247313976288e-03 1.195303574204444885e-01 6.669191271066665649e-02 2.114276736974716187e-01 -2.360690571367740631e-02 9.878647923469543457e-01 4.392125904560089111e-01 1.147565484046936035e+00 3.063896000385284424e-01 2.353448420763015747e-03 1.194405257701873779e-01 2.775963582098484039e-02 2.104030102491378784e-01 -3.271948918700218201e-02 8.138774633407592773e-01 5.593600273132324219e-01 1.365299940109252930e+00 2.204124629497528076e-01 -8.928682655096054077e-05 -8.983165025711059570e-05 -3.893227875232696533e-02 -1.024663448333740234e-03 -9.112583473324775696e-03 -1.739873290061950684e-01 1.201474368572235107e-01 2.177344560623168945e-01 -8.597713708877563477e-02
1.111111119389533997e-01 8.888888955116271973e-01 6.498763104900717735e-04 1.556516736745834351e-01 1.421992927789688110e-01 3.006437122821807861e-01 7.424833625555038452e-02 1.006410717964172363e+00 4.378705918788909912e-01 1.147231936454772949e+00 3.100126385688781738e-01 7.677488029003143311e-04 1.555662602186203003e-01 1.183409467339515686e-01 3.161220550537109375e-01 9.528297185897827148e-02 9.515374898910522461e-01 5.739001631736755371e-01 1.433504223823547363e+00 2.489143610000610352e-01 1.178724924102425575e-04 -8.541345596313476562e-05 -2.385834604501724243e-02 1.547834277153015137e-02 2.103463560342788696e-02 -5.487322807312011719e-02 1.360295712947845459e-01 2.862722873687744141e-01 -6.109827756881713867e-02
2.222222238779067993e-01 8.888888955116271973e-01 1.221367856487631798e-03 1.717504113912582397e-01 1.578019708395004272e-01 3.406964838504791260e-01 3.605251386761665344e-02 1.009822607040405273e+00 4.435868859291076660e-01 1.160792708396911621e+00 3.084163963794708252e-01 1.494120806455612183e-03 1.719250231981277466e-01 1.307034939527511597e-01 3.326940238475799561e-01 4.280759021639823914e-02 9.530969262123107910e-01 5.083923935890197754e-01 1.294933319091796875e+00 2.735569179058074951e-01 2.727529499679803848e-04 1.746118068695068359e-04 -2.709847688674926758e-02 -8.002460002899169922e-03 6.755076348781585693e-03 -5.672568082809448242e-02 6.480550765991210938e-02 1.341406106948852539e-01 -3.485947847366333008e-02
3.333333432674407959e-01 8.888888955116271973e-01 1.645544543862342834e-03 1.778106987476348877e-01 1.575502306222915649e-01 3.484951555728912354e-01 -1.024960912764072418e-02 1.008637666702270508e+00 4.493914842605590820e-01 1.173842072486877441e+00 3.060350418090820312e-01 1.794774085283279419e-03 1.781724691390991211e-01 1.290352642536163330e-01 3.203724622726440430e-01 -1.254538819193840027e-02 9.161214828491210938e-01 4.614144265651702881e-01 1.185254573822021484e+00 2.843709290027618408e-01 1.492295414209365845e-04 3.617703914642333984e-04 -2.851496636867523193e-02 -2.812269330024719238e-02 -2.295779064297676086e-03 -9.251618385314941406e-02 1.202294230461120605e-02 1.141250133514404297e-02 -2.166411280632019043e-02
4.444444477558135986e-01 8.888888955116271973e-01 1.871244283393025398e-03 1.737534850835800171e-01 1.451618671417236328e-01 3.204237520694732666e-01 -4.671724140644073486e-02 1.003410339355468750e+00 4.370261728763580322e-01 1.144866466522216797e+00 3.098374307155609131e-01 1.887235790491104126e-03 1.736300885677337646e-01 1.178639158606529236e-01 3.088055849075317383e-01 -5.384362861514091492e-02 9.240955114364624023e-01 4.857588410377502441e-01 1.240003705024719238e+00 2.763572335243225098e-01 1.599150709807872772e-05 -1.233965158462524414e-04 -2.729795128107070923e-02 -1.161816716194152832e-02 -7.126387208700180054e-03 -7.931482791900634766e-02 4.873266816139221191e-02 9.513723850250244141e-02 -3.348019719123840332e-02
5.555555820465087891e-01 8.888888955116271973e-01 1.871244050562381744e-03 1.629439592361450195e-01 1.239729300141334534e-01 2.779396772384643555e-01 -6.291540712118148804e-02 9.965866804122924805e-01 4.318402409553527832e-01 1.132013082504272461e+00 3.106849789619445801e-01 1.859229058027267456e-03 1.623737066984176636e-01 9.658325463533401489e-02 2.707704007625579834e-01 -7.283754646778106689e-02 9.053570628166198730e-01 5.033099651336669922e-01 1.273871302604675293e+00 2.654937505722045898e-01 -1.201499253511428833e-05 -5.702525377273559570e-04 -2.738967537879943848e-02 -7.169276475906372070e-03 -9.922139346599578857e-03 -9.122961759567260742e-02 7.146972417831420898e-02 1.418582201004028320e-01 -4.519122838973999023e-02
6.666666865348815918e-01 8.888888955116271973e-01 1.645544311031699181e-03 1.504400074481964111e-01 1.034293621778488159e-01 2.392389923334121704e-01 -5.823873355984687805e-02 9.913594126701354980e-01 4.329733848571777344e-01 1.133851408958435059e+00 3.093776702880859375e-01 1.669991761445999146e-03 1.500579565763473511e-01 7.419802993535995483e-02 2.367332428693771362e-01 -6.876640021800994873e-02 8.822476863861083984e-01 5.324971675872802734e-01 1.329924583435058594e+00 2.487620711326599121e-01 2.444745041429996490e-05 -3.820508718490600586e-04 -2.923133224248886108e-02 -2.505749464035034180e-03 -1.052766665816307068e-02 -1.091117262840270996e-01 9.952378273010253906e-02 1.960731744766235352e-01 -6.061559915542602539e-02
7.777777910232543945e-01 8.888888955116271973e-01 1.221367507241666317e-03 1.406256109476089478e-01 9.131317585706710815e-02 2.177510559558868408e-01 -3.910619020462036133e-02 9.901744723320007324e-01 4.351855814456939697e-01 1.138731122016906738e+00 3.083282113075256348e-01 1.217920333147048950e-03 1.405669748783111572e-01 5.921819061040878296e-02 2.173568457365036011e-01 -4.859205707907676697e-02 8.633794188499450684e-01 5.510725975036621094e-01 1.363188505172729492e+00 2.368502318859100342e-01 -3.447174094617366791e-06 -5.863606929779052734e-05 -3.209498524665832520e-02 -3.942102193832397461e-04 -9.485866874456405640e-03 -1.267950534820556641e-01 1.158870160579681396e-01 2.244573831558227539e-01 -7.147797942161560059e-02
8.888888955116271973e-01 8.888888955116271973e-01 6.498760194517672062e-04 1.353364288806915283e-01 9.004023671150207520e-02 2.180640250444412231e-01 -1.764380745589733124e-02 9.935863614082336426e-01 4.371336996555328369e-01 1.143678426742553711e+00 3.081564903259277344e-01 4.352591931819915771e-04 1.350705176591873169e-01 5.501183867454528809e-02 2.121836394071578979e-01 -2.402987703680992126e-02 8.532005548477172852e-01 5.379911065101623535e-01 1.333657741546630859e+00 2.394794374704360962e-01 -2.146168262697756290e-04 -2.659112215042114258e-04 -3.502839803695678711e-02 -5.880385637283325195e-03 -6.386069580912590027e-03 -1.403858065605163574e-01 1.008574068546295166e-01 1.899793148040771484e-01 -6.867705285549163818e-02
