# step A_or_beta0
0.000000000000000000e+00 8.500000238418579102e-01
1.000000000000000000e+03 9.888468384742736816e-01
2.000000000000000000e+03 9.919350147247314453e-01
3.000000000000000000e+03 1.003749608993530273e+00
4.000000000000000000e+03 1.003028750419616699e+00
5.000000000000000000e+03 1.004097700119018555e+00
6.000000000000000000e+03 1.003404498100280762e+00
7.000000000000000000e+03 1.005471348762512207e+00
8.000000000000000000e+03 1.004950165748596191e+00
9.000000000000000000e+03 1.004420042037963867e+00
1.000000000000000000e+04 1.003529429435729980e+00
1.100000000000000000e+04 1.002105951309204102e+00
1.200000000000000000e+04 1.002339363098144531e+00
1.300000000000000000e+04 1.001581788063049316e+00
1.400000000000000000e+04 1.001196980476379395e+00
1.500000000000000000e+04 1.002794861793518066e+00
1.600000000000000000e+04 1.001681804656982422e+00
1.700000000000000000e+04 1.001618742942810059e+00
1.800000000000000000e+04 1.001611948013305664e+00
1.900000000000000000e+04 1.001075387001037598e+00
2.000000000000000000e+04 1.001001358032226562e+00
2.100000000000000000e+04 1.001442670822143555e+00
2.200000000000000000e+04 1.000454545021057129e+00
2.300000000000000000e+04 1.000702738761901855e+00
2.400000000000000000e+04 1.002207994461059570e+00
2.500000000000000000e+04 1.000655174255371094e+00
2.600000000000000000e+04 1.000203490257263184e+00
2.700000000000000000e+04 1.000075459480285645e+00
2.800000000000000000e+04 1.000258088111877441e+00
2.900000000000000000e+04 9.998245239257812500e-01
3.000000000000000000e+04 1.000181436538696289e+00
3.100000000000000000e+04 9.999894499778747559e-01
3.200000000000000000e+04 9.999032020568847656e-01
3.300000000000000000e+04 1.000107288360595703e+00
3.400000000000000000e+04 1.000332474708557129e+00
3.500000000000000000e+04 9.998430013656616211e-01
3.600000000000000000e+04 1.000120759010314941e+00
3.700000000000000000e+04 9.995580911636352539e-01
3.800000000000000000e+04 1.000710129737854004e+00
3.900000000000000000e+04 9.997754693031311035e-01
4.000000000000000000e+04 9.996454715728759766e-01
4.100000000000000000e+04 9.998586773872375488e-01
4.200000000000000000e+04 1.000113010406494141e+00
4.300000000000000000e+04 9.999420642852783203e-01
4.400000000000000000e+04 9.999834895133972168e-01
4.500000000000000000e+04 9.995240569114685059e-01
4.600000000000000000e+04 9.996736645698547363e-01
4.700000000000000000e+04 9.996151328086853027e-01
4.800000000000000000e+04 1.000235319137573242e+00
4.900000000000000000e+04 9.998599290847778320e-01
5.000000000000000000e+04 1.000095129013061523e+00
5.100000000000000000e+04 1.000238060951232910e+00
5.200000000000000000e+04 9.997392892837524414e-01
5.300000000000000000e+04 9.995823502540588379e-01
5.400000000000000000e+04 1.000143885612487793e+00
5.500000000000000000e+04 1.000264525413513184e+00
5.600000000000000000e+04 9.995617866516113281e-01
5.700000000000000000e+04 9.995665550231933594e-01
5.800000000000000000e+04 9.998925328254699707e-01
5.900000000000000000e+04 9.999587535858154297e-01
6.000000000000000000e+04 1.000045657157897949e+00
6.100000000000000000e+04 9.996181130409240723e-01
6.200000000000000000e+04 9.997835159301757812e-01
6.300000000000000000e+04 9.996788501739501953e-01
6.400000000000000000e+04 9.996705055236816406e-01
6.500000000000000000e+04 9.996539354324340820e-01
6.600000000000000000e+04 9.996070861816406250e-01
6.700000000000000000e+04 9.996510744094848633e-01
6.800000000000000000e+04 9.996141791343688965e-01
6.900000000000000000e+04 9.998003244400024414e-01
7.000000000000000000e+04 9.997591972351074219e-01
7.100000000000000000e+04 9.996138215065002441e-01
7.200000000000000000e+04 9.997131228446960449e-01
7.300000000000000000e+04 9.996700286865234375e-01
7.400000000000000000e+04 9.997381567955017090e-01
7.500000000000000000e+04 9.996358752250671387e-01
7.600000000000000000e+04 9.995492696762084961e-01
7.700000000000000000e+04 9.997785687446594238e-01
7.800000000000000000e+04 9.997618794441223145e-01
7.900000000000000000e+04 9.996895194053649902e-01
8.000000000000000000e+04 9.997333884239196777e-01
8.100000000000000000e+04 9.997841715812683105e-01
8.200000000000000000e+04 9.999094605445861816e-01
8.300000000000000000e+04 9.997527599334716797e-01
8.400000000000000000e+04 9.997502565383911133e-01
8.500000000000000000e+04 9.998786449432373047e-01
8.600000000000000000e+04 9.996419548988342285e-01
8.700000000000000000e+04 9.996076226234436035e-01
8.800000000000000000e+04 9.998219609260559082e-01
8.900000000000000000e+04 9.999645948410034180e-01
9.000000000000000000e+04 9.996352195739746094e-01
9.100000000000000000e+04 9.997570514678955078e-01
9.200000000000000000e+04 9.997075796127319336e-01
9.300000000000000000e+04 9.998595714569091797e-01
9.400000000000000000e+04 9.997546672821044922e-01
9.500000000000000000e+04 9.997199773788452148e-01
9.600000000000000000e+04 9.997050166130065918e-01
9.700000000000000000e+04 9.998832941055297852e-01
9.800000000000000000e+04 9.996457695960998535e-01
9.900000000000000000e+04 9.996813535690307617e-01
1.000000000000000000e+05 9.995579719543457031e-01
1.010000000000000000e+05 9.996576905250549316e-01
1.020000000000000000e+05 9.996561408042907715e-01
1.030000000000000000e+05 9.996785521507263184e-01
1.040000000000000000e+05 9.998350739479064941e-01
1.050000000000000000e+05 9.999949336051940918e-01
1.060000000000000000e+05 9.996926784515380859e-01
1.070000000000000000e+05 9.995809793472290039e-01
1.080000000000000000e+05 9.995951056480407715e-01
1.090000000000000000e+05 9.997676610946655273e-01
1.100000000000000000e+05 9.996392726898193359e-01
1.110000000000000000e+05 9.995962381362915039e-01
1.120000000000000000e+05 9.996303915977478027e-01
1.130000000000000000e+05 9.998865127563476562e-01
1.140000000000000000e+05 9.995616674423217773e-01
1.150000000000000000e+05 9.996089935302734375e-01
1.160000000000000000e+05 9.996274113655090332e-01
1.170000000000000000e+05 9.997236728668212891e-01
1.180000000000000000e+05 9.995553493499755859e-01
1.190000000000000000e+05 9.995912313461303711e-01
1.200000000000000000e+05 9.995605349540710449e-01
1.210000000000000000e+05 9.993343353271484375e-01
1.220000000000000000e+05 9.995916485786437988e-01
1.230000000000000000e+05 9.995405077934265137e-01
1.240000000000000000e+05 9.996157288551330566e-01
1.250000000000000000e+05 9.995992779731750488e-01
1.260000000000000000e+05 9.996446967124938965e-01
1.270000000000000000e+05 9.996264576911926270e-01
1.280000000000000000e+05 9.995824694633483887e-01
1.290000000000000000e+05 9.996322989463806152e-01
1.300000000000000000e+05 9.995675086975097656e-01
1.310000000000000000e+05 9.996221065521240234e-01
1.320000000000000000e+05 9.996194243431091309e-01
1.330000000000000000e+05 9.997578263282775879e-01
1.340000000000000000e+05 9.996949434280395508e-01
1.350000000000000000e+05 9.996062517166137695e-01
1.360000000000000000e+05 9.996019601821899414e-01
1.370000000000000000e+05 9.998133778572082520e-01
1.380000000000000000e+05 9.995704293251037598e-01
1.390000000000000000e+05 9.995101690292358398e-01
1.400000000000000000e+05 9.996000528335571289e-01
1.410000000000000000e+05 9.995849132537841797e-01
1.420000000000000000e+05 9.996119737625122070e-01
1.430000000000000000e+05 9.995791912078857422e-01
1.440000000000000000e+05 9.995757937431335449e-01
1.450000000000000000e+05 9.995915293693542480e-01
1.460000000000000000e+05 9.996909499168395996e-01
1.470000000000000000e+05 9.996128678321838379e-01
1.480000000000000000e+05 9.995682239532470703e-01
1.490000000000000000e+05 9.996230602264404297e-01
1.500000000000000000e+05 9.999091625213623047e-01
