# step train_loss_terms test_loss_terms
0.000000000000000000e+00 9.911634773015975952e-02 1.343398839235305786e-01 3.661014139652252197e-02 4.194105565547943115e-01 4.377833753824234009e-02 2.245000330731272697e-03 2.771989384200423956e-04 6.682935357093811035e-02 2.158658951520919800e-02 1.250363327562808990e-02 4.186200350522994995e-02 2.388835996389389038e-01 9.911634773015975952e-02 1.343398839235305786e-01 3.661014139652252197e-02 4.194105565547943115e-01 4.377833753824234009e-02 2.245000330731272697e-03 2.771989384200423956e-04 6.682935357093811035e-02 2.158658951520919800e-02 1.250363327562808990e-02 4.186200350522994995e-02 2.388835996389389038e-01
1.000000000000000000e+03 1.013427972793579102e-03 2.568770432844758034e-03 1.342782634310424328e-04 2.796150511130690575e-04 5.487195448949933052e-04 3.824007944785989821e-05 1.046001125359907746e-05 1.235716808878351003e-05 6.052772005205042660e-05 7.376033317996188998e-05 3.016127629962284118e-05 9.496621942162164487e-07 1.013427972793579102e-03 2.568770432844758034e-03 1.342782634310424328e-04 2.796150511130690575e-04 5.487195448949933052e-04 3.824007944785989821e-05 1.046001125359907746e-05 1.235716808878351003e-05 6.052772005205042660e-05 7.376033317996188998e-05 3.016127629962284118e-05 9.496621942162164487e-07
2.000000000000000000e+03 8.320405613631010056e-04 7.201718981377780437e-04 1.020177369355224073e-04 2.208781515946611762e-04 2.129467320628464222e-04 1.771073038980830461e-05 1.202716885018162429e-05 6.575070983672048897e-06 5.402804163168184459e-05 1.962764144991524518e-05 2.713633512030355632e-05 5.460634611154091544e-08 8.320405613631010056e-04 7.201718981377780437e-04 1.020177369355224073e-04 2.208781515946611762e-04 2.129467320628464222e-04 1.771073038980830461e-05 1.202716885018162429e-05 6.575070983672048897e-06 5.402804163168184459e-05 1.962764144991524518e-05 2.713633512030355632e-05 5.460634611154091544e-08
3.000000000000000000e+03 7.311042281799018383e-04 4.243122239131480455e-04 4.141511089983396232e-05 1.587181614013388753e-04 3.212890806025825441e-05 8.856848580762743950e-06 1.013752807921264321e-05 9.217907063430175185e-06 3.205342727596871555e-05 1.937041452038101852e-05 1.735480145725887269e-05 4.288889243753146729e-08 7.311042281799018383e-04 4.243122239131480455e-04 4.141511089983396232e-05 1.587181614013388753e-04 3.212890806025825441e-05 8.856848580762743950e-06 1.013752807921264321e-05 9.217907063430175185e-06 3.205342727596871555e-05 1.937041452038101852e-05 1.735480145725887269e-05 4.288889243753146729e-08
4.000000000000000000e+03 6.712009198963642120e-04 3.542614576872438192e-04 1.534891453047748655e-05 1.044789460138417780e-04 1.793490446289069951e-05 2.826831405400298536e-06 1.026743848342448473e-05 6.210089395608520135e-06 2.124989623553119600e-05 1.152476761490106583e-05 1.179740957013564184e-05 4.404456177553583984e-08 6.712009198963642120e-04 3.542614576872438192e-04 1.534891453047748655e-05 1.044789460138417780e-04 1.793490446289069951e-05 2.826831405400298536e-06 1.026743848342448473e-05 6.210089395608520135e-06 2.124989623553119600e-05 1.152476761490106583e-05 1.179740957013564184e-05 4.404456177553583984e-08
5.000000000000000000e+03 6.359349354170262814e-04 5.315129528753459454e-04 1.452240303478902206e-05 1.084202158381231129e-04 2.891459553211461753e-05 1.187845782624208368e-06 1.151730612036772072e-05 5.084755684947595000e-06 1.483775122324004769e-05 1.378663182549644262e-05 6.068305992812383920e-06 2.970618697872851044e-05 6.359349354170262814e-04 5.315129528753459454e-04 1.452240303478902206e-05 1.084202158381231129e-04 2.891459553211461753e-05 1.187845782624208368e-06 1.151730612036772072e-05 5.084755684947595000e-06 1.483775122324004769e-05 1.378663182549644262e-05 6.068305992812383920e-06 2.970618697872851044e-05
6.000000000000000000e+03 5.856919451616704464e-04 2.819369256030768156e-04 1.388790406053885818e-05 6.752869376214221120e-05 1.174462886410765350e-05 9.358930697089817841e-07 9.050044354808051139e-06 1.871011590992566198e-06 5.319064712239196524e-06 7.636651389475446194e-06 2.141776349162682891e-06 5.797161861664790194e-08 5.856919451616704464e-04 2.819369256030768156e-04 1.388790406053885818e-05 6.752869376214221120e-05 1.174462886410765350e-05 9.358930697089817841e-07 9.050044354808051139e-06 1.871011590992566198e-06 5.319064712239196524e-06 7.636651389475446194e-06 2.141776349162682891e-06 5.797161861664790194e-08
7.000000000000000000e+03 5.582617595791816711e-04 2.569048956502228975e-04 2.777562258415855467e-05 3.911532257916405797e-05 1.172295378637500107e-05 1.780029265319171827e-06 7.425097464874852449e-06 1.495934384365682490e-06 3.565636461644317023e-06 6.737019702995894477e-06 2.172981567127862945e-06 1.514736936769622844e-06 5.582617595791816711e-04 2.569048956502228975e-04 2.777562258415855467e-05 3.911532257916405797e-05 1.172295378637500107e-05 1.780029265319171827e-06 7.425097464874852449e-06 1.495934384365682490e-06 3.565636461644317023e-06 6.737019702995894477e-06 2.172981567127862945e-06 1.514736936769622844e-06
8.000000000000000000e+03 4.905665409751236439e-04 2.031291223829612136e-04 1.707599221845157444e-05 2.920357110269833356e-05 1.655301275604870170e-05 1.346596377516107168e-06 5.583020083577139303e-06 1.277013438993890304e-06 2.452604576319572516e-06 7.971544619067572057e-06 8.358547347597777843e-07 1.252333881041067798e-08 4.905665409751236439e-04 2.031291223829612136e-04 1.707599221845157444e-05 2.920357110269833356e-05 1.655301275604870170e-05 1.346596377516107168e-06 5.583020083577139303e-06 1.277013438993890304e-06 2.452604576319572516e-06 7.971544619067572057e-06 8.358547347597777843e-07 1.252333881041067798e-08
9.000000000000000000e+03 4.172629269305616617e-04 2.046297886408865452e-04 1.772546602296642959e-05 1.913682717713527381e-05 1.792327930161263794e-05 1.595696289768966381e-06 3.585405011108377948e-06 1.394206719851354137e-06 1.859188841990544461e-06 8.129959496727678925e-06 8.844306194077944383e-07 1.765857632562983781e-06 4.172629269305616617e-04 2.046297886408865452e-04 1.772546602296642959e-05 1.913682717713527381e-05 1.792327930161263794e-05 1.595696289768966381e-06 3.585405011108377948e-06 1.394206719851354137e-06 1.859188841990544461e-06 8.129959496727678925e-06 8.844306194077944383e-07 1.765857632562983781e-06
1.000000000000000000e+04 2.864022389985620975e-04 1.695365936029702425e-04 1.415416136296698824e-05 1.273436828341800719e-05 1.323578544543124735e-05 1.149648937825986650e-06 1.993112164200283587e-06 1.653962499403860420e-06 1.824976152420276776e-06 7.798898877808824182e-06 9.824079825193621218e-07 1.429611842240774422e-07 2.864022389985620975e-04 1.695365936029702425e-04 1.415416136296698824e-05 1.273436828341800719e-05 1.323578544543124735e-05 1.149648937825986650e-06 1.993112164200283587e-06 1.653962499403860420e-06 1.824976152420276776e-06 7.798898877808824182e-06 9.824079825193621218e-07 1.429611842240774422e-07
1.100000000000000000e+04 2.451352484058588743e-04 1.631324848858639598e-04 1.399334814777830616e-05 9.774896170711144805e-06 1.156157395598711446e-05 1.275840986636467278e-06 1.341104393759451341e-06 1.131999965764407534e-06 1.846743771238834597e-06 6.518047030112938955e-06 7.841679803277656902e-07 2.364726299219910288e-07 2.451352484058588743e-04 1.631324848858639598e-04 1.399334814777830616e-05 9.774896170711144805e-06 1.156157395598711446e-05 1.275840986636467278e-06 1.341104393759451341e-06 1.131999965764407534e-06 1.846743771238834597e-06 6.518047030112938955e-06 7.841679803277656902e-07 2.364726299219910288e-07
1.200000000000000000e+04 2.356596960453316569e-04 1.498446654295548797e-04 1.553864603920374066e-05 1.767288085829932243e-05 2.253388447570614517e-05 1.421611500518338289e-06 2.732637994995457120e-06 4.770041073243191931e-07 2.529618313928949647e-06 7.643367098353337497e-06 1.053123128258448560e-06 3.118173879101959756e-07 2.356596960453316569e-04 1.498446654295548797e-04 1.553864603920374066e-05 1.767288085829932243e-05 2.253388447570614517e-05 1.421611500518338289e-06 2.732637994995457120e-06 4.770041073243191931e-07 2.529618313928949647e-06 7.643367098353337497e-06 1.053123128258448560e-06 3.118173879101959756e-07
1.300000000000000000e+04 1.842917699832469225e-04 1.387799566145986319e-04 1.057354165823198855e-05 7.398288744298042729e-06 1.135346246883273125e-05 7.962236168168601580e-07 1.144869088420819025e-06 1.945601155739495880e-07 1.667101287239347585e-06 6.048122486390639096e-06 5.418157797976164147e-07 2.123124005493082223e-07 1.842917699832469225e-04 1.387799566145986319e-04 1.057354165823198855e-05 7.398288744298042729e-06 1.135346246883273125e-05 7.962236168168601580e-07 1.144869088420819025e-06 1.945601155739495880e-07 1.667101287239347585e-06 6.048122486390639096e-06 5.418157797976164147e-07 2.123124005493082223e-07
1.400000000000000000e+04 1.467807742301374674e-04 1.237015530932694674e-04 9.630653948988765478e-06 6.289974862738745287e-06 1.000414431473473087e-05 6.521264594994136132e-07 1.083271172319655307e-06 4.726439684077377024e-08 1.373831764794886112e-06 5.442213478090707213e-06 5.141799874763819389e-07 5.069119790590548291e-09 1.467807742301374674e-04 1.237015530932694674e-04 9.630653948988765478e-06 6.289974862738745287e-06 1.000414431473473087e-05 6.521264594994136132e-07 1.083271172319655307e-06 4.726439684077377024e-08 1.373831764794886112e-06 5.442213478090707213e-06 5.141799874763819389e-07 5.069119790590548291e-09
1.500000000000000000e+04 1.123292822740040720e-04 1.141564280260354280e-04 1.700186294328887016e-05 1.459595659980550408e-05 1.174142653326271102e-05 1.088056592379871290e-06 1.771926122273725923e-06 8.313381272273545619e-07 1.705262206996849272e-06 4.412907856021774933e-06 9.379167522638454102e-07 1.072098939403076656e-06 1.123292822740040720e-04 1.141564280260354280e-04 1.700186294328887016e-05 1.459595659980550408e-05 1.174142653326271102e-05 1.088056592379871290e-06 1.771926122273725923e-06 8.313381272273545619e-07 1.705262206996849272e-06 4.412907856021774933e-06 9.379167522638454102e-07 1.072098939403076656e-06
1.600000000000000000e+04 9.318803495261818171e-05 9.930108353728428483e-05 7.539798843936296180e-06 4.684667601395631209e-06 8.128282388497609645e-06 4.183612816177628702e-07 1.259751229554240126e-06 8.395843309472184046e-08 1.157796759798657149e-06 3.977021606260677800e-06 4.792740924131067004e-07 8.687459640555061924e-10 9.318803495261818171e-05 9.930108353728428483e-05 7.539798843936296180e-06 4.684667601395631209e-06 8.128282388497609645e-06 4.183612816177628702e-07 1.259751229554240126e-06 8.395843309472184046e-08 1.157796759798657149e-06 3.977021606260677800e-06 4.792740924131067004e-07 8.687459640555061924e-10
1.700000000000000000e+04 7.394977001240476966e-05 9.107653750106692314e-05 5.547180535359075293e-06 6.756509264960186556e-06 8.622283530712593347e-06 5.522174433281179518e-07 1.757661493684281595e-06 6.324262926682422403e-07 2.989020686072763056e-06 4.948221885570092127e-06 1.254547782991721760e-06 5.356671550771352486e-08 7.394977001240476966e-05 9.107653750106692314e-05 5.547180535359075293e-06 6.756509264960186556e-06 8.622283530712593347e-06 5.522174433281179518e-07 1.757661493684281595e-06 6.324262926682422403e-07 2.989020686072763056e-06 4.948221885570092127e-06 1.254547782991721760e-06 5.356671550771352486e-08
1.800000000000000000e+04 6.720971578033640981e-05 8.359872299479320645e-05 4.101908416487276554e-06 3.675982270578970201e-06 6.113110885053174570e-06 2.349249115241036634e-07 1.220617264152679127e-06 5.617045673034226638e-08 7.885340096436266322e-07 3.185256900906097144e-06 3.716705236911366228e-07 6.845265687616119976e-08 6.720971578033640981e-05 8.359872299479320645e-05 4.101908416487276554e-06 3.675982270578970201e-06 6.113110885053174570e-06 2.349249115241036634e-07 1.220617264152679127e-06 5.617045673034226638e-08 7.885340096436266322e-07 3.185256900906097144e-06 3.716705236911366228e-07 6.845265687616119976e-08
1.900000000000000000e+04 2.145876351278275251e-04 4.065351968165487051e-04 2.392187707300763577e-05 2.706081613723654300e-05 9.311399480793625116e-05 1.131341377913486212e-06 6.233207386685535312e-06 2.672002665349282324e-06 4.306114078644895926e-06 5.567432708630803972e-06 3.263877715653507039e-06 1.943337338161654770e-05 2.145876351278275251e-04 4.065351968165487051e-04 2.392187707300763577e-05 2.706081613723654300e-05 9.311399480793625116e-05 1.131341377913486212e-06 6.233207386685535312e-06 2.672002665349282324e-06 4.306114078644895926e-06 5.567432708630803972e-06 3.263877715653507039e-06 1.943337338161654770e-05
2.000000000000000000e+04 6.125457730377092957e-05 7.309726061066612601e-05 4.766229722008574754e-06 3.693470034704660065e-06 6.173204383230768144e-06 2.276165105286054313e-07 1.381303150083112996e-06 1.316701911946438486e-07 6.216542942638625391e-07 2.708000238271779381e-06 2.503369955775269773e-07 1.964969271739391843e-07 6.125457730377092957e-05 7.309726061066612601e-05 4.766229722008574754e-06 3.693470034704660065e-06 6.173204383230768144e-06 2.276165105286054313e-07 1.381303150083112996e-06 1.316701911946438486e-07 6.216542942638625391e-07 2.708000238271779381e-06 2.503369955775269773e-07 1.964969271739391843e-07
2.100000000000000000e+04 6.667098932666704059e-05 7.712092337897047400e-05 1.071283440978731960e-05 6.552479135280009359e-06 1.099270502891158685e-05 4.682350720486283535e-07 1.927098537635174580e-06 6.653093009845179040e-07 8.366902761736128014e-07 3.110213128820760176e-06 6.748912824150465894e-07 1.123555989579472225e-06 6.667098932666704059e-05 7.712092337897047400e-05 1.071283440978731960e-05 6.552479135280009359e-06 1.099270502891158685e-05 4.682350720486283535e-07 1.927098537635174580e-06 6.653093009845179040e-07 8.366902761736128014e-07 3.110213128820760176e-06 6.748912824150465894e-07 1.123555989579472225e-06
2.200000000000000000e+04 5.273431452224031091e-05 6.574136932613328099e-05 1.966766149053000845e-06 2.763709971986827441e-06 6.159238637337693945e-06 2.981925320000300417e-07 1.141345705946150701e-06 8.060369793838617625e-08 4.714549390882893931e-07 2.024558853008784354e-06 1.655700572200657916e-07 1.151443242974892200e-07 5.273431452224031091e-05 6.574136932613328099e-05 1.966766149053000845e-06 2.763709971986827441e-06 6.159238637337693945e-06 2.981925320000300417e-07 1.141345705946150701e-06 8.060369793838617625e-08 4.714549390882893931e-07 2.024558853008784354e-06 1.655700572200657916e-07 1.151443242974892200e-07
2.300000000000000000e+04 4.767087375512346625e-05 6.495075649581849575e-05 1.707058004285499919e-06 2.666163709363900125e-06 6.237096840777667239e-06 1.776783875584442285e-07 1.114442966354545206e-06 2.090105652996498975e-07 4.209246924347098684e-07 1.812695927583263256e-06 2.347134113733773120e-07 4.303083755985426251e-07 4.767087375512346625e-05 6.495075649581849575e-05 1.707058004285499919e-06 2.666163709363900125e-06 6.237096840777667239e-06 1.776783875584442285e-07 1.114442966354545206e-06 2.090105652996498975e-07 4.209246924347098684e-07 1.812695927583263256e-06 2.347134113733773120e-07 4.303083755985426251e-07
2.400000000000000000e+04 4.345323031884618104e-05 1.078219793271273375e-04 7.111742434062762186e-06 1.584574420121498406e-05 1.893734770419541746e-05 5.757502776759793051e-07 1.475635144743137062e-06 1.290480327043042053e-06 2.999229081979137845e-06 2.354013531657983549e-06 1.616266331438964698e-06 1.103491968024172820e-06 4.345323031884618104e-05 1.078219793271273375e-04 7.111742434062762186e-06 1.584574420121498406e-05 1.893734770419541746e-05 5.757502776759793051e-07 1.475635144743137062e-06 1.290480327043042053e-06 2.999229081979137845e-06 2.354013531657983549e-06 1.616266331438964698e-06 1.103491968024172820e-06
2.500000000000000000e+04 5.555188909056596458e-05 1.971623132703825831e-04 5.467077789944596589e-05 4.424983853823505342e-05 2.002242399612441659e-05 2.135729573637945578e-06 4.071216153533896431e-06 1.972577365449978970e-06 8.442267471764353104e-07 2.452181206535897218e-06 1.490898853262478951e-06 1.909745697048492730e-05 5.555188909056596458e-05 1.971623132703825831e-04 5.467077789944596589e-05 4.424983853823505342e-05 2.002242399612441659e-05 2.135729573637945578e-06 4.071216153533896431e-06 1.972577365449978970e-06 8.442267471764353104e-07 2.452181206535897218e-06 1.490898853262478951e-06 1.909745697048492730e-05
2.600000000000000000e+04 3.926446152036078274e-05 4.847696982324123383e-05 1.771545043993683066e-06 2.074402118523721583e-06 4.347294179751770571e-06 4.627384555533353705e-07 8.613367867837951053e-07 5.958590918453410268e-07 3.165888529110816307e-07 1.486224959990067873e-06 3.575357254703703802e-07 2.190107863953016931e-07 3.926446152036078274e-05 4.847696982324123383e-05 1.771545043993683066e-06 2.074402118523721583e-06 4.347294179751770571e-06 4.627384555533353705e-07 8.613367867837951053e-07 5.958590918453410268e-07 3.165888529110816307e-07 1.486224959990067873e-06 3.575357254703703802e-07 2.190107863953016931e-07
2.700000000000000000e+04 1.179029277409426868e-04 5.406624404713511467e-05 6.206505531736183912e-06 1.089854413294233382e-05 7.482731598429381847e-05 2.670328058229642920e-06 7.236213605210650712e-06 1.664527985667518806e-06 1.208354933623922989e-05 5.999471341056050733e-06 6.273586677707498893e-06 1.333475694309527171e-07 1.179029277409426868e-04 5.406624404713511467e-05 6.206505531736183912e-06 1.089854413294233382e-05 7.482731598429381847e-05 2.670328058229642920e-06 7.236213605210650712e-06 1.664527985667518806e-06 1.208354933623922989e-05 5.999471341056050733e-06 6.273586677707498893e-06 1.333475694309527171e-07
2.800000000000000000e+04 2.871010656235739589e-05 3.995974475401453674e-05 1.834281761148304213e-06 2.894249291784944944e-06 4.860567969444673508e-06 2.114135924102811259e-07 7.814206810508039780e-07 6.785105455264783814e-08 3.957439389523642603e-07 1.264892034669173881e-06 1.868455115072720218e-07 2.699455592392041581e-08 2.871010656235739589e-05 3.995974475401453674e-05 1.834281761148304213e-06 2.894249291784944944e-06 4.860567969444673508e-06 2.114135924102811259e-07 7.814206810508039780e-07 6.785105455264783814e-08 3.957439389523642603e-07 1.264892034669173881e-06 1.868455115072720218e-07 2.699455592392041581e-08
2.900000000000000000e+04 2.724146725086029619e-05 7.660390110686421394e-05 1.291665512326289900e-06 4.197671387373702601e-06 6.208194463397376239e-06 2.070853497571079060e-07 8.976634831014962401e-07 8.220929714752855944e-08 6.426935783565568272e-07 1.161338218480523210e-06 2.754579782049404457e-07 2.214499318142770790e-06 2.724146725086029619e-05 7.660390110686421394e-05 1.291665512326289900e-06 4.197671387373702601e-06 6.208194463397376239e-06 2.070853497571079060e-07 8.976634831014962401e-07 8.220929714752855944e-08 6.426935783565568272e-07 1.161338218480523210e-06 2.754579782049404457e-07 2.214499318142770790e-06
3.000000000000000000e+04 7.272762741195037961e-05 3.373206127434968948e-04 8.731037814868614078e-05 1.112495738198049366e-04 1.014994995784945786e-05 5.081085873825941235e-06 4.167102360952412710e-06 1.919343958434183151e-06 2.100293613693793304e-06 3.863524398184381425e-06 2.046964709734311327e-06 5.098103065392933786e-05 7.272762741195037961e-05 3.373206127434968948e-04 8.731037814868614078e-05 1.112495738198049366e-04 1.014994995784945786e-05 5.081085873825941235e-06 4.167102360952412710e-06 1.919343958434183151e-06 2.100293613693793304e-06 3.863524398184381425e-06 2.046964709734311327e-06 5.098103065392933786e-05
3.100000000000000000e+04 2.493769898137543350e-05 3.176650716341100633e-05 2.155365791622898541e-06 3.953306531911948696e-06 3.738247642104397528e-06 3.868069597956491634e-07 6.161388910186360590e-07 1.592639904401949025e-07 5.525687925000966061e-07 1.159008320428256411e-06 2.403187409072415903e-07 1.548150407870707568e-08 2.493769898137543350e-05 3.176650716341100633e-05 2.155365791622898541e-06 3.953306531911948696e-06 3.738247642104397528e-06 3.868069597956491634e-07 6.161388910186360590e-07 1.592639904401949025e-07 5.525687925000966061e-07 1.159008320428256411e-06 2.403187409072415903e-07 1.548150407870707568e-08
3.200000000000000000e+04 6.142244092188775539e-05 2.803034840326290578e-05 4.264379640517290682e-06 1.504878014202404302e-06 6.587222287635086104e-06 3.525508134316623909e-07 7.455080890395038296e-07 1.003033617053006310e-06 5.392437287810025737e-07 1.378838305754470639e-06 6.851404350527445786e-07 2.039547553067677654e-08 6.142244092188775539e-05 2.803034840326290578e-05 4.264379640517290682e-06 1.504878014202404302e-06 6.587222287635086104e-06 3.525508134316623909e-07 7.455080890395038296e-07 1.003033617053006310e-06 5.392437287810025737e-07 1.378838305754470639e-06 6.851404350527445786e-07 2.039547553067677654e-08
3.300000000000000000e+04 3.575408118194900453e-05 3.505642962409183383e-05 6.511390438390662894e-06 4.923253527522319928e-06 8.637108112452551723e-05 6.118029887147713453e-06 6.623361059610033408e-06 9.910346534525160678e-07 4.950836228090338409e-06 4.068373073096154258e-06 2.781573130050674081e-06 1.151645605546036677e-07 3.575408118194900453e-05 3.505642962409183383e-05 6.511390438390662894e-06 4.923253527522319928e-06 8.637108112452551723e-05 6.118029887147713453e-06 6.623361059610033408e-06 9.910346534525160678e-07 4.950836228090338409e-06 4.068373073096154258e-06 2.781573130050674081e-06 1.151645605546036677e-07
3.400000000000000000e+04 2.481785486452281475e-05 4.737507333629764616e-05 3.366904138601967134e-06 5.496772701008012518e-06 1.166328911494929343e-05 5.518130024029233027e-07 6.506767817882064264e-07 5.118315016261476558e-07 7.097534648892178666e-07 1.368406969959323760e-06 5.034133891967940144e-07 4.350917208739701891e-07 2.481785486452281475e-05 4.737507333629764616e-05 3.366904138601967134e-06 5.496772701008012518e-06 1.166328911494929343e-05 5.518130024029233027e-07 6.506767817882064264e-07 5.118315016261476558e-07 7.097534648892178666e-07 1.368406969959323760e-06 5.034133891967940144e-07 4.350917208739701891e-07
3.500000000000000000e+04 2.600707230158150196e-04 2.715881055337376893e-05 1.819704266381449997e-05 2.195615024902508594e-06 1.450920808565570042e-05 4.775190518557792529e-06 4.820105345970659982e-07 4.188374077784828842e-06 4.621582831987325335e-07 3.374416337464936078e-06 2.263535861857235432e-06 9.996526983968578861e-08 2.600707230158150196e-04 2.715881055337376893e-05 1.819704266381449997e-05 2.195615024902508594e-06 1.450920808565570042e-05 4.775190518557792529e-06 4.820105345970659982e-07 4.188374077784828842e-06 4.621582831987325335e-07 3.374416337464936078e-06 2.263535861857235432e-06 9.996526983968578861e-08
3.600000000000000000e+04 7.641979027539491653e-05 7.250499766087159514e-05 7.808920599927660078e-06 6.691891030641272664e-06 1.555913695483468473e-05 1.591491695762670133e-06 7.919933864286576863e-07 2.703911263779446017e-07 9.587236036168178543e-07 1.301305928791407496e-06 4.833674438486923464e-07 3.751284111785935238e-06 7.641979027539491653e-05 7.250499766087159514e-05 7.808920599927660078e-06 6.691891030641272664e-06 1.555913695483468473e-05 1.591491695762670133e-06 7.919933864286576863e-07 2.703911263779446017e-07 9.587236036168178543e-07 1.301305928791407496e-06 4.833674438486923464e-07 3.751284111785935238e-06
3.700000000000000000e+04 3.832177026197314262e-05 2.766129364317748696e-05 2.682431158973486163e-06 1.175924012386531103e-06 4.169198291492648423e-06 5.024808160669635981e-07 3.257644323184649693e-07 4.769431711793004069e-07 2.878005034290254116e-07 1.286138513023615815e-06 2.409669548342208145e-07 3.674171296097483719e-07 3.832177026197314262e-05 2.766129364317748696e-05 2.682431158973486163e-06 1.175924012386531103e-06 4.169198291492648423e-06 5.024808160669635981e-07 3.257644323184649693e-07 4.769431711793004069e-07 2.878005034290254116e-07 1.286138513023615815e-06 2.409669548342208145e-07 3.674171296097483719e-07
3.800000000000000000e+04 2.023422348429448903e-05 2.646368193381931633e-05 1.140539779953542165e-06 1.536610625407774933e-06 3.734217443707166240e-06 1.750062494920712197e-07 8.044700621212541591e-07 6.372371075258342898e-08 8.049019584177585784e-07 1.181239099423692096e-06 2.168071659980341792e-07 6.873584652566933073e-07 2.023422348429448903e-05 2.646368193381931633e-05 1.140539779953542165e-06 1.536610625407774933e-06 3.734217443707166240e-06 1.750062494920712197e-07 8.044700621212541591e-07 6.372371075258342898e-08 8.049019584177585784e-07 1.181239099423692096e-06 2.168071659980341792e-07 6.873584652566933073e-07
3.900000000000000000e+04 1.350805723632220179e-05 2.052571471722330898e-05 7.558709853583422955e-07 1.241207542079791892e-06 3.453352519500185736e-06 1.854577931226231158e-07 2.749869736362597905e-07 3.552307248355646152e-08 3.031640858353057411e-07 1.032354703056626022e-06 5.266777947099399171e-08 1.302860042073916702e-10 1.350805723632220179e-05 2.052571471722330898e-05 7.558709853583422955e-07 1.241207542079791892e-06 3.453352519500185736e-06 1.854577931226231158e-07 2.749869736362597905e-07 3.552307248355646152e-08 3.031640858353057411e-07 1.032354703056626022e-06 5.266777947099399171e-08 1.302860042073916702e-10
4.000000000000000000e+04 1.361060185445239767e-05 4.167513907304964960e-05 1.614335474187100772e-06 3.732414825208252296e-06 3.565681254258379340e-06 2.403754990609741071e-07 4.866193421548814513e-07 9.227962749491780414e-08 2.491640884727530647e-07 9.588854936737334356e-07 3.641205381654799567e-08 2.238155957456910983e-06 1.361060185445239767e-05 4.167513907304964960e-05 1.614335474187100772e-06 3.732414825208252296e-06 3.565681254258379340e-06 2.403754990609741071e-07 4.866193421548814513e-07 9.227962749491780414e-08 2.491640884727530647e-07 9.588854936737334356e-07 3.641205381654799567e-08 2.238155957456910983e-06
4.100000000000000000e+04 3.654809916042722762e-05 2.936448618129361421e-05 1.864103069237899035e-05 2.974539711431134492e-05 1.301946304010925815e-05 2.874496658478165045e-06 9.687795454738079570e-07 4.450754431672976352e-07 1.612151095287117641e-06 2.120761564583517611e-06 9.734123977978015319e-07 4.176564289082307369e-06 3.654809916042722762e-05 2.936448618129361421e-05 1.864103069237899035e-05 2.974539711431134492e-05 1.301946304010925815e-05 2.874496658478165045e-06 9.687795454738079570e-07 4.450754431672976352e-07 1.612151095287117641e-06 2.120761564583517611e-06 9.734123977978015319e-07 4.176564289082307369e-06
4.200000000000000000e+04 1.308623322984203696e-04 2.277287239849101752e-05 1.178904858534224331e-05 9.324867278337478638e-06 8.448894732282496989e-06 6.903153462189948186e-07 4.098732517832104350e-07 1.890301518869819120e-06 1.776941758180328179e-06 2.178549948439467698e-06 1.591215550433844328e-06 5.735136596740630921e-07 1.308623322984203696e-04 2.277287239849101752e-05 1.178904858534224331e-05 9.324867278337478638e-06 8.448894732282496989e-06 6.903153462189948186e-07 4.098732517832104350e-07 1.890301518869819120e-06 1.776941758180328179e-06 2.178549948439467698e-06 1.591215550433844328e-06 5.735136596740630921e-07
4.300000000000000000e+04 7.672206265851855278e-05 3.610895510064437985e-05 1.016868372971657664e-05 7.402998107863822952e-06 8.307025382237043232e-06 4.626131726581661496e-07 4.258277499502582941e-07 1.713500665800893330e-07 1.027266876008070540e-06 1.503552539361407980e-06 4.826216581932385452e-07 2.387798758718417957e-06 7.672206265851855278e-05 3.610895510064437985e-05 1.016868372971657664e-05 7.402998107863822952e-06 8.307025382237043232e-06 4.626131726581661496e-07 4.258277499502582941e-07 1.713500665800893330e-07 1.027266876008070540e-06 1.503552539361407980e-06 4.826216581932385452e-07 2.387798758718417957e-06
4.400000000000000000e+04 1.473430020269006491e-04 2.878885607060510665e-05 1.992046418308746070e-05 7.515274774050340056e-06 1.368597258988302201e-05 6.394004117282747757e-07 9.698325129647855647e-07 3.898759132425766438e-06 4.844957288696605247e-07 2.467926606186665595e-06 2.105661678797332570e-06 5.785349799225514289e-07 1.473430020269006491e-04 2.878885607060510665e-05 1.992046418308746070e-05 7.515274774050340056e-06 1.368597258988302201e-05 6.394004117282747757e-07 9.698325129647855647e-07 3.898759132425766438e-06 4.844957288696605247e-07 2.467926606186665595e-06 2.105661678797332570e-06 5.785349799225514289e-07
4.500000000000000000e+04 2.882658918679226190e-05 2.421738281555008143e-05 2.638547812239266932e-06 1.927323637573863380e-06 3.679427436509286053e-06 1.594868024312745547e-07 3.338233227623277344e-07 3.613285173287295038e-07 2.285799212131678360e-07 9.807034757614019327e-07 1.941042597763953381e-07 7.320936106225417461e-07 2.882658918679226190e-05 2.421738281555008143e-05 2.638547812239266932e-06 1.927323637573863380e-06 3.679427436509286053e-06 1.594868024312745547e-07 3.338233227623277344e-07 3.613285173287295038e-07 2.285799212131678360e-07 9.807034757614019327e-07 1.941042597763953381e-07 7.320936106225417461e-07
4.600000000000000000e+04 1.033377429848769680e-05 1.726307527860626578e-05 8.186795525944035035e-07 1.256843461305834353e-06 3.000802053065854125e-06 2.024321901217263076e-07 2.244563432896029553e-07 7.235174592779003433e-08 2.241270351532875793e-07 9.422279845239245333e-07 3.293216366273554740e-08 2.309975570824462920e-07 1.033377429848769680e-05 1.726307527860626578e-05 8.186795525944035035e-07 1.256843461305834353e-06 3.000802053065854125e-06 2.024321901217263076e-07 2.244563432896029553e-07 7.235174592779003433e-08 2.241270351532875793e-07 9.422279845239245333e-07 3.293216366273554740e-08 2.309975570824462920e-07
4.700000000000000000e+04 1.014724057313287631e-05 1.734593388391658664e-05 6.653475566054112278e-07 9.026350085150625091e-07 1.871883614512626082e-05 5.714020971936406568e-07 1.302941086578357499e-06 4.272177704933710629e-07 1.458202063986391295e-06 1.611821517144562677e-06 7.846619496376661118e-07 5.143627745951562247e-10 1.014724057313287631e-05 1.734593388391658664e-05 6.653475566054112278e-07 9.026350085150625091e-07 1.871883614512626082e-05 5.714020971936406568e-07 1.302941086578357499e-06 4.272177704933710629e-07 1.458202063986391295e-06 1.611821517144562677e-06 7.846619496376661118e-07 5.143627745951562247e-10
4.800000000000000000e+04 1.191156206914456561e-05 1.777489524101838470e-05 2.408654381724772975e-06 4.786969839187804610e-06 9.067986866284627467e-06 5.731749297410715371e-07 7.247368785101571120e-07 2.133760062861256301e-06 2.131841483787866309e-06 2.079179466818459332e-06 1.840530558183672838e-06 3.094256157964991871e-07 1.191156206914456561e-05 1.777489524101838470e-05 2.408654381724772975e-06 4.786969839187804610e-06 9.067986866284627467e-06 5.731749297410715371e-07 7.247368785101571120e-07 2.133760062861256301e-06 2.131841483787866309e-06 2.079179466818459332e-06 1.840530558183672838e-06 3.094256157964991871e-07
4.900000000000000000e+04 2.371806476730853319e-05 2.606972702778875828e-05 6.795108674850780517e-06 1.069043446477735415e-05 4.897838607575977221e-06 1.402352154400432482e-06 5.300702810018265154e-07 6.354651418405410368e-07 3.762337996704445686e-07 1.491232751504867338e-06 4.260324431015760638e-07 2.605683675938053057e-06 2.371806476730853319e-05 2.606972702778875828e-05 6.795108674850780517e-06 1.069043446477735415e-05 4.897838607575977221e-06 1.402352154400432482e-06 5.300702810018265154e-07 6.354651418405410368e-07 3.762337996704445686e-07 1.491232751504867338e-06 4.260324431015760638e-07 2.605683675938053057e-06
5.000000000000000000e+04 1.142311157309450209e-05 2.550940735090989619e-05 1.957715539901982993e-06 2.986076196975773200e-06 5.641949883283814415e-06 2.506533007817779435e-07 2.703520749491872266e-07 1.033957232721149921e-06 5.049732862971723080e-07 1.344537395198130980e-06 6.929151936674315948e-07 1.547779561406059656e-06 1.142311157309450209e-05 2.550940735090989619e-05 1.957715539901982993e-06 2.986076196975773200e-06 5.641949883283814415e-06 2.506533007817779435e-07 2.703520749491872266e-07 1.033957232721149921e-06 5.049732862971723080e-07 1.344537395198130980e-06 6.929151936674315948e-07 1.547779561406059656e-06
5.100000000000000000e+04 9.839185622695367783e-06 3.783535794354975224e-05 1.224698621626885142e-06 2.881089358197641559e-06 5.558114480663789436e-06 8.083747360387860681e-08 2.871827859962650109e-07 2.067758373414108064e-07 5.056700729255680926e-07 9.517221428723132703e-07 2.978831901145895245e-07 7.410969828924862668e-07 9.839185622695367783e-06 3.783535794354975224e-05 1.224698621626885142e-06 2.881089358197641559e-06 5.558114480663789436e-06 8.083747360387860681e-08 2.871827859962650109e-07 2.067758373414108064e-07 5.056700729255680926e-07 9.517221428723132703e-07 2.978831901145895245e-07 7.410969828924862668e-07
5.200000000000000000e+04 1.350479487882694229e-05 1.371434791508363560e-05 9.157781164503830951e-07 6.800786991334462073e-07 2.696024921533535235e-06 8.811549889742309460e-08 1.426110429747495800e-07 1.038477535075799096e-07 1.730600160954054445e-07 8.584751185480854474e-07 6.182379763686185470e-08 5.072231701319651620e-08 1.350479487882694229e-05 1.371434791508363560e-05 9.157781164503830951e-07 6.800786991334462073e-07 2.696024921533535235e-06 8.811549889742309460e-08 1.426110429747495800e-07 1.038477535075799096e-07 1.730600160954054445e-07 8.584751185480854474e-07 6.182379763686185470e-08 5.072231701319651620e-08
5.300000000000000000e+04 8.661206084070727229e-05 2.796669650706462562e-05 7.380643182841595262e-06 2.051778665190795437e-06 7.673223990423139185e-06 1.825621438911184669e-06 2.151708997644163901e-07 4.162473032920388505e-06 2.042338422825196176e-07 2.487903429937432520e-06 2.122816113114822656e-06 1.216770783685205970e-06 8.661206084070727229e-05 2.796669650706462562e-05 7.380643182841595262e-06 2.051778665190795437e-06 7.673223990423139185e-06 1.825621438911184669e-06 2.151708997644163901e-07 4.162473032920388505e-06 2.042338422825196176e-07 2.487903429937432520e-06 2.122816113114822656e-06 1.216770783685205970e-06
5.400000000000000000e+04 3.128849130007438362e-05 1.622321178729180247e-05 2.408580030532903038e-06 7.127575258891738486e-07 3.828030457952991128e-06 7.242149280273224576e-08 1.473347595037921565e-07 4.000677051863021916e-07 1.832230083209651639e-07 9.340442375105340034e-07 2.190789274436610867e-07 1.968934668639121810e-07 3.128849130007438362e-05 1.622321178729180247e-05 2.408580030532903038e-06 7.127575258891738486e-07 3.828030457952991128e-06 7.242149280273224576e-08 1.473347595037921565e-07 4.000677051863021916e-07 1.832230083209651639e-07 9.340442375105340034e-07 2.190789274436610867e-07 1.968934668639121810e-07
5.500000000000000000e+04 7.294716397154843435e-06 2.037342346739023924e-05 1.415320525666174944e-06 1.891118017738335766e-06 5.885337486688513309e-06 4.371458999230526388e-07 7.461221684934571385e-07 5.208613274021445250e-08 5.803912017654511146e-07 1.062001388163480442e-06 2.059568515733189997e-07 7.585937851217749994e-07 7.294716397154843435e-06 2.037342346739023924e-05 1.415320525666174944e-06 1.891118017738335766e-06 5.885337486688513309e-06 4.371458999230526388e-07 7.461221684934571385e-07 5.208613274021445250e-08 5.803912017654511146e-07 1.062001388163480442e-06 2.059568515733189997e-07 7.585937851217749994e-07
5.600000000000000000e+04 8.050038559304084629e-06 6.875952385598793626e-05 1.377363901156059001e-06 5.261290880298474804e-06 4.124536189920036122e-06 2.035132951050400152e-07 6.919038355590600986e-07 2.313080926796828862e-07 3.678476616642001318e-07 1.131917883867572527e-06 2.611686511500010965e-07 4.869714302913052961e-06 8.050038559304084629e-06 6.875952385598793626e-05 1.377363901156059001e-06 5.261290880298474804e-06 4.124536189920036122e-06 2.035132951050400152e-07 6.919038355590600986e-07 2.313080926796828862e-07 3.678476616642001318e-07 1.131917883867572527e-06 2.611686511500010965e-07 4.869714302913052961e-06
5.700000000000000000e+04 3.021672091563232243e-05 2.137221781595144421e-05 6.460286840592743829e-06 6.635304998781066388e-06 3.301016249679378234e-06 8.080987612402168452e-08 2.357656541107644443e-07 1.458385554542473983e-07 3.870610498779569753e-07 8.541035185771761462e-07 1.756014427201080252e-07 1.469885319238528609e-06 3.021672091563232243e-05 2.137221781595144421e-05 6.460286840592743829e-06 6.635304998781066388e-06 3.301016249679378234e-06 8.080987612402168452e-08 2.357656541107644443e-07 1.458385554542473983e-07 3.870610498779569753e-07 8.541035185771761462e-07 1.756014427201080252e-07 1.469885319238528609e-06
5.800000000000000000e+04 6.194025627337396145e-05 1.624592368898447603e-05 6.294024387898389250e-06 1.763611635396955535e-06 1.383730523230042309e-05 7.995495820978248958e-08 7.263856787176337093e-07 2.147173290723003447e-06 1.015393422676424962e-06 1.786221901056705974e-06 1.476164015912218019e-06 3.460571207369866897e-08 6.194025627337396145e-05 1.624592368898447603e-05 6.294024387898389250e-06 1.763611635396955535e-06 1.383730523230042309e-05 7.995495820978248958e-08 7.263856787176337093e-07 2.147173290723003447e-06 1.015393422676424962e-06 1.786221901056705974e-06 1.476164015912218019e-06 3.460571207369866897e-08
5.900000000000000000e+04 8.130039532261434942e-06 1.404784325131913647e-05 1.806971226869791280e-06 2.534844270485336892e-06 4.649534730560844764e-06 4.297945110920409206e-07 1.817928136915725190e-07 4.425990240974897461e-08 4.804815034731291234e-07 9.006199661598657258e-07 1.851371536076840130e-07 3.779157609073990898e-08 8.130039532261434942e-06 1.404784325131913647e-05 1.806971226869791280e-06 2.534844270485336892e-06 4.649534730560844764e-06 4.297945110920409206e-07 1.817928136915725190e-07 4.425990240974897461e-08 4.804815034731291234e-07 9.006199661598657258e-07 1.851371536076840130e-07 3.779157609073990898e-08
6.000000000000000000e+04 1.042294934450183064e-05 3.400030618649907410e-05 5.840843641635729000e-06 1.125261405832134187e-05 6.298307198449037969e-06 2.386720439062628429e-07 2.027478416266603745e-07 1.358650649763148976e-07 1.589291969139594585e-06 1.042359826897154562e-06 7.938197086332365870e-07 2.450840419498945266e-08 1.042294934450183064e-05 3.400030618649907410e-05 5.840843641635729000e-06 1.125261405832134187e-05 6.298307198449037969e-06 2.386720439062628429e-07 2.027478416266603745e-07 1.358650649763148976e-07 1.589291969139594585e-06 1.042359826897154562e-06 7.938197086332365870e-07 2.450840419498945266e-08
6.100000000000000000e+04 5.543561655940720811e-06 1.197551137011032552e-05 5.591959393314027693e-07 6.950053830223623663e-07 3.059594973819912411e-06 5.982099704482379821e-09 1.399390185952142929e-07 1.573503567442458007e-07 1.860675240550335729e-07 7.513053787988610566e-07 9.857196658913380816e-08 1.075477698009308369e-07 5.543561655940720811e-06 1.197551137011032552e-05 5.591959393314027693e-07 6.950053830223623663e-07 3.059594973819912411e-06 5.982099704482379821e-09 1.399390185952142929e-07 1.573503567442458007e-07 1.860675240550335729e-07 7.513053787988610566e-07 9.857196658913380816e-08 1.075477698009308369e-07
6.200000000000000000e+04 5.123552909935824573e-06 1.328121106780599803e-05 8.403672495660430286e-07 1.251538378710392863e-06 5.635029992845375091e-06 1.641163152044100570e-07 2.479368959029670805e-07 7.423444969845149899e-08 2.358217159326159162e-07 7.603335347994288895e-07 9.431845882090783562e-08 1.004509364577188535e-08 5.123552909935824573e-06 1.328121106780599803e-05 8.403672495660430286e-07 1.251538378710392863e-06 5.635029992845375091e-06 1.641163152044100570e-07 2.479368959029670805e-07 7.423444969845149899e-08 2.358217159326159162e-07 7.603335347994288895e-07 9.431845882090783562e-08 1.004509364577188535e-08
6.300000000000000000e+04 7.198474122560583055e-06 1.836504634411539882e-05 3.782721705647418275e-06 1.762001193128526211e-05 2.161754764529177919e-06 8.061708172135695349e-07 1.597600061131743132e-07 4.572480065689887851e-07 1.033676312545139808e-06 1.160166675617801957e-06 6.348149099721922539e-07 1.946404836417059414e-06 7.198474122560583055e-06 1.836504634411539882e-05 3.782721705647418275e-06 1.762001193128526211e-05 2.161754764529177919e-06 8.061708172135695349e-07 1.597600061131743132e-07 4.572480065689887851e-07 1.033676312545139808e-06 1.160166675617801957e-06 6.348149099721922539e-07 1.946404836417059414e-06
6.400000000000000000e+04 4.231889306538505480e-06 1.330273880739696324e-05 3.559190133728407091e-07 6.041269671186455525e-07 2.081307229673257098e-06 7.780551314340300451e-09 1.328614160911456565e-07 2.414852318111115892e-08 1.273510150667789276e-07 6.414922495423525106e-07 1.230817225916780444e-08 2.270895578249110258e-07 4.231889306538505480e-06 1.330273880739696324e-05 3.559190133728407091e-07 6.041269671186455525e-07 2.081307229673257098e-06 7.780551314340300451e-09 1.328614160911456565e-07 2.414852318111115892e-08 1.273510150667789276e-07 6.414922495423525106e-07 1.230817225916780444e-08 2.270895578249110258e-07
6.500000000000000000e+04 6.875391136418329552e-06 1.065489686880027875e-05 5.508801450559985824e-07 3.965218127177649876e-07 2.518283736208104528e-06 6.026463950092875166e-08 1.296301235242935945e-07 3.150615413005652954e-08 1.452886664310426568e-07 6.994868044785107486e-07 1.609570432492546388e-08 1.010492134412288578e-08 6.875391136418329552e-06 1.065489686880027875e-05 5.508801450559985824e-07 3.965218127177649876e-07 2.518283736208104528e-06 6.026463950092875166e-08 1.296301235242935945e-07 3.150615413005652954e-08 1.452886664310426568e-07 6.994868044785107486e-07 1.609570432492546388e-08 1.010492134412288578e-08
6.600000000000000000e+04 5.999279164825566113e-05 1.332079227722715586e-05 5.123568826093105599e-06 8.782996019363054074e-07 4.261664798832498491e-06 1.082714675249007996e-06 1.186603881819792150e-07 1.498128881394222844e-06 1.537441534082972794e-07 1.395706931361928582e-06 7.898022431618301198e-07 9.271436596236526384e-08 5.999279164825566113e-05 1.332079227722715586e-05 5.123568826093105599e-06 8.782996019363054074e-07 4.261664798832498491e-06 1.082714675249007996e-06 1.186603881819792150e-07 1.498128881394222844e-06 1.537441534082972794e-07 1.395706931361928582e-06 7.898022431618301198e-07 9.271436596236526384e-08
6.700000000000000000e+04 6.192381988512352109e-06 1.842734855017624795e-05 5.383977850215160288e-07 1.163690512839821167e-06 8.629330295661929995e-06 3.982845555583480746e-07 7.962196946209587622e-07 3.579026497391168959e-08 1.209104425470286515e-06 9.953020025932346471e-07 5.795876631964347325e-07 3.243897026550257578e-07 6.192381988512352109e-06 1.842734855017624795e-05 5.383977850215160288e-07 1.163690512839821167e-06 8.629330295661929995e-06 3.982845555583480746e-07 7.962196946209587622e-07 3.579026497391168959e-08 1.209104425470286515e-06 9.953020025932346471e-07 5.795876631964347325e-07 3.243897026550257578e-07
6.800000000000000000e+04 2.337926889595109969e-05 2.610420960991177708e-05 2.207877969340188429e-06 1.793081651157990564e-06 5.270019300951389596e-06 1.427104052709182724e-06 5.634337867377325892e-07 7.628793241565290373e-07 4.228774059811257757e-07 1.222457854055392090e-06 5.625410040011047386e-07 1.358203348900133278e-06 2.337926889595109969e-05 2.610420960991177708e-05 2.207877969340188429e-06 1.793081651157990564e-06 5.270019300951389596e-06 1.427104052709182724e-06 5.634337867377325892e-07 7.628793241565290373e-07 4.228774059811257757e-07 1.222457854055392090e-06 5.625410040011047386e-07 1.358203348900133278e-06
6.900000000000000000e+04 5.316722308634780347e-06 3.520101017784327269e-05 7.736450697848340496e-07 2.155655010938062333e-06 1.682307265582494438e-05 2.473902611654921202e-07 5.691524620488053188e-07 4.780083600053330883e-07 5.702056000700395089e-07 9.473860700381919742e-07 4.759131115861237049e-07 1.088951307792740408e-06 5.316722308634780347e-06 3.520101017784327269e-05 7.736450697848340496e-07 2.155655010938062333e-06 1.682307265582494438e-05 2.473902611654921202e-07 5.691524620488053188e-07 4.780083600053330883e-07 5.702056000700395089e-07 9.473860700381919742e-07 4.759131115861237049e-07 1.088951307792740408e-06
7.000000000000000000e+04 6.298904281720751897e-06 9.947108992491848767e-06 6.477353053924161941e-07 5.063156436335702892e-07 2.660513700902811252e-06 1.957421602583053755e-07 1.600142098823198467e-07 6.577459998879930936e-08 1.622920962063290062e-07 5.986057658446952701e-07 6.427932675023839693e-08 5.482942810886015650e-08 6.298904281720751897e-06 9.947108992491848767e-06 6.477353053924161941e-07 5.063156436335702892e-07 2.660513700902811252e-06 1.957421602583053755e-07 1.600142098823198467e-07 6.577459998879930936e-08 1.622920962063290062e-07 5.986057658446952701e-07 6.427932675023839693e-08 5.482942810886015650e-08
7.100000000000000000e+04 2.982513069582637399e-05 7.250791531987488270e-05 2.772972038656007499e-06 3.926939371012849733e-06 6.834050509496591985e-06 9.037235315645375522e-08 5.086433816359203774e-07 7.482726687157992274e-07 4.645809212888707407e-07 1.054595259120105766e-06 5.981657977827126160e-07 3.975377694587223232e-06 2.982513069582637399e-05 7.250791531987488270e-05 2.772972038656007499e-06 3.926939371012849733e-06 6.834050509496591985e-06 9.037235315645375522e-08 5.086433816359203774e-07 7.482726687157992274e-07 4.645809212888707407e-07 1.054595259120105766e-06 5.981657977827126160e-07 3.975377694587223232e-06
7.200000000000000000e+04 7.765465852571651340e-06 1.110641733248485252e-05 7.624792601745866705e-07 4.546157015283824876e-07 3.947921868530102074e-06 1.370969471281568985e-08 1.960867592742943089e-07 4.363218124581180746e-07 1.847988926328980597e-07 6.452465868278522976e-07 2.522892827983014286e-07 6.268479069149179850e-08 7.765465852571651340e-06 1.110641733248485252e-05 7.624792601745866705e-07 4.546157015283824876e-07 3.947921868530102074e-06 1.370969471281568985e-08 1.960867592742943089e-07 4.363218124581180746e-07 1.847988926328980597e-07 6.452465868278522976e-07 2.522892827983014286e-07 6.268479069149179850e-08
7.300000000000000000e+04 1.829924440244212747e-05 2.384250001341570169e-05 2.282277591802994721e-06 2.762150643320637755e-06 6.865352133900159970e-06 1.083183498451489868e-08 6.383830282175040338e-07 6.487770178864593618e-07 3.792270604208169971e-07 8.820271659715217538e-07 4.412644898366124835e-07 1.278684976568911225e-06 1.829924440244212747e-05 2.384250001341570169e-05 2.282277591802994721e-06 2.762150643320637755e-06 6.865352133900159970e-06 1.083183498451489868e-08 6.383830282175040338e-07 6.487770178864593618e-07 3.792270604208169971e-07 8.820271659715217538e-07 4.412644898366124835e-07 1.278684976568911225e-06
7.400000000000000000e+04 3.106973053945694119e-06 9.387475984112825245e-06 3.346198980125336675e-07 4.212247404211666435e-07 2.394773218838963658e-06 3.691559058438542706e-08 1.593343625927445828e-07 2.971309420729539852e-08 2.027563539286347805e-07 5.622345042866072617e-07 4.309305978722477448e-08 4.147723053904428525e-09 3.106973053945694119e-06 9.387475984112825245e-06 3.346198980125336675e-07 4.212247404211666435e-07 2.394773218838963658e-06 3.691559058438542706e-08 1.593343625927445828e-07 2.971309420729539852e-08 2.027563539286347805e-07 5.622345042866072617e-07 4.309305978722477448e-08 4.147723053904428525e-09
7.500000000000000000e+04 1.243170845555141568e-05 5.486467489390634000e-05 5.088863872515503317e-06 1.275588329008314759e-05 6.248577392398146912e-06 2.590478054287359555e-08 5.789106012343836483e-07 2.985390210596960969e-07 4.559616684218781302e-07 7.433093855979677755e-07 2.760620247954648221e-07 6.274449788179481402e-06 1.243170845555141568e-05 5.486467489390634000e-05 5.088863872515503317e-06 1.275588329008314759e-05 6.248577392398146912e-06 2.590478054287359555e-08 5.789106012343836483e-07 2.985390210596960969e-07 4.559616684218781302e-07 7.433093855979677755e-07 2.760620247954648221e-07 6.274449788179481402e-06
7.600000000000000000e+04 3.611363717936910689e-05 1.371173038933193311e-05 3.250933332310523838e-06 1.336364562121161725e-06 3.347017582200351171e-06 4.068294572334707482e-07 1.684582002781098709e-07 4.285703028017451288e-07 4.051167934449040331e-07 9.319472269453399349e-07 3.097108844940521521e-07 2.114276753673038911e-08 3.611363717936910689e-05 1.371173038933193311e-05 3.250933332310523838e-06 1.336364562121161725e-06 3.347017582200351171e-06 4.068294572334707482e-07 1.684582002781098709e-07 4.285703028017451288e-07 4.051167934449040331e-07 9.319472269453399349e-07 3.097108844940521521e-07 2.114276753673038911e-08
7.700000000000000000e+04 6.009260687278583646e-06 1.957308268174529076e-05 2.609223201943677850e-06 5.573841008299496025e-06 6.695222054986516014e-06 6.302350641362863826e-08 3.510224644287518458e-07 3.539249178174941335e-07 6.450566161220194772e-07 5.375528644435689785e-07 4.449367168035678333e-07 1.647363546908309218e-06 6.009260687278583646e-06 1.957308268174529076e-05 2.609223201943677850e-06 5.573841008299496025e-06 6.695222054986516014e-06 6.302350641362863826e-08 3.510224644287518458e-07 3.539249178174941335e-07 6.450566161220194772e-07 5.375528644435689785e-07 4.449367168035678333e-07 1.647363546908309218e-06
7.800000000000000000e+04 4.770670329889981076e-06 1.288431940338341519e-05 1.903609359032998327e-06 4.163927769695874304e-06 4.584323050949024037e-06 2.945631116801905591e-08 1.936193996243673610e-07 1.636385178471755353e-07 6.547140856127953157e-07 6.400962320185499266e-07 3.110190505140053574e-07 9.575782087267725728e-07 4.770670329889981076e-06 1.288431940338341519e-05 1.903609359032998327e-06 4.163927769695874304e-06 4.584323050949024037e-06 2.945631116801905591e-08 1.936193996243673610e-07 1.636385178471755353e-07 6.547140856127953157e-07 6.400962320185499266e-07 3.110190505140053574e-07 9.575782087267725728e-07
7.900000000000000000e+04 4.355728378868661821e-06 8.574746971135027707e-06 6.859312406959361397e-07 8.844683634379180148e-07 2.357768153160577640e-06 1.814342098782617541e-08 1.374035463186373818e-07 2.070201929882387049e-07 1.845165229497069959e-07 4.826413260161643848e-07 1.578488308950909413e-07 5.808648140259720094e-08 4.355728378868661821e-06 8.574746971135027707e-06 6.859312406959361397e-07 8.844683634379180148e-07 2.357768153160577640e-06 1.814342098782617541e-08 1.374035463186373818e-07 2.070201929882387049e-07 1.845165229497069959e-07 4.826413260161643848e-07 1.578488308950909413e-07 5.808648140259720094e-08
8.000000000000000000e+04 3.462572294665733352e-06 8.657810212753247470e-06 4.161987021689128596e-07 4.272362730262102559e-07 4.040418389195110649e-06 4.048161983405407227e-08 2.061578925349749625e-07 1.513899974270316307e-07 1.817503232359740650e-07 4.379031963708257535e-07 1.276151380125156720e-07 1.032782748211502621e-10 3.462572294665733352e-06 8.657810212753247470e-06 4.161987021689128596e-07 4.272362730262102559e-07 4.040418389195110649e-06 4.048161983405407227e-08 2.061578925349749625e-07 1.513899974270316307e-07 1.817503232359740650e-07 4.379031963708257535e-07 1.276151380125156720e-07 1.032782748211502621e-10
8.100000000000000000e+04 7.179416115832282230e-06 1.025223809847375378e-05 1.995406591959181242e-06 2.534220811867271550e-06 2.430994300084421411e-06 2.910471437189698918e-07 1.365886959092676989e-07 8.860399702825816348e-07 2.314464069286259473e-07 7.663570613658521324e-07 5.017476496504968964e-07 4.986704880138859153e-07 7.179416115832282230e-06 1.025223809847375378e-05 1.995406591959181242e-06 2.534220811867271550e-06 2.430994300084421411e-06 2.910471437189698918e-07 1.365886959092676989e-07 8.860399702825816348e-07 2.314464069286259473e-07 7.663570613658521324e-07 5.017476496504968964e-07 4.986704880138859153e-07
8.200000000000000000e+04 1.583705852681305259e-05 1.288809835386928171e-05 3.342390755278756842e-06 4.274396360415266827e-06 2.276056648042867891e-06 1.139414322892662312e-07 1.107010731971058703e-07 3.523300762253711582e-08 3.371677621544222347e-07 4.831029514207330067e-07 1.454399694011954125e-07 7.136806345897639403e-08 1.583705852681305259e-05 1.288809835386928171e-05 3.342390755278756842e-06 4.274396360415266827e-06 2.276056648042867891e-06 1.139414322892662312e-07 1.107010731971058703e-07 3.523300762253711582e-08 3.371677621544222347e-07 4.831029514207330067e-07 1.454399694011954125e-07 7.136806345897639403e-08
8.300000000000000000e+04 7.783931323501747102e-06 4.220052869641222060e-05 4.354179054644191638e-06 7.896813258412294090e-06 8.825049917504657060e-06 4.178671275667511509e-08 5.056255076851812191e-07 6.782758532608568203e-07 5.120381842971255537e-07 6.747393399564316496e-07 5.053475433669518679e-07 4.058401827933266759e-06 7.783931323501747102e-06 4.220052869641222060e-05 4.354179054644191638e-06 7.896813258412294090e-06 8.825049917504657060e-06 4.178671275667511509e-08 5.056255076851812191e-07 6.782758532608568203e-07 5.120381842971255537e-07 6.747393399564316496e-07 5.053475433669518679e-07 4.058401827933266759e-06
8.400000000000000000e+04 5.145469458511797711e-06 7.423292117891833186e-06 5.100517341816157568e-07 3.427483363793726312e-07 1.297642029385315254e-06 1.192041310105196317e-08 8.935684547850542003e-08 3.593548214553266007e-08 6.069305413802794646e-08 3.387322351500188233e-07 1.488172074459725991e-08 2.874501525695905002e-09 5.145469458511797711e-06 7.423292117891833186e-06 5.100517341816157568e-07 3.427483363793726312e-07 1.297642029385315254e-06 1.192041310105196317e-08 8.935684547850542003e-08 3.593548214553266007e-08 6.069305413802794646e-08 3.387322351500188233e-07 1.488172074459725991e-08 2.874501525695905002e-09
8.500000000000000000e+04 2.625031083880458027e-05 1.871908898465335369e-05 4.922920652461471036e-06 7.348157396336318925e-06 3.904821369360433891e-06 4.868136898039665539e-07 3.198124147729686229e-07 1.162132548415684141e-06 1.631052100492524914e-06 1.389751787428394891e-06 1.360650685455766506e-06 3.253104807754425565e-08 2.625031083880458027e-05 1.871908898465335369e-05 4.922920652461471036e-06 7.348157396336318925e-06 3.904821369360433891e-06 4.868136898039665539e-07 3.198124147729686229e-07 1.162132548415684141e-06 1.631052100492524914e-06 1.389751787428394891e-06 1.360650685455766506e-06 3.253104807754425565e-08
8.600000000000000000e+04 1.299936593568418175e-05 1.704106398392468691e-05 1.629996859264792874e-06 2.715714344958541915e-06 3.941528484574519098e-05 8.230925345742434729e-07 2.175403324145008810e-06 8.667860242894676048e-07 3.798257466769427992e-06 1.839636638578667771e-06 2.058806558125070296e-06 1.134115024115089909e-09 1.299936593568418175e-05 1.704106398392468691e-05 1.629996859264792874e-06 2.715714344958541915e-06 3.941528484574519098e-05 8.230925345742434729e-07 2.175403324145008810e-06 8.667860242894676048e-07 3.798257466769427992e-06 1.839636638578667771e-06 2.058806558125070296e-06 1.134115024115089909e-09
8.700000000000000000e+04 4.979402547178324312e-06 4.835686195292510092e-05 2.869804120564367622e-06 7.291525434993673116e-06 8.366578185814432800e-06 2.952218096652359236e-07 3.192330950696486980e-07 4.261290698082120798e-08 1.021633011077938136e-06 6.581389015991589986e-07 4.843143415200756863e-07 1.308035734837176278e-06 4.979402547178324312e-06 4.835686195292510092e-05 2.869804120564367622e-06 7.291525434993673116e-06 8.366578185814432800e-06 2.952218096652359236e-07 3.192330950696486980e-07 4.261290698082120798e-08 1.021633011077938136e-06 6.581389015991589986e-07 4.843143415200756863e-07 1.308035734837176278e-06
8.800000000000000000e+04 2.859786218323279172e-05 1.550709748698864132e-05 3.276060397183755413e-06 3.153539182676468045e-06 8.295814950542990118e-06 5.673139753525902051e-07 2.923600277426885441e-07 4.358440364171656256e-08 5.870497830073873047e-07 5.139809218235313892e-07 2.910963701197033515e-07 9.877927595880464651e-07 2.859786218323279172e-05 1.550709748698864132e-05 3.276060397183755413e-06 3.153539182676468045e-06 8.295814950542990118e-06 5.673139753525902051e-07 2.923600277426885441e-07 4.358440364171656256e-08 5.870497830073873047e-07 5.139809218235313892e-07 2.910963701197033515e-07 9.877927595880464651e-07
8.900000000000000000e+04 5.435092134575825185e-06 9.249377399100922048e-06 1.922556748468196020e-06 2.712164359763846733e-06 4.664162133849458769e-06 1.249489827159777633e-07 2.854145009223429952e-07 1.268924023634099285e-07 1.931522604081692407e-07 3.283083742644521408e-07 1.305558896547154291e-07 2.471407754001120338e-07 5.435092134575825185e-06 9.249377399100922048e-06 1.922556748468196020e-06 2.712164359763846733e-06 4.664162133849458769e-06 1.249489827159777633e-07 2.854145009223429952e-07 1.268924023634099285e-07 1.931522604081692407e-07 3.283083742644521408e-07 1.305558896547154291e-07 2.471407754001120338e-07
9.000000000000000000e+04 3.050525037906481884e-06 6.614023277506930754e-06 3.528665502017247491e-07 3.843496756417152938e-07 1.173433815893076826e-06 2.306629376391811093e-08 8.503445059204750578e-08 1.823303108494656044e-08 5.999581986770863296e-08 2.574558379819791298e-07 1.451224740378620481e-08 1.782609615474939346e-08 3.050525037906481884e-06 6.614023277506930754e-06 3.528665502017247491e-07 3.843496756417152938e-07 1.173433815893076826e-06 2.306629376391811093e-08 8.503445059204750578e-08 1.823303108494656044e-08 5.999581986770863296e-08 2.574558379819791298e-07 1.451224740378620481e-08 1.782609615474939346e-08
9.100000000000000000e+04 1.039731796481646597e-05 8.478292329527903348e-06 1.041621771946665831e-06 7.870771128182241227e-07 1.381969013891648501e-06 3.588869645909653627e-08 9.302914349973434582e-08 5.896929877735601622e-08 5.126297963897741283e-08 2.688916254101059167e-07 2.837008317158051796e-08 1.895835453069594223e-07 1.039731796481646597e-05 8.478292329527903348e-06 1.041621771946665831e-06 7.870771128182241227e-07 1.381969013891648501e-06 3.588869645909653627e-08 9.302914349973434582e-08 5.896929877735601622e-08 5.126297963897741283e-08 2.688916254101059167e-07 2.837008317158051796e-08 1.895835453069594223e-07
9.200000000000000000e+04 3.360874870850238949e-06 6.367890364344930276e-06 3.828637886726937722e-07 3.262433949657861376e-07 1.753344918142829556e-06 6.527831430958030978e-08 9.911430254305741983e-08 1.339686228618575115e-08 7.903570775624757516e-08 2.651860881996981334e-07 2.416779132374813344e-08 4.476441439749123674e-09 3.360874870850238949e-06 6.367890364344930276e-06 3.828637886726937722e-07 3.262433949657861376e-07 1.753344918142829556e-06 6.527831430958030978e-08 9.911430254305741983e-08 1.339686228618575115e-08 7.903570775624757516e-08 2.651860881996981334e-07 2.416779132374813344e-08 4.476441439749123674e-09
9.300000000000000000e+04 4.703684226115001366e-06 1.540390985610429198e-05 2.711733714022557251e-06 4.724364316643914208e-06 1.227104530698852614e-05 7.072396357443722081e-08 4.702671674294833792e-07 9.429716101294616237e-07 9.304492323281010613e-07 6.573454811586998403e-07 8.889277296475484036e-07 1.154663095803698525e-06 4.703684226115001366e-06 1.540390985610429198e-05 2.711733714022557251e-06 4.724364316643914208e-06 1.227104530698852614e-05 7.072396357443722081e-08 4.702671674294833792e-07 9.429716101294616237e-07 9.304492323281010613e-07 6.573454811586998403e-07 8.889277296475484036e-07 1.154663095803698525e-06
9.400000000000000000e+04 1.248550506716128439e-05 8.935296136769466102e-06 2.391284851910313591e-06 2.879024123103590682e-06 5.162266461411491036e-06 3.056952380120492307e-08 3.199969853540096665e-07 5.043452233621792402e-07 1.605408357363558025e-07 3.488113407001947053e-07 3.280262319549365202e-07 3.111520641141396482e-07 1.248550506716128439e-05 8.935296136769466102e-06 2.391284851910313591e-06 2.879024123103590682e-06 5.162266461411491036e-06 3.056952380120492307e-08 3.199969853540096665e-07 5.043452233621792402e-07 1.605408357363558025e-07 3.488113407001947053e-07 3.280262319549365202e-07 3.111520641141396482e-07
9.500000000000000000e+04 5.880988283024635166e-06 3.021741395059507340e-05 1.931134193000616506e-06 4.120634002902079374e-06 2.895658553825342096e-06 2.138718713240450597e-07 2.584314700015966082e-07 1.008843568683914782e-07 8.612287842879595701e-07 5.690368993782612961e-07 5.009634946873120498e-07 7.947310223244130611e-07 5.880988283024635166e-06 3.021741395059507340e-05 1.931134193000616506e-06 4.120634002902079374e-06 2.895658553825342096e-06 2.138718713240450597e-07 2.584314700015966082e-07 1.008843568683914782e-07 8.612287842879595701e-07 5.690368993782612961e-07 5.009634946873120498e-07 7.947310223244130611e-07
9.600000000000000000e+04 9.121432958636432886e-05 3.306768849142827094e-05 7.871839443396311253e-06 6.301207577052991837e-06 2.424527156108524650e-05 1.112387167268025223e-06 1.345850591860653367e-06 1.632656854155811743e-08 1.072974214366695378e-06 9.427142799722787458e-07 4.868214205089316238e-07 2.731179847614839673e-06 9.121432958636432886e-05 3.306768849142827094e-05 7.871839443396311253e-06 6.301207577052991837e-06 2.424527156108524650e-05 1.112387167268025223e-06 1.345850591860653367e-06 1.632656854155811743e-08 1.072974214366695378e-06 9.427142799722787458e-07 4.868214205089316238e-07 2.731179847614839673e-06
9.700000000000000000e+04 2.468095999574870802e-06 2.153488640033174306e-05 4.328540796905144816e-07 1.555156586618977599e-06 1.353049242425186094e-06 2.282180844304093625e-08 3.018622862782649463e-07 2.498925866234458226e-08 1.403381730824548868e-07 3.031087771887541749e-07 4.511635154358373256e-08 1.265911009795672726e-06 2.468095999574870802e-06 2.153488640033174306e-05 4.328540796905144816e-07 1.555156586618977599e-06 1.353049242425186094e-06 2.282180844304093625e-08 3.018622862782649463e-07 2.498925866234458226e-08 1.403381730824548868e-07 3.031087771887541749e-07 4.511635154358373256e-08 1.265911009795672726e-06
9.800000000000000000e+04 1.814444885894772597e-06 5.651851552102016285e-06 2.332604935872950591e-07 3.192921269601356471e-07 8.155734576575923711e-07 8.164413145550497575e-09 6.370163418978336267e-08 1.194844845286979762e-08 6.169818078660682659e-08 2.234895646324730478e-07 1.648682435018145043e-08 9.773524212164375058e-10 1.814444885894772597e-06 5.651851552102016285e-06 2.332604935872950591e-07 3.192921269601356471e-07 8.155734576575923711e-07 8.164413145550497575e-09 6.370163418978336267e-08 1.194844845286979762e-08 6.169818078660682659e-08 2.234895646324730478e-07 1.648682435018145043e-08 9.773524212164375058e-10
9.900000000000000000e+04 3.541724026945303194e-06 1.011913445836398751e-05 3.033052848877559882e-07 7.660296432732138783e-07 2.061466875602491200e-05 3.743312788628827548e-07 1.344542283732153010e-06 6.334927888929087203e-07 1.588470354363380466e-06 9.577095170243410394e-07 1.099358769351965748e-06 1.495253911798499757e-07 3.541724026945303194e-06 1.011913445836398751e-05 3.033052848877559882e-07 7.660296432732138783e-07 2.061466875602491200e-05 3.743312788628827548e-07 1.344542283732153010e-06 6.334927888929087203e-07 1.588470354363380466e-06 9.577095170243410394e-07 1.099358769351965748e-06 1.495253911798499757e-07
1.000000000000000000e+05 2.011581273109186441e-06 5.203182809054851532e-06 2.407942929494311102e-07 2.586245102520479122e-07 7.824221484042936936e-07 7.234228771579864770e-09 6.594748214183709933e-08 1.280483541421517657e-08 5.315600404287579295e-08 2.180219951242179377e-07 3.872764331447342556e-09 1.813696748342863430e-09 2.011581273109186441e-06 5.203182809054851532e-06 2.407942929494311102e-07 2.586245102520479122e-07 7.824221484042936936e-07 7.234228771579864770e-09 6.594748214183709933e-08 1.280483541421517657e-08 5.315600404287579295e-08 2.180219951242179377e-07 3.872764331447342556e-09 1.813696748342863430e-09
1.010000000000000000e+05 1.766249624779447913e-06 5.724337825085967779e-06 3.327075148717995035e-07 4.582079498050006805e-07 8.697296607351745479e-07 6.670443752909704926e-09 9.378547360938682687e-08 2.013019617663758254e-08 1.189828964243133669e-07 2.366183196045312798e-07 2.886244487854128238e-08 5.644765987966593457e-09 1.766249624779447913e-06 5.724337825085967779e-06 3.327075148717995035e-07 4.582079498050006805e-07 8.697296607351745479e-07 6.670443752909704926e-09 9.378547360938682687e-08 2.013019617663758254e-08 1.189828964243133669e-07 2.366183196045312798e-07 2.886244487854128238e-08 5.644765987966593457e-09
1.020000000000000000e+05 2.365766522416379303e-05 4.140201417612843215e-05 2.170159405068261549e-06 3.059834170926478691e-06 2.642710569489281625e-06 1.011937911243876442e-07 3.091276994382496923e-07 2.995945749262318714e-07 1.313730848551131203e-07 4.293605684324575122e-07 2.147982627320743632e-07 3.033855819012387656e-06 2.365766522416379303e-05 4.140201417612843215e-05 2.170159405068261549e-06 3.059834170926478691e-06 2.642710569489281625e-06 1.011937911243876442e-07 3.091276994382496923e-07 2.995945749262318714e-07 1.313730848551131203e-07 4.293605684324575122e-07 2.147982627320743632e-07 3.033855819012387656e-06
1.030000000000000000e+05 4.938605798088246956e-06 1.261689176317304373e-04 6.738475804013432935e-07 8.713460374565329403e-06 7.764002475596498698e-06 8.876569523863508948e-08 4.007911797998531256e-07 8.441244148116311408e-08 3.485567674488265766e-07 4.181384838375379331e-07 2.203585722782008816e-07 8.979573976830579340e-06 4.938605798088246956e-06 1.261689176317304373e-04 6.738475804013432935e-07 8.713460374565329403e-06 7.764002475596498698e-06 8.876569523863508948e-08 4.007911797998531256e-07 8.441244148116311408e-08 3.485567674488265766e-07 4.181384838375379331e-07 2.203585722782008816e-07 8.979573976830579340e-06
1.040000000000000000e+05 4.979163713869638741e-05 1.136740229412680492e-05 6.993866918492130935e-06 6.159658823889913037e-06 6.115834366937633604e-06 8.491669944987734198e-08 3.570860087620530976e-07 1.087607301997195464e-06 1.279457819691742770e-07 6.005064392411441077e-07 6.064883564249612391e-07 2.232993665529647842e-07 4.979163713869638741e-05 1.136740229412680492e-05 6.993866918492130935e-06 6.159658823889913037e-06 6.115834366937633604e-06 8.491669944987734198e-08 3.570860087620530976e-07 1.087607301997195464e-06 1.279457819691742770e-07 6.005064392411441077e-07 6.064883564249612391e-07 2.232993665529647842e-07
1.050000000000000000e+05 1.161390082415891811e-05 2.262472662550862879e-05 1.461773081246064976e-06 1.964249577213195153e-06 1.154015626525506377e-05 3.363310696613552864e-08 3.893289601819560630e-07 1.695852574812306557e-06 4.553475037027965300e-07 8.493253744745743461e-07 1.033424723573261872e-06 1.332760689365386497e-06 1.161390082415891811e-05 2.262472662550862879e-05 1.461773081246064976e-06 1.964249577213195153e-06 1.154015626525506377e-05 3.363310696613552864e-08 3.893289601819560630e-07 1.695852574812306557e-06 4.553475037027965300e-07 8.493253744745743461e-07 1.033424723573261872e-06 1.332760689365386497e-06
1.060000000000000000e+05 2.908949318225495517e-05 7.622663360962178558e-06 3.107847078354097903e-06 1.655813207435130607e-06 2.326778485439717770e-06 3.371111745309463004e-07 9.565498260144522646e-08 3.127558727555879159e-07 2.764444673175603384e-07 5.688753503818588797e-07 2.390114559602807276e-07 2.844327617879116588e-08 2.908949318225495517e-05 7.622663360962178558e-06 3.107847078354097903e-06 1.655813207435130607e-06 2.326778485439717770e-06 3.371111745309463004e-07 9.565498260144522646e-08 3.127558727555879159e-07 2.764444673175603384e-07 5.688753503818588797e-07 2.390114559602807276e-07 2.844327617879116588e-08
1.070000000000000000e+05 6.237102297745877877e-06 9.351169865112751722e-06 6.212457606125099119e-07 6.889262067488743924e-07 1.389654812555818353e-06 1.233079700568850967e-07 1.983339217304092017e-07 5.597646790533872263e-08 1.261808506569650490e-07 3.158466483910160605e-07 4.512683915436355164e-08 3.982420082593307598e-07 6.237102297745877877e-06 9.351169865112751722e-06 6.212457606125099119e-07 6.889262067488743924e-07 1.389654812555818353e-06 1.233079700568850967e-07 1.983339217304092017e-07 5.597646790533872263e-08 1.261808506569650490e-07 3.158466483910160605e-07 4.512683915436355164e-08 3.982420082593307598e-07
1.080000000000000000e+05 1.639364768379891757e-06 4.868391442869324237e-06 2.260772475892736111e-07 6.525936555590305943e-07 9.052275231624662410e-07 1.916393799206161930e-08 1.058172429679871129e-07 1.082467804280895507e-08 4.900145356145912956e-08 2.377506973516574362e-07 1.602928634270028851e-08 1.558837539050728083e-07 1.639364768379891757e-06 4.868391442869324237e-06 2.260772475892736111e-07 6.525936555590305943e-07 9.052275231624662410e-07 1.916393799206161930e-08 1.058172429679871129e-07 1.082467804280895507e-08 4.900145356145912956e-08 2.377506973516574362e-07 1.602928634270028851e-08 1.558837539050728083e-07
1.090000000000000000e+05 3.975808795075863600e-06 1.777301440597511828e-05 2.410165052424417809e-06 3.779849521379219368e-06 7.228265076264506206e-06 1.157551992037042510e-07 7.794608904987399001e-07 2.641701257743989117e-07 1.798303287614544388e-06 8.582360351283568889e-07 1.015653083413781133e-06 2.616294523249962367e-07 3.975808795075863600e-06 1.777301440597511828e-05 2.410165052424417809e-06 3.779849521379219368e-06 7.228265076264506206e-06 1.157551992037042510e-07 7.794608904987399001e-07 2.641701257743989117e-07 1.798303287614544388e-06 8.582360351283568889e-07 1.015653083413781133e-06 2.616294523249962367e-07
1.100000000000000000e+05 1.650106059969402850e-05 3.198160266038030386e-05 6.511120773211587220e-06 8.064998837653547525e-06 4.572004854708211496e-06 8.638433541818812955e-07 6.751506020918895956e-07 2.304374220329918899e-06 2.184743379984865896e-06 1.946084921655710787e-06 2.093559942295541987e-06 6.853831564512802288e-07 1.650106059969402850e-05 3.198160266038030386e-05 6.511120773211587220e-06 8.064998837653547525e-06 4.572004854708211496e-06 8.638433541818812955e-07 6.751506020918895956e-07 2.304374220329918899e-06 2.184743379984865896e-06 1.946084921655710787e-06 2.093559942295541987e-06 6.853831564512802288e-07
1.110000000000000000e+05 1.484225094827706926e-06 3.972203558078035712e-06 1.498346620110169169e-07 1.571983432313572848e-07 6.502218639070633799e-07 6.558246834487135857e-09 6.332778923479054356e-08 9.990740679199916485e-09 4.150347976406010275e-08 1.934389786129031563e-07 5.237330569229925459e-09 1.471151200860276731e-09 1.484225094827706926e-06 3.972203558078035712e-06 1.498346620110169169e-07 1.571983432313572848e-07 6.502218639070633799e-07 6.558246834487135857e-09 6.332778923479054356e-08 9.990740679199916485e-09 4.150347976406010275e-08 1.934389786129031563e-07 5.237330569229925459e-09 1.471151200860276731e-09
1.120000000000000000e+05 3.437387931626290083e-06 2.179590410378295928e-05 1.927662879097624682e-06 4.387865828903159127e-06 2.133787575075984932e-06 2.396916443103691563e-08 2.231554390164092183e-07 1.518355361440626439e-07 1.114256988898887357e-07 2.125898674876225414e-07 1.138002616585254145e-07 2.227824097644770518e-06 3.437387931626290083e-06 2.179590410378295928e-05 1.927662879097624682e-06 4.387865828903159127e-06 2.133787575075984932e-06 2.396916443103691563e-08 2.231554390164092183e-07 1.518355361440626439e-07 1.114256988898887357e-07 2.125898674876225414e-07 1.138002616585254145e-07 2.227824097644770518e-06
1.130000000000000000e+05 3.138579586448031478e-06 6.031397333572385833e-06 5.353379606276575942e-07 6.894237571941630449e-07 9.564396350469905883e-06 7.246082134315656731e-08 5.191383252167725004e-07 4.687456112151267007e-07 5.649444574373774230e-07 5.247165972832590342e-07 4.923258529743179679e-07 1.520482157957303571e-07 3.138579586448031478e-06 6.031397333572385833e-06 5.353379606276575942e-07 6.894237571941630449e-07 9.564396350469905883e-06 7.246082134315656731e-08 5.191383252167725004e-07 4.687456112151267007e-07 5.649444574373774230e-07 5.247165972832590342e-07 4.923258529743179679e-07 1.520482157957303571e-07
1.140000000000000000e+05 1.623679168005764950e-06 3.840500539808999747e-06 3.114822391125926515e-07 3.873801688314415514e-07 8.071356205618940294e-07 7.549617819790910289e-09 7.389681400127301458e-08 2.568340562447701814e-08 9.469835760000933078e-08 2.177909834699676139e-07 2.051363701127684180e-08 1.657554093981161714e-08 1.623679168005764950e-06 3.840500539808999747e-06 3.114822391125926515e-07 3.873801688314415514e-07 8.071356205618940294e-07 7.549617819790910289e-09 7.389681400127301458e-08 2.568340562447701814e-08 9.469835760000933078e-08 2.177909834699676139e-07 2.051363701127684180e-08 1.657554093981161714e-08
1.150000000000000000e+05 2.038753109445679002e-06 7.432513939420459792e-06 4.590692412875796435e-07 8.287528885375650134e-07 4.627813723345752805e-06 2.344783212038237252e-08 2.045164819719502702e-07 2.769446325601165881e-07 3.108869748302822700e-07 3.430192236919538118e-07 2.370203446844243445e-07 3.846680556307546794e-07 2.038753109445679002e-06 7.432513939420459792e-06 4.590692412875796435e-07 8.287528885375650134e-07 4.627813723345752805e-06 2.344783212038237252e-08 2.045164819719502702e-07 2.769446325601165881e-07 3.108869748302822700e-07 3.430192236919538118e-07 2.370203446844243445e-07 3.846680556307546794e-07
1.160000000000000000e+05 2.861371285689529032e-06 5.104094725538743660e-06 1.111776782636297867e-06 2.666680302354507148e-06 1.115081545322027523e-06 7.075384900190329063e-08 1.208989885981281986e-07 2.263933254198491341e-07 9.210452844854444265e-08 2.137406909241690300e-07 1.552425601403228939e-07 1.498251833709218772e-07 2.861371285689529032e-06 5.104094725538743660e-06 1.111776782636297867e-06 2.666680302354507148e-06 1.115081545322027523e-06 7.075384900190329063e-08 1.208989885981281986e-07 2.263933254198491341e-07 9.210452844854444265e-08 2.137406909241690300e-07 1.552425601403228939e-07 1.498251833709218772e-07
1.170000000000000000e+05 2.219590442109620199e-06 3.788930825976422057e-06 2.242789634010478039e-07 1.847245556518828380e-07 1.711455297481734306e-06 3.975203455297560140e-08 1.222013992219217471e-07 1.906036395382670889e-08 9.086315344575268682e-08 2.263527392187825171e-07 2.819953337507286051e-08 3.066137566065663123e-09 2.219590442109620199e-06 3.788930825976422057e-06 2.242789634010478039e-07 1.847245556518828380e-07 1.711455297481734306e-06 3.975203455297560140e-08 1.222013992219217471e-07 1.906036395382670889e-08 9.086315344575268682e-08 2.263527392187825171e-07 2.819953337507286051e-08 3.066137566065663123e-09
1.180000000000000000e+05 1.362331431664642878e-06 3.450796157267177477e-06 1.306337793494094512e-07 1.491610106540974812e-07 5.880246476408501621e-07 6.797478135922574438e-09 6.568880905888363486e-08 9.011572821293611923e-09 4.029985944953295984e-08 1.900556014788890025e-07 5.386214141367418051e-09 6.953374764862019219e-09 1.362331431664642878e-06 3.450796157267177477e-06 1.306337793494094512e-07 1.491610106540974812e-07 5.880246476408501621e-07 6.797478135922574438e-09 6.568880905888363486e-08 9.011572821293611923e-09 4.029985944953295984e-08 1.900556014788890025e-07 5.386214141367418051e-09 6.953374764862019219e-09
1.190000000000000000e+05 2.671665242814924568e-06 6.471026608778629452e-06 9.573815304975141771e-07 1.539724507892969996e-06 6.734858857271319721e-07 1.744627020627831371e-08 1.014796708886933629e-07 1.654902348491305020e-08 6.808234331856510835e-08 1.678214545108858147e-07 3.278168492215627339e-08 4.748851267777354224e-07 2.671665242814924568e-06 6.471026608778629452e-06 9.573815304975141771e-07 1.539724507892969996e-06 6.734858857271319721e-07 1.744627020627831371e-08 1.014796708886933629e-07 1.654902348491305020e-08 6.808234331856510835e-08 1.678214545108858147e-07 3.278168492215627339e-08 4.748851267777354224e-07
1.200000000000000000e+05 1.324480763287283480e-06 3.323895725770853460e-06 1.204337820581713459e-07 1.256096595625422196e-07 5.521636126104567666e-07 5.448098860938443977e-09 7.420898384680185700e-08 9.310462623091098067e-09 5.217476584107316739e-08 1.843160646330943564e-07 1.040094899096288827e-09 4.707203515863511711e-10 1.324480763287283480e-06 3.323895725770853460e-06 1.204337820581713459e-07 1.256096595625422196e-07 5.521636126104567666e-07 5.448098860938443977e-09 7.420898384680185700e-08 9.310462623091098067e-09 5.217476584107316739e-08 1.843160646330943564e-07 1.040094899096288827e-09 4.707203515863511711e-10
1.210000000000000000e+05 1.638858520891517401e-05 1.939247158588841558e-05 1.208643197969649918e-06 2.002562951020081528e-06 1.518196199867816176e-06 9.014374882099218667e-07 7.412404556816909462e-08 6.736173645549570210e-07 6.251961792713700561e-08 6.401444352377438918e-07 3.450639383117959369e-07 1.776884346327278763e-06 1.638858520891517401e-05 1.939247158588841558e-05 1.208643197969649918e-06 2.002562951020081528e-06 1.518196199867816176e-06 9.014374882099218667e-07 7.412404556816909462e-08 6.736173645549570210e-07 6.251961792713700561e-08 6.401444352377438918e-07 3.450639383117959369e-07 1.776884346327278763e-06
1.220000000000000000e+05 5.626448455586796626e-06 4.835156232729787007e-06 6.676414159301202744e-07 4.176359311713895295e-07 5.133383183419937268e-06 1.561084701506842976e-07 1.953013253341850941e-07 3.980329310593333503e-08 2.315430123189798906e-07 2.786571258184267208e-07 1.274914041005104082e-07 3.905334722276165849e-08 5.626448455586796626e-06 4.835156232729787007e-06 6.676414159301202744e-07 4.176359311713895295e-07 5.133383183419937268e-06 1.561084701506842976e-07 1.953013253341850941e-07 3.980329310593333503e-08 2.315430123189798906e-07 2.786571258184267208e-07 1.274914041005104082e-07 3.905334722276165849e-08
1.230000000000000000e+05 2.224288982688449323e-05 3.730848447958123870e-06 1.840847176026727539e-06 4.796434609488642309e-07 1.745222448334970977e-06 5.070948105867500999e-08 9.229867004023617483e-08 3.306926146251498722e-07 4.840730483124389139e-08 3.456247554822766688e-07 1.725877325498004211e-07 1.159750837587125716e-07 2.224288982688449323e-05 3.730848447958123870e-06 1.840847176026727539e-06 4.796434609488642309e-07 1.745222448334970977e-06 5.070948105867500999e-08 9.229867004023617483e-08 3.306926146251498722e-07 4.840730483124389139e-08 3.456247554822766688e-07 1.725877325498004211e-07 1.159750837587125716e-07
1.240000000000000000e+05 4.259521119820419699e-06 5.100042017147643492e-06 1.515280132480256725e-06 2.226623337264754809e-06 4.161756805842742324e-06 9.567497016860215808e-08 1.881540612203025375e-07 9.682171366875991225e-07 4.011757539501559222e-07 5.968928462607436813e-07 6.121670708125748206e-07 3.458839898939913837e-07 4.259521119820419699e-06 5.100042017147643492e-06 1.515280132480256725e-06 2.226623337264754809e-06 4.161756805842742324e-06 9.567497016860215808e-08 1.881540612203025375e-07 9.682171366875991225e-07 4.011757539501559222e-07 5.968928462607436813e-07 6.121670708125748206e-07 3.458839898939913837e-07
1.250000000000000000e+05 1.642921006350661628e-06 3.177449571012402885e-06 2.599458071017579641e-07 3.077528560879727593e-07 5.589898250946134795e-07 2.580323510414928023e-08 6.189213053175990353e-08 2.509131036276812665e-08 5.174285888642771170e-08 1.927484589714367758e-07 2.788479669391108473e-08 7.051079720099551196e-10 1.642921006350661628e-06 3.177449571012402885e-06 2.599458071017579641e-07 3.077528560879727593e-07 5.589898250946134795e-07 2.580323510414928023e-08 6.189213053175990353e-08 2.509131036276812665e-08 5.174285888642771170e-08 1.927484589714367758e-07 2.788479669391108473e-08 7.051079720099551196e-10
1.260000000000000000e+05 9.259618309442885220e-06 1.060062186297727749e-05 1.347839315712917596e-06 1.845524820964783430e-06 1.011940184980630875e-06 4.295811351084921625e-08 2.299007491046722862e-07 1.451375197802917683e-07 5.874241892911413743e-08 2.656878450579824857e-07 7.520445421960175736e-08 9.678126389189856127e-07 9.259618309442885220e-06 1.060062186297727749e-05 1.347839315712917596e-06 1.845524820964783430e-06 1.011940184980630875e-06 4.295811351084921625e-08 2.299007491046722862e-07 1.451375197802917683e-07 5.874241892911413743e-08 2.656878450579824857e-07 7.520445421960175736e-08 9.678126389189856127e-07
1.270000000000000000e+05 1.321954755439946894e-06 7.310531145776621997e-06 1.659226427364046685e-07 4.988793875781993847e-07 6.903098324073653203e-07 5.572062811154410156e-09 1.332964103539779899e-07 1.261647408767885281e-08 1.238637139522325015e-07 2.208788885127432877e-07 2.612194194284711557e-08 2.627587036840850487e-07 1.321954755439946894e-06 7.310531145776621997e-06 1.659226427364046685e-07 4.988793875781993847e-07 6.903098324073653203e-07 5.572062811154410156e-09 1.332964103539779899e-07 1.261647408767885281e-08 1.238637139522325015e-07 2.208788885127432877e-07 2.612194194284711557e-08 2.627587036840850487e-07
1.280000000000000000e+05 1.191224214380781632e-06 2.935322982011712156e-06 1.003234828544918855e-07 9.688905322491336847e-08 5.065401751380704809e-07 6.767119753448014308e-09 7.078905639446020359e-08 8.740935975026786764e-09 4.791889551825079252e-08 1.766703690009308048e-07 3.880083365714881438e-09 3.039790641423678608e-11 1.191224214380781632e-06 2.935322982011712156e-06 1.003234828544918855e-07 9.688905322491336847e-08 5.065401751380704809e-07 6.767119753448014308e-09 7.078905639446020359e-08 8.740935975026786764e-09 4.791889551825079252e-08 1.766703690009308048e-07 3.880083365714881438e-09 3.039790641423678608e-11
1.290000000000000000e+05 2.998348645633086562e-05 5.072712610854068771e-06 2.616278607092681341e-06 4.970332838638569228e-07 3.824018676823470742e-06 1.429143914322139608e-08 1.449239874773411429e-07 5.786023393739014864e-07 1.059917735801718663e-07 4.348115680841146968e-07 3.330371782794827595e-07 2.147637623295395315e-09 2.998348645633086562e-05 5.072712610854068771e-06 2.616278607092681341e-06 4.970332838638569228e-07 3.824018676823470742e-06 1.429143914322139608e-08 1.449239874773411429e-07 5.786023393739014864e-07 1.059917735801718663e-07 4.348115680841146968e-07 3.330371782794827595e-07 2.147637623295395315e-09
1.300000000000000000e+05 2.721674263739259914e-06 3.517963250487810001e-06 2.121153244161178009e-07 1.399673976720805513e-07 2.267729087179759517e-06 4.471905512559715135e-08 1.603869606014995952e-07 3.624224120812868932e-08 1.887233338493388146e-07 2.397485161509393947e-07 6.544273389863519697e-08 4.950991616681221785e-09 2.721674263739259914e-06 3.517963250487810001e-06 2.121153244161178009e-07 1.399673976720805513e-07 2.267729087179759517e-06 4.471905512559715135e-08 1.603869606014995952e-07 3.624224120812868932e-08 1.887233338493388146e-07 2.397485161509393947e-07 6.544273389863519697e-08 4.950991616681221785e-09
1.310000000000000000e+05 5.524228072317782789e-06 5.120507921674288809e-06 1.463497028453275561e-06 1.619231284166744445e-06 6.550209491251735017e-06 3.734770928076613927e-07 3.327665751839958830e-07 1.919212522238922247e-08 3.039525324766145786e-07 3.780220367843867280e-07 1.575908754603005946e-07 9.001198719715830521e-08 5.524228072317782789e-06 5.120507921674288809e-06 1.463497028453275561e-06 1.619231284166744445e-06 6.550209491251735017e-06 3.734770928076613927e-07 3.327665751839958830e-07 1.919212522238922247e-08 3.039525324766145786e-07 3.780220367843867280e-07 1.575908754603005946e-07 9.001198719715830521e-08
1.320000000000000000e+05 6.010693596181226894e-06 5.432387479231692851e-05 1.477474825151148252e-06 6.255338121263775975e-06 2.815115294652059674e-06 7.639435040118769393e-08 1.229952886205865070e-06 3.308475271524002892e-08 6.086760890866571572e-07 5.994974117129459046e-07 2.343055740539057297e-07 4.523840743786422536e-06 6.010693596181226894e-06 5.432387479231692851e-05 1.477474825151148252e-06 6.255338121263775975e-06 2.815115294652059674e-06 7.639435040118769393e-08 1.229952886205865070e-06 3.308475271524002892e-08 6.086760890866571572e-07 5.994974117129459046e-07 2.343055740539057297e-07 4.523840743786422536e-06
1.330000000000000000e+05 4.365346740087261423e-06 8.524725672032218426e-06 7.348824055952718481e-07 1.601332201062177774e-06 1.114384303946280852e-05 7.166888593701514765e-08 3.913937689503654838e-07 5.093334038974717259e-07 6.624470074712007772e-07 4.114005491828720551e-07 5.616059297608444467e-07 6.649605666098068468e-07 4.365346740087261423e-06 8.524725672032218426e-06 7.348824055952718481e-07 1.601332201062177774e-06 1.114384303946280852e-05 7.166888593701514765e-08 3.913937689503654838e-07 5.093334038974717259e-07 6.624470074712007772e-07 4.114005491828720551e-07 5.616059297608444467e-07 6.649605666098068468e-07
1.340000000000000000e+05 5.343770226318156347e-06 7.094934971973998472e-06 1.058077145899005700e-06 1.610220351722091436e-06 4.604437890520785004e-06 8.066675327711436694e-09 3.028111166258895537e-07 5.825818334415089339e-07 1.596346947962956619e-07 3.727470812009414658e-07 3.500901470943063032e-07 4.239975623931968585e-07 5.343770226318156347e-06 7.094934971973998472e-06 1.058077145899005700e-06 1.610220351722091436e-06 4.604437890520785004e-06 8.066675327711436694e-09 3.028111166258895537e-07 5.825818334415089339e-07 1.596346947962956619e-07 3.727470812009414658e-07 3.500901470943063032e-07 4.239975623931968585e-07
1.350000000000000000e+05 1.848202487053640652e-06 3.982815542258322239e-06 5.383495818023220636e-07 7.566158046756754629e-07 9.367942652716010343e-07 6.982509148656390607e-08 8.416662211629954982e-08 2.182913405590625189e-08 1.134779594735846331e-07 2.275091190995226498e-07 3.489689959224051563e-08 1.400554516806096217e-08 1.848202487053640652e-06 3.982815542258322239e-06 5.383495818023220636e-07 7.566158046756754629e-07 9.367942652716010343e-07 6.982509148656390607e-08 8.416662211629954982e-08 2.182913405590625189e-08 1.134779594735846331e-07 2.275091190995226498e-07 3.489689959224051563e-08 1.400554516806096217e-08
1.360000000000000000e+05 1.085808548850764055e-06 2.721116970860748552e-06 9.062677719384737429e-08 8.421883990195055958e-08 4.963316655448579695e-07 5.870054220480369622e-09 6.730761015205644071e-08 1.173612762528364328e-08 4.025551447739417199e-08 1.692481106374543742e-07 3.947547178029253701e-09 4.731205649477487896e-09 1.085808548850764055e-06 2.721116970860748552e-06 9.062677719384737429e-08 8.421883990195055958e-08 4.963316655448579695e-07 5.870054220480369622e-09 6.730761015205644071e-08 1.173612762528364328e-08 4.025551447739417199e-08 1.692481106374543742e-07 3.947547178029253701e-09 4.731205649477487896e-09
1.370000000000000000e+05 1.587051201568101533e-06 1.271758628718089312e-05 3.943248430005041882e-07 1.114792894441052340e-06 2.400731091256602667e-06 9.038301662656067492e-09 5.342171789379790425e-07 1.571185208604219952e-07 4.190470406228996580e-07 4.059950811097223777e-07 2.317108425131664262e-07 7.727800834800291341e-07 1.587051201568101533e-06 1.271758628718089312e-05 3.943248430005041882e-07 1.114792894441052340e-06 2.400731091256602667e-06 9.038301662656067492e-09 5.342171789379790425e-07 1.571185208604219952e-07 4.190470406228996580e-07 4.059950811097223777e-07 2.317108425131664262e-07 7.727800834800291341e-07
1.380000000000000000e+05 2.071553717541974038e-05 7.550089321739505976e-06 2.482564923411700875e-06 2.821502221195260063e-06 6.740391199855366722e-06 3.298909234672464663e-07 2.438226829326595180e-07 1.804630933577300311e-08 6.626914910157211125e-07 4.283420480533095542e-07 2.512295793621888151e-07 3.052620911603298737e-07 2.071553717541974038e-05 7.550089321739505976e-06 2.482564923411700875e-06 2.821502221195260063e-06 6.740391199855366722e-06 3.298909234672464663e-07 2.438226829326595180e-07 1.804630933577300311e-08 6.626914910157211125e-07 4.283420480533095542e-07 2.512295793621888151e-07 3.052620911603298737e-07
1.390000000000000000e+05 1.100134227272064891e-06 2.591889597169938497e-06 9.044417481618438615e-08 8.127858563966583461e-08 4.932671231472340878e-07 5.265540892196440836e-09 6.839538002623157809e-08 1.505163282899957267e-08 4.098719941225681396e-08 1.521172805496462388e-07 1.079722800056970300e-08 1.625907408708826551e-09 1.100134227272064891e-06 2.591889597169938497e-06 9.044417481618438615e-08 8.127858563966583461e-08 4.932671231472340878e-07 5.265540892196440836e-09 6.839538002623157809e-08 1.505163282899957267e-08 4.098719941225681396e-08 1.521172805496462388e-07 1.079722800056970300e-08 1.625907408708826551e-09
1.400000000000000000e+05 2.358058281970443204e-06 4.665323558583622798e-06 1.758667735884955619e-06 2.822785972966812551e-06 9.118621164816431701e-07 6.328573931568826083e-08 1.012734216487842787e-07 1.784695342621489544e-07 4.171585032963776030e-07 3.614760544223827310e-07 2.264580558630768792e-07 5.167988703647097282e-08 2.358058281970443204e-06 4.665323558583622798e-06 1.758667735884955619e-06 2.822785972966812551e-06 9.118621164816431701e-07 6.328573931568826083e-08 1.012734216487842787e-07 1.784695342621489544e-07 4.171585032963776030e-07 3.614760544223827310e-07 2.264580558630768792e-07 5.167988703647097282e-08
1.410000000000000000e+05 5.385899839893681929e-06 7.632089364051353186e-06 5.421090463642030954e-06 8.341017746715806425e-06 6.075539204175584018e-06 1.068506705337313178e-07 2.871389597203233279e-07 1.192562763208115939e-06 7.506174029003886972e-07 7.800862249496276490e-07 8.547231686861778144e-07 1.097239533009997103e-06 5.385899839893681929e-06 7.632089364051353186e-06 5.421090463642030954e-06 8.341017746715806425e-06 6.075539204175584018e-06 1.068506705337313178e-07 2.871389597203233279e-07 1.192562763208115939e-06 7.506174029003886972e-07 7.800862249496276490e-07 8.547231686861778144e-07 1.097239533009997103e-06
1.420000000000000000e+05 2.362085069762542844e-06 2.694980594242224470e-06 2.039909077211632393e-07 9.150264190793677699e-08 4.883424367108091246e-07 8.846670951356827572e-09 6.756598480706088594e-08 1.860415466126141837e-08 3.834810513581032865e-08 1.568567995491321199e-07 1.257189019554516562e-08 3.728929165447425476e-09 2.362085069762542844e-06 2.694980594242224470e-06 2.039909077211632393e-07 9.150264190793677699e-08 4.883424367108091246e-07 8.846670951356827572e-09 6.756598480706088594e-08 1.860415466126141837e-08 3.834810513581032865e-08 1.568567995491321199e-07 1.257189019554516562e-08 3.728929165447425476e-09
1.430000000000000000e+05 1.394441255797573831e-06 4.703397735283942893e-06 4.309678445224562893e-07 8.181073098967317492e-07 5.457609404402319342e-07 8.418647112762300821e-09 1.191726397564707440e-07 2.055972991854559950e-08 4.568188671782991150e-08 1.503334488006657921e-07 1.313880115816346006e-08 3.308033171833812958e-07 1.394441255797573831e-06 4.703397735283942893e-06 4.309678445224562893e-07 8.181073098967317492e-07 5.457609404402319342e-07 8.418647112762300821e-09 1.191726397564707440e-07 2.055972991854559950e-08 4.568188671782991150e-08 1.503334488006657921e-07 1.313880115816346006e-08 3.308033171833812958e-07
1.440000000000000000e+05 2.540556579333497211e-06 1.029904706228990108e-05 1.137779463533661328e-06 2.835136456269538030e-06 8.355663680958969053e-07 1.221575018917064881e-08 2.541762569308048114e-07 3.771598500179607072e-08 5.139267145182202512e-08 2.596433432699996047e-07 3.136259607572355890e-08 1.297762423746462446e-06 2.540556579333497211e-06 1.029904706228990108e-05 1.137779463533661328e-06 2.835136456269538030e-06 8.355663680958969053e-07 1.221575018917064881e-08 2.541762569308048114e-07 3.771598500179607072e-08 5.139267145182202512e-08 2.596433432699996047e-07 3.136259607572355890e-08 1.297762423746462446e-06
1.450000000000000000e+05 3.325282159494236112e-05 5.140581379237119108e-06 3.269385160820093006e-06 1.331460566689202096e-06 1.785983499758003745e-06 5.310821507009677589e-07 7.612521812916384079e-08 1.199105554405832663e-06 5.593607355081076093e-08 8.100203103822423145e-07 6.007385877637716476e-07 1.051034814736340195e-10 3.325282159494236112e-05 5.140581379237119108e-06 3.269385160820093006e-06 1.331460566689202096e-06 1.785983499758003745e-06 5.310821507009677589e-07 7.612521812916384079e-08 1.199105554405832663e-06 5.593607355081076093e-08 8.100203103822423145e-07 6.007385877637716476e-07 1.051034814736340195e-10
1.460000000000000000e+05 2.222034481746959500e-06 5.834852345287799835e-06 7.240046784318110440e-07 1.206983938573102932e-06 7.170623348429217003e-07 1.075165467767646987e-08 8.728308387162542203e-08 1.386625037014255213e-08 8.232692749743364402e-08 2.017162472611744306e-07 1.416631523198930154e-08 4.956445422976685222e-07 2.222034481746959500e-06 5.834852345287799835e-06 7.240046784318110440e-07 1.206983938573102932e-06 7.170623348429217003e-07 1.075165467767646987e-08 8.728308387162542203e-08 1.386625037014255213e-08 8.232692749743364402e-08 2.017162472611744306e-07 1.416631523198930154e-08 4.956445422976685222e-07
1.470000000000000000e+05 4.036306108901044354e-06 9.764345122675877064e-06 3.930640559701714665e-07 7.028602340142242610e-07 7.857809123379411176e-07 6.392859575043985387e-09 9.723587623966523097e-08 4.195595337819213455e-08 5.516437440178378893e-08 1.833520713034886285e-07 3.551178906491259113e-08 6.483936658696620725e-07 4.036306108901044354e-06 9.764345122675877064e-06 3.930640559701714665e-07 7.028602340142242610e-07 7.857809123379411176e-07 6.392859575043985387e-09 9.723587623966523097e-08 4.195595337819213455e-08 5.516437440178378893e-08 1.833520713034886285e-07 3.551178906491259113e-08 6.483936658696620725e-07
1.480000000000000000e+05 1.109454501602158416e-06 2.914085371230612509e-06 1.823936486289312597e-07 2.681083515199134126e-07 4.534358026830886956e-07 1.220935796908406701e-08 7.856022676833163132e-08 3.198352160893591645e-08 6.069637947803130373e-08 1.771191193711274536e-07 1.592945153561231564e-08 1.147884098884333071e-08 1.109454501602158416e-06 2.914085371230612509e-06 1.823936486289312597e-07 2.681083515199134126e-07 4.534358026830886956e-07 1.220935796908406701e-08 7.856022676833163132e-08 3.198352160893591645e-08 6.069637947803130373e-08 1.771191193711274536e-07 1.592945153561231564e-08 1.147884098884333071e-08
1.490000000000000000e+05 1.008809249469777569e-06 2.345799657632596791e-06 8.411891627702061669e-08 6.723792012053309008e-08 4.098837962374091148e-07 4.451152335605002008e-09 6.663926654937313288e-08 1.002883109890717606e-08 3.452570851436576049e-08 1.436726222436846001e-07 5.190353924433566135e-09 1.330215937400680559e-10 1.008809249469777569e-06 2.345799657632596791e-06 8.411891627702061669e-08 6.723792012053309008e-08 4.098837962374091148e-07 4.451152335605002008e-09 6.663926654937313288e-08 1.002883109890717606e-08 3.452570851436576049e-08 1.436726222436846001e-07 5.190353924433566135e-09 1.330215937400680559e-10
1.500000000000000000e+05 7.708040357101708651e-06 1.457233065593754873e-05 2.568635636635008268e-06 3.039230023205163889e-06 3.789018819588818587e-06 7.341507313185502426e-08 1.143941616987831367e-07 1.906014261976451962e-07 4.046848403049807530e-07 2.403058658728696173e-07 2.881139664623333374e-07 1.618465574892979930e-07 7.708040357101708651e-06 1.457233065593754873e-05 2.568635636635008268e-06 3.039230023205163889e-06 3.789018819588818587e-06 7.341507313185502426e-08 1.143941616987831367e-07 1.906014261976451962e-07 4.046848403049807530e-07 2.403058658728696173e-07 2.881139664623333374e-07 1.618465574892979930e-07
