# step K_rel_l2 mu_rel_l2 E_rel_l2 nu_rel_l2
1.000000000000000000e+03 5.626255069821192167e-01 5.470030773447607242e-01 2.189137520917560642e-01 1.089238064780500448e+00
2.000000000000000000e+03 5.743025554982736924e-01 6.911432925410303518e-01 2.868799936922123983e-01 1.248352018377917316e+00
3.000000000000000000e+03 7.031648677332152930e-01 8.711274565737441300e-01 2.086949811593305781e-01 1.910559189920961964e+00
4.000000000000000000e+03 6.030312688535360843e-01 7.533600500513608633e-01 2.002431181768258017e-01 1.466544051090341139e+00
5.000000000000000000e+03 5.163810832353200597e-01 6.884425347391260885e-01 2.839938283009988407e-01 1.114924286916249452e+00
6.000000000000000000e+03 4.677701923118997573e-01 6.803662856401156978e-01 3.216425365244848233e-01 9.492741926945714726e-01
7.000000000000000000e+03 4.795271689587928821e-01 6.548332024462981682e-01 2.739816224313904036e-01 9.784390729129691655e-01
8.000000000000000000e+03 4.445037575028698562e-01 6.364308381674758097e-01 2.721693637305411806e-01 9.017097130835781682e-01
9.000000000000000000e+03 4.522425290317205748e-01 6.292171594150512970e-01 2.441858838486534178e-01 9.400784880824187839e-01
1.000000000000000000e+04 4.541494094565946549e-01 6.156950003066811172e-01 2.327623544347518780e-01 9.315294977022363643e-01
1.100000000000000000e+04 4.367540316365418618e-01 5.753306529474290221e-01 2.305234080728132962e-01 8.741399840383020647e-01
1.200000000000000000e+04 4.423961484769362573e-01 5.517402665853933241e-01 2.162105339461509179e-01 8.940682088030961205e-01
1.300000000000000000e+04 4.248909520475008250e-01 5.269552938914884299e-01 2.163153834288934485e-01 8.594268102994145897e-01
1.400000000000000000e+04 4.067809550860919665e-01 5.007919749987046476e-01 2.149277231206882799e-01 8.284875223943742872e-01
1.500000000000000000e+04 3.996390848559081554e-01 4.889888332172233620e-01 2.128184249495612967e-01 8.169616376379250644e-01
1.600000000000000000e+04 3.741593234072507768e-01 4.774507036630447065e-01 2.204787049951033584e-01 7.764665095131796368e-01
1.700000000000000000e+04 3.635520842966334931e-01 4.707469423499791583e-01 2.206164831653002478e-01 7.621283064036531441e-01
1.800000000000000000e+04 3.644543583950749510e-01 4.942705899073830955e-01 2.326874814123126023e-01 7.844933380319932814e-01
1.900000000000000000e+04 3.734001988294607388e-01 4.910555282162345492e-01 2.260385889698509065e-01 8.015588671821516353e-01
2.000000000000000000e+04 3.665374990641812047e-01 5.075779012891532549e-01 2.414268686098928474e-01 8.113765609899269426e-01
2.100000000000000000e+04 3.817669731679063649e-01 5.312441231874621694e-01 2.488111154168090311e-01 8.576019480854748522e-01
2.200000000000000000e+04 3.838535542696373537e-01 5.468010062574240049e-01 2.596101579504989099e-01 8.830484146343895446e-01
2.300000000000000000e+04 3.905740953588613951e-01 5.457096928530574820e-01 2.568684927236108417e-01 9.031413699538504147e-01
2.400000000000000000e+04 3.897125835061582277e-01 5.135747965069329402e-01 2.447844592582544554e-01 8.772348631973907462e-01
2.500000000000000000e+04 3.921231983142204891e-01 5.244412987612135923e-01 2.537596839863266451e-01 8.949773174833067779e-01
2.600000000000000000e+04 3.942430552802982380e-01 5.388156655963063368e-01 2.630471862186641308e-01 9.074473895652849231e-01
2.700000000000000000e+04 4.026832071657648893e-01 5.335005836627222386e-01 2.571896950376482138e-01 9.165539295151086119e-01
2.800000000000000000e+04 4.060864280712645491e-01 5.496879968242601722e-01 2.663746868595243678e-01 9.210862604748635274e-01
2.900000000000000000e+04 3.989593379396367823e-01 5.333089340737708905e-01 2.649886616309720666e-01 8.885279462834783093e-01
3.000000000000000000e+04 3.958576640728329044e-01 5.284210158169431182e-01 2.673002100713876006e-01 8.675151423461432421e-01
3.100000000000000000e+04 3.967477177545911671e-01 5.147375884369483900e-01 2.598886892274833715e-01 8.551349303181413619e-01
3.200000000000000000e+04 4.040119572923727698e-01 5.302252892436175591e-01 2.648691191407930301e-01 8.708938958287992804e-01
3.300000000000000000e+04 3.946683753231026714e-01 5.111478238321019996e-01 2.602188844796117229e-01 8.342523191503249391e-01
3.400000000000000000e+04 3.916446203743845778e-01 5.022208978479397734e-01 2.586853160218243741e-01 8.141985375603275621e-01
3.500000000000000000e+04 3.925099855116275238e-01 5.079230471848314998e-01 2.595965549961642971e-01 8.162953751740923414e-01
3.600000000000000000e+04 3.873728966570881838e-01 4.957602753912719318e-01 2.542192776254307840e-01 7.947155952470084106e-01
3.700000000000000000e+04 3.827085232451921670e-01 4.918755293914497395e-01 2.559248473789278999e-01 7.823560904369477598e-01
3.800000000000000000e+04 3.712587359464994408e-01 4.668641099021204055e-01 2.491555040687021827e-01 7.309226062319660322e-01
3.900000000000000000e+04 3.736804702328049288e-01 4.829665319172216642e-01 2.543817636659382320e-01 7.511946635334707523e-01
4.000000000000000000e+04 3.716189630040432346e-01 4.757691330761167348e-01 2.506040710939780869e-01 7.440601770295943718e-01
4.100000000000000000e+04 3.628465754208678451e-01 4.752149684275114860e-01 2.555461901826425741e-01 7.266894482120187515e-01
4.200000000000000000e+04 3.624167140069987081e-01 4.547325142859340308e-01 2.439389868210647128e-01 7.089836178861927962e-01
4.300000000000000000e+04 3.598129670731123886e-01 4.625869679927540612e-01 2.501392315743209416e-01 7.118861826219391453e-01
4.400000000000000000e+04 3.577791484461148586e-01 4.588326084797929583e-01 2.492264937769658184e-01 7.024350374780190531e-01
4.500000000000000000e+04 3.565362439943602912e-01 4.611368488756164563e-01 2.496010859835584850e-01 7.051456741191162170e-01
4.600000000000000000e+04 3.548030090849235707e-01 4.553281294139929769e-01 2.472397357420482444e-01 6.948770574609490769e-01
4.700000000000000000e+04 3.534390839751600510e-01 4.565530087454059971e-01 2.485638550381863709e-01 6.941251072930237909e-01
4.800000000000000000e+04 3.546871077906603165e-01 4.523567364859397144e-01 2.453305985717644244e-01 6.925270200218358596e-01
4.900000000000000000e+04 3.477983157843545503e-01 4.498699432328062686e-01 2.478396737180267317e-01 6.793213008427740895e-01
5.000000000000000000e+04 3.485113660884336939e-01 4.425061831279280544e-01 2.431058910284698837e-01 6.706985989479801180e-01
5.100000000000000000e+04 3.497045356461646604e-01 4.434876292103336337e-01 2.433176338435211195e-01 6.750382291556997760e-01
5.200000000000000000e+04 3.460716865055574187e-01 4.410200597946172807e-01 2.426934421860245661e-01 6.665342074353749480e-01
5.300000000000000000e+04 3.482209385279811942e-01 4.426151967113208241e-01 2.428689861543156248e-01 6.699019119174129955e-01
5.400000000000000000e+04 3.434225809079461400e-01 4.321425328903721885e-01 2.388898835623330386e-01 6.512716742951363269e-01
5.500000000000000000e+04 3.435215827971564995e-01 4.224586646280045765e-01 2.329162563070815983e-01 6.458372658373822128e-01
5.600000000000000000e+04 3.424990036506921354e-01 4.282795719436719439e-01 2.373957614011720507e-01 6.480551015977736862e-01
5.700000000000000000e+04 3.387033532382808243e-01 4.211932179949671173e-01 2.350534870889456895e-01 6.340423417791741789e-01
5.800000000000000000e+04 3.430622712800193153e-01 4.216749031830503425e-01 2.329053557760622228e-01 6.425593827764509713e-01
5.900000000000000000e+04 3.449700599791063471e-01 4.173921972533596314e-01 2.296448934009711063e-01 6.414424678923115186e-01
6.000000000000000000e+04 3.384455409791111147e-01 4.043810448370043220e-01 2.251518761903045784e-01 6.200969576846223630e-01
6.100000000000000000e+04 3.386116175427739683e-01 4.112347108669578422e-01 2.290596030135499117e-01 6.261921041059003157e-01
6.200000000000000000e+04 3.380022481162748282e-01 4.046415234181167109e-01 2.258860723733382703e-01 6.201788980003934970e-01
6.300000000000000000e+04 3.361218452608810137e-01 4.072901737280941181e-01 2.283029017758491652e-01 6.181298878788139550e-01
6.400000000000000000e+04 3.349847685166643108e-01 4.042538083510676672e-01 2.268914192654787332e-01 6.138420257159472593e-01
6.500000000000000000e+04 3.325556854662722883e-01 3.973200086527385322e-01 2.240556688302297594e-01 6.052877039998023623e-01
6.600000000000000000e+04 3.304589482074329898e-01 3.955482950487031468e-01 2.240148826766656109e-01 5.964643043490295282e-01
6.700000000000000000e+04 3.311267774650921702e-01 3.928304919146939911e-01 2.224755460212138602e-01 5.955009164874617289e-01
6.800000000000000000e+04 3.289701766785818604e-01 3.910808283171293698e-01 2.224125046168184960e-01 5.898677419171934888e-01
6.900000000000000000e+04 3.291148675130491918e-01 3.826159809732406214e-01 2.174211060441706145e-01 5.831389778066355944e-01
7.000000000000000000e+04 3.264288529542394013e-01 3.837438579397389748e-01 2.189851505699329237e-01 5.787682481391347444e-01
7.100000000000000000e+04 3.244681916865749804e-01 3.821003523172524785e-01 2.192409269884144918e-01 5.733918662510592013e-01
7.200000000000000000e+04 3.225560542806502617e-01 3.761171169165654082e-01 2.161390900490947897e-01 5.650986254655986363e-01
7.300000000000000000e+04 3.201587608277111086e-01 3.713137187779987358e-01 2.138535893359276574e-01 5.585386483609834363e-01
7.400000000000000000e+04 3.184908115677620444e-01 3.703807297191590853e-01 2.139941834766379003e-01 5.527371503792041230e-01
7.500000000000000000e+04 3.158572567256147101e-01 3.654836264129069368e-01 2.126215341080239518e-01 5.462197466965500459e-01
7.600000000000000000e+04 3.122973998035745713e-01 3.588121894083926011e-01 2.092773420290403308e-01 5.348984229830090475e-01
7.700000000000000000e+04 3.109528512103538200e-01 3.533073714378205388e-01 2.059876980240327726e-01 5.292531563246519744e-01
7.800000000000000000e+04 3.084916207575159608e-01 3.535426205722767556e-01 2.073786512009833938e-01 5.253443598752913779e-01
7.900000000000000000e+04 3.066987975550182211e-01 3.474587617775750092e-01 2.038919573883611336e-01 5.195404280227465810e-01
8.000000000000000000e+04 3.022406849598423539e-01 3.392742056374352666e-01 2.004512729004164773e-01 5.068038664083830414e-01
8.100000000000000000e+04 3.013081901012249486e-01 3.385543568280591775e-01 2.001455130053232112e-01 5.059310339924388833e-01
8.200000000000000000e+04 3.011596459822178939e-01 3.362760818604161317e-01 1.987720460968828151e-01 5.051197437372789700e-01
8.300000000000000000e+04 2.985349261710510405e-01 3.308544003628392516e-01 1.966690384405316017e-01 4.970025143043187987e-01
8.400000000000000000e+04 2.947219635016718464e-01 3.252981520033427776e-01 1.934792251321097722e-01 4.909456530565105559e-01
8.500000000000000000e+04 2.945250881851520508e-01 3.192948684659313030e-01 1.895309846685757915e-01 4.867006347456901971e-01
8.600000000000000000e+04 2.909380380836457669e-01 3.155184000679774892e-01 1.884625623078805268e-01 4.812332724504288506e-01
8.700000000000000000e+04 2.911079954553093541e-01 3.178402745811254593e-01 1.894746084847099832e-01 4.839613325155773249e-01
8.800000000000000000e+04 2.880076151911723503e-01 3.075224318336476359e-01 1.835569486434110997e-01 4.735343597261769122e-01
8.900000000000000000e+04 2.891923900932988900e-01 3.038881550662060893e-01 1.810020912668674486e-01 4.721466284282912484e-01
9.000000000000000000e+04 2.861698461768646951e-01 3.069983835490204260e-01 1.835930680071325705e-01 4.730140908754036366e-01
9.100000000000000000e+04 2.776842530572900536e-01 2.931005500313401679e-01 1.769224880498302677e-01 4.531135272450236284e-01
9.200000000000000000e+04 2.803835339243009317e-01 2.970611610066965502e-01 1.785263649326925550e-01 4.596264495148396079e-01
9.300000000000000000e+04 2.824683535245280375e-01 2.950211085388683152e-01 1.761349928119997910e-01 4.629591526172980309e-01
9.400000000000000000e+04 2.788918173851230309e-01 2.904693277638603077e-01 1.742552189471494040e-01 4.568968055020500851e-01
9.500000000000000000e+04 2.771447106513432734e-01 2.876420400182827519e-01 1.734289359864416569e-01 4.517031184528627064e-01
9.600000000000000000e+04 2.754503113453749541e-01 2.811730862507588191e-01 1.687628842005624852e-01 4.471430490929552692e-01
9.700000000000000000e+04 2.723985650368216938e-01 2.813229909676467355e-01 1.699925208731462578e-01 4.428303459951329901e-01
9.800000000000000000e+04 2.763469981812337606e-01 2.810857694027050768e-01 1.687990603378830001e-01 4.471509301982911078e-01
9.900000000000000000e+04 2.726951028056158188e-01 2.805495921425559258e-01 1.692317319363132455e-01 4.443974497051476069e-01
1.000000000000000000e+05 2.695141063242152413e-01 2.735127255915510980e-01 1.655648387202770522e-01 4.344784991469544666e-01
1.010000000000000000e+05 2.688438274785271975e-01 2.759079627430503501e-01 1.669668286848847716e-01 4.352841490031975624e-01
1.020000000000000000e+05 2.703538746427299189e-01 2.772070290121219638e-01 1.677270044668479620e-01 4.388539420245091138e-01
1.030000000000000000e+05 2.772329508673033183e-01 2.819509009649959208e-01 1.693542720725226269e-01 4.516646787479158820e-01
1.040000000000000000e+05 2.676467220658735324e-01 2.677318262315495634e-01 1.623972011796477322e-01 4.267002345091740478e-01
1.050000000000000000e+05 2.689334989144592236e-01 2.675040252301201793e-01 1.619970040798793809e-01 4.284979378160005403e-01
1.060000000000000000e+05 2.668500554872820230e-01 2.679492646131155786e-01 1.626897441808800304e-01 4.262459505991537667e-01
1.070000000000000000e+05 2.673359271442823926e-01 2.673455242490273553e-01 1.621564470554772708e-01 4.262153147338041403e-01
1.080000000000000000e+05 2.690457120649486500e-01 2.711374482589933854e-01 1.641910311702423075e-01 4.305376374160804764e-01
1.090000000000000000e+05 2.672447694414565311e-01 2.665726847698951518e-01 1.617969906903937993e-01 4.234714538251146965e-01
1.100000000000000000e+05 2.642695108310171292e-01 2.630690888819244289e-01 1.602218526033752921e-01 4.164943962636086239e-01
1.110000000000000000e+05 2.643969719788996087e-01 2.618455637565162974e-01 1.596167368751626181e-01 4.156781610011791583e-01
1.120000000000000000e+05 2.648123010053617388e-01 2.611258621434450755e-01 1.588877070896433097e-01 4.150642074423695482e-01
1.130000000000000000e+05 2.642365102012803613e-01 2.616094020049697932e-01 1.601329565019683765e-01 4.123303524468270864e-01
1.140000000000000000e+05 2.637223444263738781e-01 2.619177782636895047e-01 1.601120865269542171e-01 4.125177991286383405e-01
1.150000000000000000e+05 2.648749168791325048e-01 2.624074120522361664e-01 1.602848258794517533e-01 4.149303831831374634e-01
1.160000000000000000e+05 2.648220718340160706e-01 2.593869733153975066e-01 1.581993499104900336e-01 4.120204009364866748e-01
1.170000000000000000e+05 2.642780706273875624e-01 2.594440266031682873e-01 1.586417184396395896e-01 4.117198372133846207e-01
1.180000000000000000e+05 2.649466705419546986e-01 2.606338732140203174e-01 1.592424171818454526e-01 4.127694150063457856e-01
1.190000000000000000e+05 2.651998038127547086e-01 2.591824587693998261e-01 1.581700660880953069e-01 4.108947163910176559e-01
1.200000000000000000e+05 2.591180272063757783e-01 2.525259769094611029e-01 1.559568041023710883e-01 3.952970817425286998e-01
1.210000000000000000e+05 2.676461440731925934e-01 2.643026822345862503e-01 1.611898311126149785e-01 4.156666097732604759e-01
1.220000000000000000e+05 2.621611311481756301e-01 2.575547620300572271e-01 1.580915595553162301e-01 4.033196992785894053e-01
1.230000000000000000e+05 2.651766565820553034e-01 2.577388457289378487e-01 1.577877526720305734e-01 4.085977991471827497e-01
1.240000000000000000e+05 2.617547197230769007e-01 2.568795137010592144e-01 1.580749816643909345e-01 4.025219691605514405e-01
1.250000000000000000e+05 2.626034056429549235e-01 2.560774999143001218e-01 1.571167568594696029e-01 4.024279367566914734e-01
1.260000000000000000e+05 2.639977992240433724e-01 2.562239013591319226e-01 1.569617876434775960e-01 4.040395068992627681e-01
1.270000000000000000e+05 2.639137150506939977e-01 2.566441173702980749e-01 1.572519120893899613e-01 4.037298644518766966e-01
1.280000000000000000e+05 2.599413640186745700e-01 2.490243240127147928e-01 1.537776630496814900e-01 3.917751934791408597e-01
1.290000000000000000e+05 2.635287994486348317e-01 2.554257441155606823e-01 1.568047859326392457e-01 4.016375082509499594e-01
1.300000000000000000e+05 2.624100533294428939e-01 2.546357415472796371e-01 1.563902137575891027e-01 3.999522265937670573e-01
1.310000000000000000e+05 2.621701037964609959e-01 2.545554018040771527e-01 1.564497124894031477e-01 3.995293512064822528e-01
1.320000000000000000e+05 2.658929546545322209e-01 2.550680570947067571e-01 1.553415031904872012e-01 4.047155821118960106e-01
1.330000000000000000e+05 2.626885907547442112e-01 2.520112314313022184e-01 1.548568156205989421e-01 3.962528202959763601e-01
1.340000000000000000e+05 2.632809231588854604e-01 2.517988860418849950e-01 1.546869035933345349e-01 3.964374081454599130e-01
1.350000000000000000e+05 2.613417852377216133e-01 2.520444977962046917e-01 1.551816968638553562e-01 3.947285604380080248e-01
1.360000000000000000e+05 2.671938510386099308e-01 2.550154785746042707e-01 1.556072376982437500e-01 4.059252931480780702e-01
1.370000000000000000e+05 2.628649335693593603e-01 2.520378150839632236e-01 1.545197621177042124e-01 3.961963390410695451e-01
1.380000000000000000e+05 2.610119716045807281e-01 2.507640371400696733e-01 1.544061127271074974e-01 3.933167608625526279e-01
1.390000000000000000e+05 2.613804832238850184e-01 2.497469695518835797e-01 1.537224791113959432e-01 3.937027804925315455e-01
1.400000000000000000e+05 2.592967370386368153e-01 2.502789369977131972e-01 1.545141528861171676e-01 3.900117188945082525e-01
1.410000000000000000e+05 2.596463675636963564e-01 2.502911542910181142e-01 1.546991666907313046e-01 3.900557603655026573e-01
1.420000000000000000e+05 2.614454936387626272e-01 2.500490458087545331e-01 1.536630825720601834e-01 3.927990031482834210e-01
1.430000000000000000e+05 2.617561234195877606e-01 2.469030927827462751e-01 1.516585657553568833e-01 3.900681615165457750e-01
1.440000000000000000e+05 2.613194637108520735e-01 2.488507501300024904e-01 1.532241318135740271e-01 3.912605650272844016e-01
1.450000000000000000e+05 2.588374530449606414e-01 2.464599141480191269e-01 1.520552088278241398e-01 3.855354055952286974e-01
1.460000000000000000e+05 2.618872176643219918e-01 2.507171698365964763e-01 1.540297491842241850e-01 3.929534959925874427e-01
1.470000000000000000e+05 2.576059433060592374e-01 2.439470082704003340e-01 1.508675619091045528e-01 3.820969643295144547e-01
1.480000000000000000e+05 2.584445281157509711e-01 2.445182624100019630e-01 1.507015559054554477e-01 3.851868984813335839e-01
1.490000000000000000e+05 2.548896529401515343e-01 2.375919108446996331e-01 1.472413640088740261e-01 3.746594802317704809e-01
1.500000000000000000e+05 2.578098921520555753e-01 2.403963537237600867e-01 1.485608619340487158e-01 3.788491376408935074e-01
