# step train_loss_terms test_loss_terms
0.000000000000000000e+00 1.370966732501983643e-01 9.147055447101593018e-02 7.027135044336318970e-02 1.286888774484395981e-02 3.462917208671569824e-01 1.999344443902373314e-03 1.787920296192169189e-02 8.673490583896636963e-02 1.178956255316734314e-01 4.944627359509468079e-02 5.806862190365791321e-02 1.370966732501983643e-01 9.147055447101593018e-02 7.027135044336318970e-02 1.286888774484395981e-02 3.462917208671569824e-01 1.999344443902373314e-03 1.787920296192169189e-02 8.673490583896636963e-02 1.178956255316734314e-01 4.944627359509468079e-02 5.806862190365791321e-02
1.000000000000000000e+03 1.869054161943495274e-03 1.425835955888032913e-02 5.842762184329330921e-04 5.255216965451836586e-04 1.533033209852874279e-04 1.546378734929021448e-05 1.631893792364280671e-05 1.304063971474533901e-05 2.494476393621880561e-05 1.019398405333049595e-04 7.774314326525200158e-06 1.869054161943495274e-03 1.425835955888032913e-02 5.842762184329330921e-04 5.255216965451836586e-04 1.533033209852874279e-04 1.546378734929021448e-05 1.631893792364280671e-05 1.304063971474533901e-05 2.494476393621880561e-05 1.019398405333049595e-04 7.774314326525200158e-06
2.000000000000000000e+03 8.874796330928802490e-04 4.155594855546951294e-03 2.361014921916648746e-04 2.133302768925204873e-04 6.074240809539332986e-05 9.478873835178092122e-05 6.494788976851850748e-05 3.247112908866256475e-05 2.974269045807886869e-05 1.658065011724829674e-04 7.594876024086261168e-06 8.874796330928802490e-04 4.155594855546951294e-03 2.361014921916648746e-04 2.133302768925204873e-04 6.074240809539332986e-05 9.478873835178092122e-05 6.494788976851850748e-05 3.247112908866256475e-05 2.974269045807886869e-05 1.658065011724829674e-04 7.594876024086261168e-06
3.000000000000000000e+03 8.056379156187176704e-04 2.135459566488862038e-03 1.750589872244745493e-04 1.730425283312797546e-04 4.673957300838083029e-05 8.550675556762143970e-05 3.429173375479876995e-05 3.580249176593497396e-05 1.966762647498399019e-05 1.455696183256804943e-04 5.654621872963616624e-07 8.056379156187176704e-04 2.135459566488862038e-03 1.750589872244745493e-04 1.730425283312797546e-04 4.673957300838083029e-05 8.550675556762143970e-05 3.429173375479876995e-05 3.580249176593497396e-05 1.966762647498399019e-05 1.455696183256804943e-04 5.654621872963616624e-07
4.000000000000000000e+03 6.251311278901994228e-04 1.806605490855872631e-03 4.139990778639912605e-04 5.140229477547109127e-04 1.592041080584749579e-04 3.877645212924107909e-05 8.102064384729601443e-06 8.655925921630114317e-05 2.808807948895264417e-05 1.567606814205646515e-04 2.679506724234670401e-05 6.251311278901994228e-04 1.806605490855872631e-03 4.139990778639912605e-04 5.140229477547109127e-04 1.592041080584749579e-04 3.877645212924107909e-05 8.102064384729601443e-06 8.655925921630114317e-05 2.808807948895264417e-05 1.567606814205646515e-04 2.679506724234670401e-05
5.000000000000000000e+03 3.514871350489556789e-04 4.716108960565179586e-04 8.916504884837195277e-05 1.195844597532413900e-04 4.816970613319426775e-05 6.437595857278211042e-06 6.748506166331935674e-06 2.121661418641451746e-05 2.300751020811730996e-06 1.057159315678291023e-04 2.653314368217252195e-07 3.514871350489556789e-04 4.716108960565179586e-04 8.916504884837195277e-05 1.195844597532413900e-04 4.816970613319426775e-05 6.437595857278211042e-06 6.748506166331935674e-06 2.121661418641451746e-05 2.300751020811730996e-06 1.057159315678291023e-04 2.653314368217252195e-07
6.000000000000000000e+03 2.994470996782183647e-04 2.831944148056209087e-04 7.244919106597080827e-05 9.034059621626511216e-05 2.349610003875568509e-04 8.062432243605144322e-06 2.329355265828780830e-05 2.580233558546751738e-05 2.165638943552039564e-05 5.389365469454787672e-05 1.603970304131507874e-06 2.994470996782183647e-04 2.831944148056209087e-04 7.244919106597080827e-05 9.034059621626511216e-05 2.349610003875568509e-04 8.062432243605144322e-06 2.329355265828780830e-05 2.580233558546751738e-05 2.165638943552039564e-05 5.389365469454787672e-05 1.603970304131507874e-06
7.000000000000000000e+03 1.797477889340370893e-04 1.706900802673771977e-04 5.440671156975440681e-05 5.675161810358986259e-05 1.330040959146572277e-05 1.554415575810708106e-06 2.078200168398325332e-06 3.968302280554780737e-06 2.953148850792786106e-06 3.200096398359164596e-05 3.722744565948232776e-07 1.797477889340370893e-04 1.706900802673771977e-04 5.440671156975440681e-05 5.675161810358986259e-05 1.330040959146572277e-05 1.554415575810708106e-06 2.078200168398325332e-06 3.968302280554780737e-06 2.953148850792786106e-06 3.200096398359164596e-05 3.722744565948232776e-07
8.000000000000000000e+03 1.550551387481391430e-04 1.266242761630564928e-04 4.623923450708389282e-05 4.332390017225407064e-05 1.148858973465394229e-05 3.082127705056336708e-06 2.194071612393599935e-06 2.570857986938790418e-06 1.582096047059167176e-06 1.965320734598208219e-05 7.157639174693031237e-07 1.550551387481391430e-04 1.266242761630564928e-04 4.623923450708389282e-05 4.332390017225407064e-05 1.148858973465394229e-05 3.082127705056336708e-06 2.194071612393599935e-06 2.570857986938790418e-06 1.582096047059167176e-06 1.965320734598208219e-05 7.157639174693031237e-07
9.000000000000000000e+03 1.336358982371166348e-04 9.380170376971364021e-05 3.341159754199907184e-05 1.970405173778999597e-05 8.281720511149615049e-06 2.519275994927738793e-06 2.596970489321392961e-06 1.819204726416501217e-06 1.530856138742819894e-06 1.458921360608655959e-05 1.940211546980208368e-09 1.336358982371166348e-04 9.380170376971364021e-05 3.341159754199907184e-05 1.970405173778999597e-05 8.281720511149615049e-06 2.519275994927738793e-06 2.596970489321392961e-06 1.819204726416501217e-06 1.530856138742819894e-06 1.458921360608655959e-05 1.940211546980208368e-09
1.000000000000000000e+04 1.298129791393876076e-04 7.640172407263889909e-05 3.252696478739380836e-05 1.805782994779292494e-05 3.783708234550431371e-05 3.738188524948782288e-06 5.499701273947721347e-06 6.191291504364926368e-06 7.660676601517479867e-06 1.817422889871522784e-05 4.283953103367821313e-08 1.298129791393876076e-04 7.640172407263889909e-05 3.252696478739380836e-05 1.805782994779292494e-05 3.783708234550431371e-05 3.738188524948782288e-06 5.499701273947721347e-06 6.191291504364926368e-06 7.660676601517479867e-06 1.817422889871522784e-05 4.283953103367821313e-08
1.100000000000000000e+04 5.298885662341490388e-05 3.442425804678350687e-05 2.003974987019319087e-05 7.179947715485468507e-06 4.296026418160181493e-06 2.057252686427091248e-06 2.525463514757575467e-06 1.158872890982820536e-07 1.295062133976898622e-06 8.148352208081632853e-06 6.232526938987348331e-09 5.298885662341490388e-05 3.442425804678350687e-05 2.003974987019319087e-05 7.179947715485468507e-06 4.296026418160181493e-06 2.057252686427091248e-06 2.525463514757575467e-06 1.158872890982820536e-07 1.295062133976898622e-06 8.148352208081632853e-06 6.232526938987348331e-09
1.200000000000000000e+04 2.987855077662970871e-05 2.244682036689482629e-05 1.705215618130750954e-05 7.145298695832025260e-06 2.909288241426111199e-06 1.845102701736323070e-06 2.441515562168206088e-06 9.655666843855215120e-08 1.054085487339762039e-06 7.109629677870543674e-06 1.487197920368998894e-09 2.987855077662970871e-05 2.244682036689482629e-05 1.705215618130750954e-05 7.145298695832025260e-06 2.909288241426111199e-06 1.845102701736323070e-06 2.441515562168206088e-06 9.655666843855215120e-08 1.054085487339762039e-06 7.109629677870543674e-06 1.487197920368998894e-09
1.300000000000000000e+04 2.131120345438830554e-05 1.807827902666758746e-05 1.409229025739477947e-05 6.726252195221604779e-06 2.154130697817890905e-06 1.762438728292181622e-06 2.021477257585502230e-06 1.710852473024715437e-07 9.350996492685226258e-07 5.881849119759863243e-06 5.600072849887283155e-09 2.131120345438830554e-05 1.807827902666758746e-05 1.409229025739477947e-05 6.726252195221604779e-06 2.154130697817890905e-06 1.762438728292181622e-06 2.021477257585502230e-06 1.710852473024715437e-07 9.350996492685226258e-07 5.881849119759863243e-06 5.600072849887283155e-09
1.400000000000000000e+04 1.670606252446305007e-05 1.603221789991948754e-05 1.167142636404605582e-05 6.383737854775972664e-06 2.054154947472852655e-06 2.204432121288846247e-06 1.857881557043583598e-06 2.682900799300114159e-07 8.740388466321746819e-07 5.520543709280900657e-06 5.111645773325790287e-09 1.670606252446305007e-05 1.603221789991948754e-05 1.167142636404605582e-05 6.383737854775972664e-06 2.054154947472852655e-06 2.204432121288846247e-06 1.857881557043583598e-06 2.682900799300114159e-07 8.740388466321746819e-07 5.520543709280900657e-06 5.111645773325790287e-09
1.500000000000000000e+04 1.297525341215077788e-05 1.449562023481121287e-05 9.375488843943458050e-06 6.223413492989493534e-06 1.863148327174712904e-06 1.525394850432348903e-06 1.698340724942681845e-06 2.987043217217433266e-07 8.728046623218688183e-07 5.200512987357797101e-06 1.870745052201527869e-07 1.297525341215077788e-05 1.449562023481121287e-05 9.375488843943458050e-06 6.223413492989493534e-06 1.863148327174712904e-06 1.525394850432348903e-06 1.698340724942681845e-06 2.987043217217433266e-07 8.728046623218688183e-07 5.200512987357797101e-06 1.870745052201527869e-07
1.600000000000000000e+04 1.052728475769981742e-05 1.250733203050913289e-05 7.174841357482364401e-06 5.419040917331585661e-06 1.698150981610524468e-06 1.541318852105177939e-06 1.277642809327517170e-06 1.553327848569097114e-07 7.867187719057255890e-07 4.889320280199171975e-06 1.100488589145243168e-10 1.052728475769981742e-05 1.250733203050913289e-05 7.174841357482364401e-06 5.419040917331585661e-06 1.698150981610524468e-06 1.541318852105177939e-06 1.277642809327517170e-06 1.553327848569097114e-07 7.867187719057255890e-07 4.889320280199171975e-06 1.100488589145243168e-10
1.700000000000000000e+04 1.420333592250244692e-05 3.080238093389198184e-05 1.938763853104319423e-05 2.094148476317059249e-05 5.062217496742960066e-06 2.521893520679441281e-06 1.165078174381051213e-06 1.508636728431156371e-06 1.016902501760341693e-06 5.774809778813505545e-06 7.390935479634208605e-06 1.420333592250244692e-05 3.080238093389198184e-05 1.938763853104319423e-05 2.094148476317059249e-05 5.062217496742960066e-06 2.521893520679441281e-06 1.165078174381051213e-06 1.508636728431156371e-06 1.016902501760341693e-06 5.774809778813505545e-06 7.390935479634208605e-06
1.800000000000000000e+04 8.188619176507927477e-06 1.027582584356423467e-05 5.465949470817577094e-06 4.815967258764430881e-06 3.134413645966560580e-06 1.313360712629219051e-06 1.111267806663818192e-06 3.784057582834066125e-07 1.039740141095535364e-06 4.820811227546073496e-06 5.976482242431302438e-08 8.188619176507927477e-06 1.027582584356423467e-05 5.465949470817577094e-06 4.815967258764430881e-06 3.134413645966560580e-06 1.313360712629219051e-06 1.111267806663818192e-06 3.784057582834066125e-07 1.039740141095535364e-06 4.820811227546073496e-06 5.976482242431302438e-08
1.900000000000000000e+04 4.759170042234472930e-05 1.321096642641350627e-04 9.115568536799401045e-05 1.111289311666041613e-04 1.203485498990630731e-05 1.213571795233292505e-05 7.335089549087570049e-07 7.248711995089252014e-07 5.357781446946319193e-06 6.014491646055830643e-06 2.356472577957902104e-05 4.759170042234472930e-05 1.321096642641350627e-04 9.115568536799401045e-05 1.111289311666041613e-04 1.203485498990630731e-05 1.213571795233292505e-05 7.335089549087570049e-07 7.248711995089252014e-07 5.357781446946319193e-06 6.014491646055830643e-06 2.356472577957902104e-05
2.000000000000000000e+04 6.054986442904919386e-06 8.066886039159726351e-06 3.890643711201846600e-06 3.842686965072061867e-06 1.475104795645165723e-06 1.058643988471885677e-06 6.570518849002837669e-07 6.670229169003505376e-08 6.395844138751272112e-07 3.651617134892148897e-06 4.120895624737386242e-09 6.054986442904919386e-06 8.066886039159726351e-06 3.890643711201846600e-06 3.842686965072061867e-06 1.475104795645165723e-06 1.058643988471885677e-06 6.570518849002837669e-07 6.670229169003505376e-08 6.395844138751272112e-07 3.651617134892148897e-06 4.120895624737386242e-09
2.100000000000000000e+04 1.647534918447490782e-05 4.199844624963589013e-05 3.579989424906671047e-05 3.511068644002079964e-05 5.185393092688173056e-06 2.037809281318914145e-06 1.405884404448443092e-06 6.522037097056454513e-07 9.408157097823277581e-07 3.272532921982929111e-06 1.480218361393781379e-05 1.647534918447490782e-05 4.199844624963589013e-05 3.579989424906671047e-05 3.511068644002079964e-05 5.185393092688173056e-06 2.037809281318914145e-06 1.405884404448443092e-06 6.522037097056454513e-07 9.408157097823277581e-07 3.272532921982929111e-06 1.480218361393781379e-05
2.200000000000000000e+04 5.594059985014609993e-06 8.489209903927985579e-06 4.110011559532722458e-06 4.458142939256504178e-06 1.432566932635381818e-06 8.989522370939084794e-07 5.412550194705545437e-07 6.343520908558275551e-08 6.707188617838255595e-07 3.251454018027288839e-06 3.787759794704470551e-07 5.594059985014609993e-06 8.489209903927985579e-06 4.110011559532722458e-06 4.458142939256504178e-06 1.432566932635381818e-06 8.989522370939084794e-07 5.412550194705545437e-07 6.343520908558275551e-08 6.707188617838255595e-07 3.251454018027288839e-06 3.787759794704470551e-07
2.300000000000000000e+04 8.392968993575777858e-06 1.341119605058338493e-05 7.291915608220733702e-06 8.084984983725007623e-06 8.065067959250882268e-06 1.358579424959316384e-06 2.205534428867395036e-06 1.698550590845115948e-06 1.535007640995900147e-06 3.142974492220673710e-06 1.893876515168813057e-06 8.392968993575777858e-06 1.341119605058338493e-05 7.291915608220733702e-06 8.084984983725007623e-06 8.065067959250882268e-06 1.358579424959316384e-06 2.205534428867395036e-06 1.698550590845115948e-06 1.535007640995900147e-06 3.142974492220673710e-06 1.893876515168813057e-06
2.400000000000000000e+04 1.159258317784406245e-05 9.880340257950592786e-06 5.526191216631559655e-06 6.191220109030837193e-06 1.258371685253223404e-05 1.714811901365465019e-06 3.435643975535640493e-06 2.077073759210179560e-06 5.654350388795137405e-06 5.824863819725578651e-06 1.198757217935053632e-06 1.159258317784406245e-05 9.880340257950592786e-06 5.526191216631559655e-06 6.191220109030837193e-06 1.258371685253223404e-05 1.714811901365465019e-06 3.435643975535640493e-06 2.077073759210179560e-06 5.654350388795137405e-06 5.824863819725578651e-06 1.198757217935053632e-06
2.500000000000000000e+04 6.307800958893494681e-06 6.154385573609033599e-06 3.179304030709317885e-06 3.502552772260969505e-06 1.765743490977911279e-06 1.542369886919914279e-06 4.563079585295781726e-07 1.176880232378607616e-06 5.533474904950708151e-07 3.229742105759214610e-06 3.133813208933133865e-08 6.307800958893494681e-06 6.154385573609033599e-06 3.179304030709317885e-06 3.502552772260969505e-06 1.765743490977911279e-06 1.542369886919914279e-06 4.563079585295781726e-07 1.176880232378607616e-06 5.533474904950708151e-07 3.229742105759214610e-06 3.133813208933133865e-08
2.600000000000000000e+04 2.642881918291095644e-05 4.165587233728729188e-05 3.662374365376308560e-05 3.542495687725022435e-05 3.229463618481531739e-05 1.441691983927739784e-05 1.942329390658414923e-06 1.665446575316309463e-06 1.432250201105489396e-06 5.938069534749956802e-06 1.291605894948588684e-05 2.642881918291095644e-05 4.165587233728729188e-05 3.662374365376308560e-05 3.542495687725022435e-05 3.229463618481531739e-05 1.441691983927739784e-05 1.942329390658414923e-06 1.665446575316309463e-06 1.432250201105489396e-06 5.938069534749956802e-06 1.291605894948588684e-05
2.700000000000000000e+04 3.301615379314171150e-06 4.844464911002432927e-06 1.841474045249924529e-06 2.361306087550474331e-06 1.270385496354720090e-06 5.187092142477922607e-07 3.899604905654996401e-07 7.052871353607770288e-08 5.328157612893846817e-07 2.503453742974670604e-06 6.470025848415161818e-09 3.301615379314171150e-06 4.844464911002432927e-06 1.841474045249924529e-06 2.361306087550474331e-06 1.270385496354720090e-06 5.187092142477922607e-07 3.899604905654996401e-07 7.052871353607770288e-08 5.328157612893846817e-07 2.503453742974670604e-06 6.470025848415161818e-09
2.800000000000000000e+04 3.728155434146174230e-06 5.215452347329119220e-06 2.453238948874059133e-06 2.575783355496241711e-06 2.413970378256635740e-06 7.560291237496130634e-07 5.548298531721229665e-07 2.528305742544034729e-07 8.374572644243016839e-07 2.840248725988203660e-06 2.679784394388207147e-09 3.728155434146174230e-06 5.215452347329119220e-06 2.453238948874059133e-06 2.575783355496241711e-06 2.413970378256635740e-06 7.560291237496130634e-07 5.548298531721229665e-07 2.528305742544034729e-07 8.374572644243016839e-07 2.840248725988203660e-06 2.679784394388207147e-09
2.900000000000000000e+04 3.161945414831279777e-06 4.361783794593065977e-06 1.761581415848922916e-06 2.109765091518056579e-06 2.319497525604674593e-06 7.892869007264380343e-07 3.979907887696754187e-07 2.827955540851689875e-07 5.055092060501920059e-07 2.693249371077399701e-06 7.199049800732382209e-09 3.161945414831279777e-06 4.361783794593065977e-06 1.761581415848922916e-06 2.109765091518056579e-06 2.319497525604674593e-06 7.892869007264380343e-07 3.979907887696754187e-07 2.827955540851689875e-07 5.055092060501920059e-07 2.693249371077399701e-06 7.199049800732382209e-09
3.000000000000000000e+04 2.734861936914967373e-06 4.161159722571028396e-06 1.709633693280920852e-06 2.151543412765022367e-06 1.206426986755104735e-06 4.703529725702537689e-07 3.295853332474507624e-07 2.446913249798399193e-08 4.129581725464959163e-07 2.345948360016336665e-06 7.856296235786430771e-08 2.734861936914967373e-06 4.161159722571028396e-06 1.709633693280920852e-06 2.151543412765022367e-06 1.206426986755104735e-06 4.703529725702537689e-07 3.295853332474507624e-07 2.446913249798399193e-08 4.129581725464959163e-07 2.345948360016336665e-06 7.856296235786430771e-08
3.100000000000000000e+04 2.569629714344046079e-06 3.658687319330056198e-06 1.484980543864367064e-06 1.834721501836611424e-06 1.174467570308479480e-06 4.204118795314570889e-07 3.326602779907261720e-07 4.931613517555888393e-08 4.194838822968449676e-07 2.322495447515393607e-06 5.266009850402042503e-12 2.569629714344046079e-06 3.658687319330056198e-06 1.484980543864367064e-06 1.834721501836611424e-06 1.174467570308479480e-06 4.204118795314570889e-07 3.326602779907261720e-07 4.931613517555888393e-08 4.194838822968449676e-07 2.322495447515393607e-06 5.266009850402042503e-12
3.200000000000000000e+04 2.186827805417124182e-05 1.662408612901344895e-05 1.380699086439562961e-05 1.196306402562186122e-05 5.057520866103004664e-06 1.036693902278784662e-05 9.163921390609175432e-07 3.560401410140912049e-06 7.979019187587255146e-07 6.555330401170067489e-06 2.909738441303488798e-06 2.186827805417124182e-05 1.662408612901344895e-05 1.380699086439562961e-05 1.196306402562186122e-05 5.057520866103004664e-06 1.036693902278784662e-05 9.163921390609175432e-07 3.560401410140912049e-06 7.979019187587255146e-07 6.555330401170067489e-06 2.909738441303488798e-06
3.300000000000000000e+04 2.391735506535042077e-06 3.716838136824662797e-06 1.666198841121513397e-06 1.933510702656349167e-06 1.271916516998317093e-06 6.396001026587327942e-07 2.897984359151450917e-07 7.753470754323643632e-09 3.456241017829597695e-07 2.254231731058098376e-06 1.374709057699874393e-07 2.391735506535042077e-06 3.716838136824662797e-06 1.666198841121513397e-06 1.933510702656349167e-06 1.271916516998317093e-06 6.396001026587327942e-07 2.897984359151450917e-07 7.753470754323643632e-09 3.456241017829597695e-07 2.254231731058098376e-06 1.374709057699874393e-07
3.400000000000000000e+04 9.450512152398005128e-06 1.336528293904848397e-05 8.832682397041935474e-06 8.550297025067266077e-06 2.154355343009228818e-06 2.559701897553168237e-06 4.516451497238449520e-07 3.137185558443889022e-06 7.514808544328843709e-07 3.662529479697695933e-06 1.027882149173819926e-06 9.450512152398005128e-06 1.336528293904848397e-05 8.832682397041935474e-06 8.550297025067266077e-06 2.154355343009228818e-06 2.559701897553168237e-06 4.516451497238449520e-07 3.137185558443889022e-06 7.514808544328843709e-07 3.662529479697695933e-06 1.027882149173819926e-06
3.500000000000000000e+04 1.065968899638392031e-05 1.198100471810903400e-05 8.543041985831223428e-06 1.077290926332352683e-05 1.103399517887737602e-05 2.042913592958939262e-06 7.836853228582185693e-07 7.859311153879389167e-06 1.171981352854345459e-06 3.154110800096532330e-06 7.329608138206822332e-07 1.065968899638392031e-05 1.198100471810903400e-05 8.543041985831223428e-06 1.077290926332352683e-05 1.103399517887737602e-05 2.042913592958939262e-06 7.836853228582185693e-07 7.859311153879389167e-06 1.171981352854345459e-06 3.154110800096532330e-06 7.329608138206822332e-07
3.600000000000000000e+04 2.073315272355102934e-06 2.990514758494100533e-06 1.407513991580344737e-06 1.454942548662074842e-06 1.437071773580100853e-06 4.203393473289906979e-07 2.791228723708627513e-07 1.668276894406517386e-07 3.575673588329664199e-07 2.359677182539599016e-06 4.212698456740326947e-08 2.073315272355102934e-06 2.990514758494100533e-06 1.407513991580344737e-06 1.454942548662074842e-06 1.437071773580100853e-06 4.203393473289906979e-07 2.791228723708627513e-07 1.668276894406517386e-07 3.575673588329664199e-07 2.359677182539599016e-06 4.212698456740326947e-08
3.700000000000000000e+04 3.341323463246226311e-06 5.638091806758893654e-06 3.475175390121876262e-06 3.565031420293962583e-06 2.000139602387207560e-06 7.898870535427704453e-07 3.143220226320408983e-07 4.436657832229684573e-07 3.159797756779880729e-07 2.255786966998130083e-06 3.914256012649275362e-07 3.341323463246226311e-06 5.638091806758893654e-06 3.475175390121876262e-06 3.565031420293962583e-06 2.000139602387207560e-06 7.898870535427704453e-07 3.143220226320408983e-07 4.436657832229684573e-07 3.159797756779880729e-07 2.255786966998130083e-06 3.914256012649275362e-07
3.800000000000000000e+04 7.367876605712808669e-06 1.629263351787813008e-05 1.296970458497526124e-05 1.220687045133672655e-05 3.421425844862824306e-06 5.571918677560461219e-07 8.840752343530766666e-07 2.066021131952311407e-08 8.780161238064465579e-07 2.288981249876087531e-06 3.843973445327719674e-06 7.367876605712808669e-06 1.629263351787813008e-05 1.296970458497526124e-05 1.220687045133672655e-05 3.421425844862824306e-06 5.571918677560461219e-07 8.840752343530766666e-07 2.066021131952311407e-08 8.780161238064465579e-07 2.288981249876087531e-06 3.843973445327719674e-06
3.900000000000000000e+04 2.033944156210054643e-06 2.632784799061482772e-06 1.495090941716625821e-06 1.339080199613817967e-06 1.088863882614532486e-06 3.849267784516996471e-07 2.678665111943701049e-07 9.794820243769208901e-08 3.156802677040104754e-07 2.233070745205623098e-06 2.919201769202572905e-08 2.033944156210054643e-06 2.632784799061482772e-06 1.495090941716625821e-06 1.339080199613817967e-06 1.088863882614532486e-06 3.849267784516996471e-07 2.678665111943701049e-07 9.794820243769208901e-08 3.156802677040104754e-07 2.233070745205623098e-06 2.919201769202572905e-08
4.000000000000000000e+04 9.666033292887732387e-06 3.372284118086099625e-05 1.976945350179448724e-05 2.280394073750358075e-05 6.959971415199106559e-06 3.919403297913959250e-06 9.648706509324256331e-07 2.178622935389284976e-06 7.162688575590436812e-07 2.523608600313309580e-06 9.555248652759473771e-06 9.666033292887732387e-06 3.372284118086099625e-05 1.976945350179448724e-05 2.280394073750358075e-05 6.959971415199106559e-06 3.919403297913959250e-06 9.648706509324256331e-07 2.178622935389284976e-06 7.162688575590436812e-07 2.523608600313309580e-06 9.555248652759473771e-06
4.100000000000000000e+04 1.683086225057195406e-06 2.769206730590667576e-06 1.505291493231197819e-06 1.293320337936165743e-06 1.117145870921376627e-06 3.493722147140942980e-07 2.974485653339797864e-07 5.065596297981755924e-08 3.328560467252827948e-07 2.069346692223916762e-06 6.673259633771522203e-08 1.683086225057195406e-06 2.769206730590667576e-06 1.505291493231197819e-06 1.293320337936165743e-06 1.117145870921376627e-06 3.493722147140942980e-07 2.974485653339797864e-07 5.065596297981755924e-08 3.328560467252827948e-07 2.069346692223916762e-06 6.673259633771522203e-08
4.200000000000000000e+04 4.022012944915331900e-06 5.281852736516157165e-06 3.488865786493988708e-06 3.247874246881110594e-06 1.911573008328559808e-06 1.492514343226503115e-06 3.159807135943992762e-07 8.148573016342197661e-08 2.632980056205269648e-07 2.525946001696866006e-06 6.069383857720822562e-07 4.022012944915331900e-06 5.281852736516157165e-06 3.488865786493988708e-06 3.247874246881110594e-06 1.911573008328559808e-06 1.492514343226503115e-06 3.159807135943992762e-07 8.148573016342197661e-08 2.632980056205269648e-07 2.525946001696866006e-06 6.069383857720822562e-07
4.300000000000000000e+04 9.550788490741979331e-06 1.532021633465774357e-05 9.782787856238428503e-06 1.068888650479493663e-05 3.375734195287805051e-06 7.955597425279847812e-07 1.658954943195567466e-06 2.452668645958056004e-08 2.702853407754446380e-06 2.790920007100794464e-06 4.657033059629611671e-06 9.550788490741979331e-06 1.532021633465774357e-05 9.782787856238428503e-06 1.068888650479493663e-05 3.375734195287805051e-06 7.955597425279847812e-07 1.658954943195567466e-06 2.452668645958056004e-08 2.702853407754446380e-06 2.790920007100794464e-06 4.657033059629611671e-06
4.400000000000000000e+04 3.659321237137191929e-06 6.776188001822447404e-06 4.935756351187592372e-06 4.251170139468740672e-06 1.461194074181548785e-06 1.047023033606819808e-06 2.837024624113837490e-07 9.326964800493442453e-07 3.468269085260544671e-07 2.458033122820779681e-06 2.071262628078329726e-07 3.659321237137191929e-06 6.776188001822447404e-06 4.935756351187592372e-06 4.251170139468740672e-06 1.461194074181548785e-06 1.047023033606819808e-06 2.837024624113837490e-07 9.326964800493442453e-07 3.468269085260544671e-07 2.458033122820779681e-06 2.071262628078329726e-07
4.500000000000000000e+04 1.912869993248023093e-05 3.883823228534311056e-05 2.682969716261141002e-05 2.150936052203178406e-05 9.865305401035584509e-06 5.064252377451339271e-07 1.445050429538241588e-06 6.705077794322278351e-06 2.219385578428045847e-06 3.731950300789321773e-06 2.381999820499913767e-06 1.912869993248023093e-05 3.883823228534311056e-05 2.682969716261141002e-05 2.150936052203178406e-05 9.865305401035584509e-06 5.064252377451339271e-07 1.445050429538241588e-06 6.705077794322278351e-06 2.219385578428045847e-06 3.731950300789321773e-06 2.381999820499913767e-06
4.600000000000000000e+04 1.599277675268240273e-05 4.818472007173113525e-05 2.446398138999938965e-05 2.810294608934782445e-05 3.008125304404529743e-06 3.674453864732640795e-06 2.370780549654227798e-07 2.095962372550275177e-07 6.864266310913080815e-07 2.689800567168276757e-06 1.004180649033514783e-05 1.599277675268240273e-05 4.818472007173113525e-05 2.446398138999938965e-05 2.810294608934782445e-05 3.008125304404529743e-06 3.674453864732640795e-06 2.370780549654227798e-07 2.095962372550275177e-07 6.864266310913080815e-07 2.689800567168276757e-06 1.004180649033514783e-05
4.700000000000000000e+04 6.509099421236896887e-06 6.217933332663960755e-06 6.219439910637447610e-06 5.535671334655489773e-06 2.022960643444093876e-06 2.301733957210672088e-06 2.663913676315132761e-07 1.133715727519302163e-06 2.635747193835413782e-07 2.841667992470320314e-06 1.305582827626494691e-06 6.509099421236896887e-06 6.217933332663960755e-06 6.219439910637447610e-06 5.535671334655489773e-06 2.022960643444093876e-06 2.301733957210672088e-06 2.663913676315132761e-07 1.133715727519302163e-06 2.635747193835413782e-07 2.841667992470320314e-06 1.305582827626494691e-06
4.800000000000000000e+04 1.270764073524333071e-06 1.822311560317757539e-06 1.183156200568191707e-06 8.605817924944858532e-07 9.424743439012672752e-07 2.968316437090834370e-07 1.839152190541426535e-07 3.301389384091635293e-09 2.186225032119182288e-07 1.835713987929921132e-06 2.302247281704694615e-09 1.270764073524333071e-06 1.822311560317757539e-06 1.183156200568191707e-06 8.605817924944858532e-07 9.424743439012672752e-07 2.968316437090834370e-07 1.839152190541426535e-07 3.301389384091635293e-09 2.186225032119182288e-07 1.835713987929921132e-06 2.302247281704694615e-09
4.900000000000000000e+04 1.845743327066884376e-06 3.600901891331886873e-06 2.305050429640687071e-06 1.476385023124748841e-06 1.426483549948898144e-06 1.164707441603241023e-06 3.885606929543428123e-07 4.869164271781301068e-08 4.370423596355976770e-07 1.937778733918094076e-06 7.565009951804313459e-08 1.845743327066884376e-06 3.600901891331886873e-06 2.305050429640687071e-06 1.476385023124748841e-06 1.426483549948898144e-06 1.164707441603241023e-06 3.885606929543428123e-07 4.869164271781301068e-08 4.370423596355976770e-07 1.937778733918094076e-06 7.565009951804313459e-08
5.000000000000000000e+04 2.359421841902076267e-06 6.748268788214772940e-06 4.503375294007128105e-06 4.069883289048448205e-06 1.291883563681039959e-06 3.515808373322215630e-07 3.056483421914890641e-07 1.086438956576785131e-07 3.489236632958636619e-07 1.723163563838170376e-06 1.501561428085551597e-06 2.359421841902076267e-06 6.748268788214772940e-06 4.503375294007128105e-06 4.069883289048448205e-06 1.291883563681039959e-06 3.515808373322215630e-07 3.056483421914890641e-07 1.086438956576785131e-07 3.489236632958636619e-07 1.723163563838170376e-06 1.501561428085551597e-06
5.100000000000000000e+04 4.584061571222264320e-06 4.874018031841842458e-06 3.062905307160690427e-06 2.894370481953956187e-06 4.438605628820369020e-06 3.195192903149290942e-06 3.843673823666904354e-07 3.293767463219410274e-07 4.497451016050035832e-07 2.141377080988604575e-06 7.270534183589916211e-07 4.584061571222264320e-06 4.874018031841842458e-06 3.062905307160690427e-06 2.894370481953956187e-06 4.438605628820369020e-06 3.195192903149290942e-06 3.843673823666904354e-07 3.293767463219410274e-07 4.497451016050035832e-07 2.141377080988604575e-06 7.270534183589916211e-07
5.200000000000000000e+04 5.033145043853437528e-06 4.749888375954469666e-06 3.065204055019421503e-06 2.241559059257269837e-06 5.428762506198836491e-06 4.987812189938267693e-06 4.885910698249062989e-07 4.414197718460854958e-08 5.318945568433264270e-07 2.694917839107802138e-06 6.504110388050321490e-07 5.033145043853437528e-06 4.749888375954469666e-06 3.065204055019421503e-06 2.241559059257269837e-06 5.428762506198836491e-06 4.987812189938267693e-06 4.885910698249062989e-07 4.414197718460854958e-08 5.318945568433264270e-07 2.694917839107802138e-06 6.504110388050321490e-07
5.300000000000000000e+04 1.247352315658645239e-06 2.217755763922468759e-06 1.582548975420650095e-06 1.309025492446380667e-06 8.908572795007785317e-07 2.970059540530201048e-07 1.929237924969129381e-07 1.190810117179808003e-08 2.104447105466533685e-07 1.686167024672613479e-06 1.809384002626757137e-07 1.247352315658645239e-06 2.217755763922468759e-06 1.582548975420650095e-06 1.309025492446380667e-06 8.908572795007785317e-07 2.970059540530201048e-07 1.929237924969129381e-07 1.190810117179808003e-08 2.104447105466533685e-07 1.686167024672613479e-06 1.809384002626757137e-07
5.400000000000000000e+04 1.249213255505310372e-06 2.346583187318174168e-06 1.648641273277462460e-06 1.321227728112717159e-06 9.208307005792448763e-07 3.319213988106639590e-07 1.989746607478082296e-07 5.913973311066911265e-09 2.044596811856536078e-07 1.608462525837239809e-06 2.642885874593048356e-07 1.249213255505310372e-06 2.346583187318174168e-06 1.648641273277462460e-06 1.321227728112717159e-06 9.208307005792448763e-07 3.319213988106639590e-07 1.989746607478082296e-07 5.913973311066911265e-09 2.044596811856536078e-07 1.608462525837239809e-06 2.642885874593048356e-07
5.500000000000000000e+04 1.984336222449201159e-06 6.010582637827610597e-06 3.903843207808677107e-06 3.770845978579018265e-06 1.020575268739776220e-06 2.604598137168068206e-07 1.902820798704851768e-07 2.349314520699863351e-08 2.587703420431353152e-07 1.617149109733873047e-06 1.546445105304883327e-06 1.984336222449201159e-06 6.010582637827610597e-06 3.903843207808677107e-06 3.770845978579018265e-06 1.020575268739776220e-06 2.604598137168068206e-07 1.902820798704851768e-07 2.349314520699863351e-08 2.587703420431353152e-07 1.617149109733873047e-06 1.546445105304883327e-06
5.600000000000000000e+04 2.048253691100399010e-06 2.410704155408893712e-06 2.287119059474207461e-06 1.486973587816464715e-06 1.274409214602201246e-06 1.424704350938554853e-06 1.912997049657860771e-07 1.582325239724013954e-07 2.143005843890932738e-07 1.896049411698186304e-06 3.043077567710383846e-09 2.048253691100399010e-06 2.410704155408893712e-06 2.287119059474207461e-06 1.486973587816464715e-06 1.274409214602201246e-06 1.424704350938554853e-06 1.912997049657860771e-07 1.582325239724013954e-07 2.143005843890932738e-07 1.896049411698186304e-06 3.043077567710383846e-09
5.700000000000000000e+04 4.413613169162999839e-06 4.036278369312640280e-06 2.304181634826818481e-06 1.691643660706176888e-06 5.730069005949189886e-06 3.851895144180161878e-06 6.534095859933586325e-07 6.383234563145379070e-07 6.774236567252955865e-07 2.576776751084253192e-06 3.946017557154846145e-07 4.413613169162999839e-06 4.036278369312640280e-06 2.304181634826818481e-06 1.691643660706176888e-06 5.730069005949189886e-06 3.851895144180161878e-06 6.534095859933586325e-07 6.383234563145379070e-07 6.774236567252955865e-07 2.576776751084253192e-06 3.946017557154846145e-07
5.800000000000000000e+04 1.199278472086007241e-06 2.105598468915559351e-06 1.663766852288972586e-06 1.286310293835413177e-06 8.773848776399972849e-07 2.447137035233026836e-07 1.595407894683376071e-07 3.666990933126612617e-09 1.974643737412407063e-07 1.475360704716877081e-06 1.984038817681721412e-07 1.199278472086007241e-06 2.105598468915559351e-06 1.663766852288972586e-06 1.286310293835413177e-06 8.773848776399972849e-07 2.447137035233026836e-07 1.595407894683376071e-07 3.666990933126612617e-09 1.974643737412407063e-07 1.475360704716877081e-06 1.984038817681721412e-07
5.900000000000000000e+04 2.277013663842808455e-06 5.419034096121322364e-06 3.712004399858415127e-06 3.673781748148030601e-06 1.018105649563949555e-06 2.603947848456300562e-07 2.224657293936616043e-07 5.203508379736376810e-08 1.428488189958443400e-07 1.499520294601097703e-06 1.472994313189701643e-06 2.277013663842808455e-06 5.419034096121322364e-06 3.712004399858415127e-06 3.673781748148030601e-06 1.018105649563949555e-06 2.603947848456300562e-07 2.224657293936616043e-07 5.203508379736376810e-08 1.428488189958443400e-07 1.499520294601097703e-06 1.472994313189701643e-06
6.000000000000000000e+04 2.994353735630284064e-06 3.559725655577494763e-06 1.957407448571757413e-06 1.677560589996573981e-06 1.795207140276033897e-06 1.325032258137071040e-06 1.865386423105519498e-07 7.798855676810489967e-07 2.165446630897349678e-07 1.680204036347276997e-06 2.199601993879696238e-07 2.994353735630284064e-06 3.559725655577494763e-06 1.957407448571757413e-06 1.677560589996573981e-06 1.795207140276033897e-06 1.325032258137071040e-06 1.865386423105519498e-07 7.798855676810489967e-07 2.165446630897349678e-07 1.680204036347276997e-06 2.199601993879696238e-07
6.100000000000000000e+04 4.993823949916986749e-06 4.009696112916572019e-06 1.864455839495349210e-06 2.286385551997227594e-06 5.887331553822150454e-06 2.459035613355808891e-06 5.127941449245554395e-07 4.119678123970516026e-06 4.835551408177707344e-07 1.988835037991520949e-06 4.300006395396849257e-08 4.993823949916986749e-06 4.009696112916572019e-06 1.864455839495349210e-06 2.286385551997227594e-06 5.887331553822150454e-06 2.459035613355808891e-06 5.127941449245554395e-07 4.119678123970516026e-06 4.835551408177707344e-07 1.988835037991520949e-06 4.300006395396849257e-08
6.200000000000000000e+04 1.273753923669573851e-06 1.613392100807686802e-06 1.399068082719168160e-06 1.024586595121945720e-06 8.980834422800398897e-07 4.398867474719736492e-07 1.394426192291575717e-07 1.905302582372314646e-08 1.629050672136145295e-07 1.400737119183759205e-06 4.476441439749123674e-09 1.273753923669573851e-06 1.613392100807686802e-06 1.399068082719168160e-06 1.024586595121945720e-06 8.980834422800398897e-07 4.398867474719736492e-07 1.394426192291575717e-07 1.905302582372314646e-08 1.629050672136145295e-07 1.400737119183759205e-06 4.476441439749123674e-09
6.300000000000000000e+04 1.816852545744040981e-06 1.534881675979704596e-06 1.653284130043175537e-06 1.320653495895385277e-06 1.030735234053281602e-06 3.086338722368964227e-07 1.393405995031571365e-07 4.010489362826774595e-07 1.616236033896711888e-07 1.458021074540738482e-06 2.395172771230136277e-08 1.816852545744040981e-06 1.534881675979704596e-06 1.653284130043175537e-06 1.320653495895385277e-06 1.030735234053281602e-06 3.086338722368964227e-07 1.393405995031571365e-07 4.010489362826774595e-07 1.616236033896711888e-07 1.458021074540738482e-06 2.395172771230136277e-08
6.400000000000000000e+04 1.280106744161457755e-06 1.831966869758616667e-06 1.634075033507542685e-06 1.318814156547887251e-06 9.150801361101912335e-07 5.780112815045868047e-07 1.524638975070047309e-07 1.532366127321438398e-07 1.734398153985239333e-07 1.412780420650960878e-06 9.094428321532177506e-08 1.280106744161457755e-06 1.831966869758616667e-06 1.634075033507542685e-06 1.318814156547887251e-06 9.150801361101912335e-07 5.780112815045868047e-07 1.524638975070047309e-07 1.532366127321438398e-07 1.734398153985239333e-07 1.412780420650960878e-06 9.094428321532177506e-08
6.500000000000000000e+04 3.644160642579663545e-06 2.858829930119100027e-06 3.749822326426510699e-06 2.662580527612590231e-06 2.445134441586560570e-06 5.228959594205662142e-07 3.139776652005821234e-07 6.218099315447034314e-07 5.691145474884251598e-07 1.710701099000289105e-06 3.162367079312389251e-08 3.644160642579663545e-06 2.858829930119100027e-06 3.749822326426510699e-06 2.662580527612590231e-06 2.445134441586560570e-06 5.228959594205662142e-07 3.139776652005821234e-07 6.218099315447034314e-07 5.691145474884251598e-07 1.710701099000289105e-06 3.162367079312389251e-08
6.600000000000000000e+04 1.431877080904087052e-06 2.385454990871949121e-06 1.840590357460314408e-06 1.248453713742492255e-06 1.370752897855709307e-06 3.638219538970588474e-07 1.517915251270096633e-07 3.992032873156858841e-07 1.701056646652432391e-07 1.453510321880457923e-06 1.625426762075221632e-07 1.431877080904087052e-06 2.385454990871949121e-06 1.840590357460314408e-06 1.248453713742492255e-06 1.370752897855709307e-06 3.638219538970588474e-07 1.517915251270096633e-07 3.992032873156858841e-07 1.701056646652432391e-07 1.453510321880457923e-06 1.625426762075221632e-07
6.700000000000000000e+04 3.465609324848628603e-06 4.672300747188273817e-06 3.444448793743504211e-06 3.004600330314133316e-06 1.672923531259584706e-06 1.431455189049302135e-06 2.275477584134932840e-07 1.514021086279626616e-08 2.432510370908858022e-07 1.533392492092389148e-06 9.743324653754825704e-07 3.465609324848628603e-06 4.672300747188273817e-06 3.444448793743504211e-06 3.004600330314133316e-06 1.672923531259584706e-06 1.431455189049302135e-06 2.275477584134932840e-07 1.514021086279626616e-08 2.432510370908858022e-07 1.533392492092389148e-06 9.743324653754825704e-07
6.800000000000000000e+04 1.540765424579149112e-06 3.480038003544905223e-06 2.593874114609207027e-06 2.603484063001815230e-06 7.556707259936956689e-07 5.543443535316328052e-07 1.523092549859939027e-07 3.546089288875009515e-08 1.224502312879849342e-07 1.392514377585030161e-06 6.095416438256506808e-07 1.540765424579149112e-06 3.480038003544905223e-06 2.593874114609207027e-06 2.603484063001815230e-06 7.556707259936956689e-07 5.543443535316328052e-07 1.523092549859939027e-07 3.546089288875009515e-08 1.224502312879849342e-07 1.392514377585030161e-06 6.095416438256506808e-07
6.900000000000000000e+04 9.295725931224296801e-07 1.352066760773595888e-06 1.251137177860073280e-06 8.910294582165079191e-07 7.538799309259047732e-07 2.245936912004253827e-07 1.291230802280551870e-07 2.939703591664510895e-08 1.481549247728253249e-07 1.206063643621746451e-06 7.619206598974415101e-08 9.295725931224296801e-07 1.352066760773595888e-06 1.251137177860073280e-06 8.910294582165079191e-07 7.538799309259047732e-07 2.245936912004253827e-07 1.291230802280551870e-07 2.939703591664510895e-08 1.481549247728253249e-07 1.206063643621746451e-06 7.619206598974415101e-08
7.000000000000000000e+04 1.299201926485693548e-06 2.178520844609010965e-06 1.844805638029356487e-06 1.156894541054498404e-06 1.670370352258032653e-06 5.701943450731050689e-07 3.713537068961159093e-07 5.554646236305416096e-07 2.510007277578552021e-07 1.297894073104544077e-06 6.648633643635548651e-09 1.299201926485693548e-06 2.178520844609010965e-06 1.844805638029356487e-06 1.156894541054498404e-06 1.670370352258032653e-06 5.701943450731050689e-07 3.713537068961159093e-07 5.554646236305416096e-07 2.510007277578552021e-07 1.297894073104544077e-06 6.648633643635548651e-09
7.100000000000000000e+04 7.753753379802219570e-06 7.445033133990364149e-06 5.719022283301455900e-06 4.517507477430626750e-06 1.630751285119913518e-06 2.694818306281376863e-07 1.847699167001337628e-07 2.022002036028425209e-06 1.946885390680108685e-07 1.716586893962812610e-06 3.966637507346604252e-07 7.753753379802219570e-06 7.445033133990364149e-06 5.719022283301455900e-06 4.517507477430626750e-06 1.630751285119913518e-06 2.694818306281376863e-07 1.847699167001337628e-07 2.022002036028425209e-06 1.946885390680108685e-07 1.716586893962812610e-06 3.966637507346604252e-07
7.200000000000000000e+04 3.252059514124994166e-06 3.871256922138854861e-06 3.753990768018411472e-06 3.048861799470614642e-06 1.064527396010817029e-06 3.535045607350184582e-07 1.263556015373978880e-07 9.978817843148135580e-07 1.338473509804316564e-07 1.538561946290428750e-06 4.255903185423903778e-09 3.252059514124994166e-06 3.871256922138854861e-06 3.753990768018411472e-06 3.048861799470614642e-06 1.064527396010817029e-06 3.535045607350184582e-07 1.263556015373978880e-07 9.978817843148135580e-07 1.338473509804316564e-07 1.538561946290428750e-06 4.255903185423903778e-09
7.300000000000000000e+04 5.744107966165756807e-06 1.583493212820030749e-05 9.748752745508681983e-06 9.187981959257740527e-06 1.843486984398623463e-06 4.911599376100639347e-07 4.428554518653982086e-07 1.037263700709445402e-06 1.805684490818748600e-07 1.448353486921405420e-06 4.220531991450116038e-06 5.744107966165756807e-06 1.583493212820030749e-05 9.748752745508681983e-06 9.187981959257740527e-06 1.843486984398623463e-06 4.911599376100639347e-07 4.428554518653982086e-07 1.037263700709445402e-06 1.805684490818748600e-07 1.448353486921405420e-06 4.220531991450116038e-06
7.400000000000000000e+04 2.667785111043485813e-06 5.302355020830873400e-06 3.152777935611084104e-06 3.525684405758511275e-06 1.822457647904229816e-06 7.324291573240770958e-07 1.891354912686438183e-07 8.374325375370972324e-07 2.056396226635115454e-07 1.243929546035360545e-06 1.554163532091479283e-06 2.667785111043485813e-06 5.302355020830873400e-06 3.152777935611084104e-06 3.525684405758511275e-06 1.822457647904229816e-06 7.324291573240770958e-07 1.891354912686438183e-07 8.374325375370972324e-07 2.056396226635115454e-07 1.243929546035360545e-06 1.554163532091479283e-06
7.500000000000000000e+04 7.720520898146787658e-07 9.562635341353598051e-07 1.007644186756806448e-06 7.412282343466358725e-07 6.371890322043327615e-07 2.158793961370975012e-07 9.972713854722314863e-08 1.282204475927528620e-08 1.229502402111393167e-07 1.147271177615039051e-06 2.411806043767228402e-08 7.720520898146787658e-07 9.562635341353598051e-07 1.007644186756806448e-06 7.412282343466358725e-07 6.371890322043327615e-07 2.158793961370975012e-07 9.972713854722314863e-08 1.282204475927528620e-08 1.229502402111393167e-07 1.147271177615039051e-06 2.411806043767228402e-08
7.600000000000000000e+04 3.333641870995052159e-06 3.913397904398152605e-06 1.868820731942832936e-06 1.666893581386830192e-06 4.112445367354666814e-06 1.754681647980760317e-06 3.544450635217799572e-07 5.990856379867182113e-07 4.080646078818972455e-07 1.619986051082378253e-06 4.479233268739335472e-07 3.333641870995052159e-06 3.913397904398152605e-06 1.868820731942832936e-06 1.666893581386830192e-06 4.112445367354666814e-06 1.754681647980760317e-06 3.544450635217799572e-07 5.990856379867182113e-07 4.080646078818972455e-07 1.619986051082378253e-06 4.479233268739335472e-07
7.700000000000000000e+04 8.539887517144961748e-07 1.659087615735188592e-06 1.375551619275938720e-06 1.287642476199835073e-06 6.032535111444303766e-07 2.418447024865599815e-07 9.932653455280160415e-08 6.641283079034110415e-08 1.103454820849947282e-07 1.122471303460770287e-06 3.115511901796708116e-07 8.539887517144961748e-07 1.659087615735188592e-06 1.375551619275938720e-06 1.287642476199835073e-06 6.032535111444303766e-07 2.418447024865599815e-07 9.932653455280160415e-08 6.641283079034110415e-08 1.103454820849947282e-07 1.122471303460770287e-06 3.115511901796708116e-07
7.800000000000000000e+04 3.736194003067794256e-06 1.987077666854020208e-06 2.671852826097165234e-06 1.906654802041884977e-06 1.676825377217028290e-06 1.165133085123670753e-06 2.174563888956981828e-07 2.707493251818959834e-07 2.772243021809117636e-07 1.489219243921979796e-06 7.711619787187373731e-08 3.736194003067794256e-06 1.987077666854020208e-06 2.671852826097165234e-06 1.906654802041884977e-06 1.676825377217028290e-06 1.165133085123670753e-06 2.174563888956981828e-07 2.707493251818959834e-07 2.772243021809117636e-07 1.489219243921979796e-06 7.711619787187373731e-08
7.900000000000000000e+04 1.863942770796711557e-06 2.209023932664422318e-06 1.557183509248716291e-06 1.616447548258292954e-06 1.683108280303713400e-06 4.009928602499712724e-07 1.047025293132719526e-07 1.164827722277550492e-06 1.484602591972361552e-07 1.320394289905379992e-06 1.443845007997879293e-07 1.863942770796711557e-06 2.209023932664422318e-06 1.557183509248716291e-06 1.616447548258292954e-06 1.683108280303713400e-06 4.009928602499712724e-07 1.047025293132719526e-07 1.164827722277550492e-06 1.484602591972361552e-07 1.320394289905379992e-06 1.443845007997879293e-07
8.000000000000000000e+04 1.045953695211210288e-06 1.193616412820119876e-06 9.580419373378390446e-07 7.057759603412705474e-07 1.226963831868488342e-06 4.533863773303892231e-07 1.647512135605211370e-07 3.661183143321977695e-07 1.737922872280250886e-07 1.093757987291610334e-06 1.257749460137347342e-11 1.045953695211210288e-06 1.193616412820119876e-06 9.580419373378390446e-07 7.057759603412705474e-07 1.226963831868488342e-06 4.533863773303892231e-07 1.647512135605211370e-07 3.661183143321977695e-07 1.737922872280250886e-07 1.093757987291610334e-06 1.257749460137347342e-11
8.100000000000000000e+04 2.911834599217399955e-06 2.078348188661038876e-06 2.753541593847330660e-06 2.115484676323831081e-06 1.242288703906524461e-06 2.216636261209714576e-07 1.952150796569185331e-07 7.912068866744448314e-08 3.194897146840958158e-07 1.098693246603943408e-06 2.696518741629461147e-08 2.911834599217399955e-06 2.078348188661038876e-06 2.753541593847330660e-06 2.115484676323831081e-06 1.242288703906524461e-06 2.216636261209714576e-07 1.952150796569185331e-07 7.912068866744448314e-08 3.194897146840958158e-07 1.098693246603943408e-06 2.696518741629461147e-08
8.200000000000000000e+04 1.013859218801371753e-06 1.176177875095163472e-06 1.081044615602877457e-06 9.015823252411792055e-07 7.522878604504512623e-07 4.037910059651039774e-07 1.100361615158362838e-07 2.270746435328874213e-08 1.258531909797966364e-07 1.075586737897538114e-06 1.094244694854751287e-08 1.013859218801371753e-06 1.176177875095163472e-06 1.081044615602877457e-06 9.015823252411792055e-07 7.522878604504512623e-07 4.037910059651039774e-07 1.100361615158362838e-07 2.270746435328874213e-08 1.258531909797966364e-07 1.075586737897538114e-06 1.094244694854751287e-08
8.300000000000000000e+04 1.388400164614722598e-06 2.614963250380242243e-06 1.955825382538023405e-06 1.722578076623904053e-06 7.472434617739054374e-07 2.438552257899573306e-07 1.633139845580444671e-07 3.033572326671674091e-08 1.410593881701061036e-07 1.062067440216196701e-06 6.162142653920454904e-07 1.388400164614722598e-06 2.614963250380242243e-06 1.955825382538023405e-06 1.722578076623904053e-06 7.472434617739054374e-07 2.438552257899573306e-07 1.633139845580444671e-07 3.033572326671674091e-08 1.410593881701061036e-07 1.062067440216196701e-06 6.162142653920454904e-07
8.400000000000000000e+04 9.586069609213154763e-07 1.025116489472566172e-06 1.104265265894355252e-06 7.415158620460715611e-07 9.245228511645109393e-07 3.708449014538928168e-07 9.515085253042343538e-08 1.109757352679707765e-08 1.112739909103765967e-07 1.075651198334526271e-06 1.164424112687356683e-09 9.586069609213154763e-07 1.025116489472566172e-06 1.104265265894355252e-06 7.415158620460715611e-07 9.245228511645109393e-07 3.708449014538928168e-07 9.515085253042343538e-08 1.109757352679707765e-08 1.112739909103765967e-07 1.075651198334526271e-06 1.164424112687356683e-09
8.500000000000000000e+04 9.057210377250157762e-07 8.061476819420931861e-07 9.006329833027848508e-07 7.594700832669332158e-07 5.809443450743856374e-07 1.898579142789458274e-07 7.217507658197064302e-08 9.261492550649563782e-08 8.523160488493886078e-08 1.027513235385413282e-06 2.594726389304469194e-08 9.057210377250157762e-07 8.061476819420931861e-07 9.006329833027848508e-07 7.594700832669332158e-07 5.809443450743856374e-07 1.898579142789458274e-07 7.217507658197064302e-08 9.261492550649563782e-08 8.523160488493886078e-08 1.027513235385413282e-06 2.594726389304469194e-08
8.600000000000000000e+04 9.117800914282270242e-07 1.337527351097378414e-06 1.661908868300088216e-06 1.108458832277392503e-06 6.793292186557664536e-07 7.189725579337391537e-07 1.376754852344674873e-07 1.233255829902191181e-06 2.035860404703271342e-07 1.531012344457849395e-06 1.724702514138698461e-07 9.117800914282270242e-07 1.337527351097378414e-06 1.661908868300088216e-06 1.108458832277392503e-06 6.793292186557664536e-07 7.189725579337391537e-07 1.376754852344674873e-07 1.233255829902191181e-06 2.035860404703271342e-07 1.531012344457849395e-06 1.724702514138698461e-07
8.700000000000000000e+04 8.273001412817393430e-07 1.374625412609020714e-06 1.224479092343244702e-06 1.030924408951250371e-06 6.082386221351043787e-07 1.748581865967935300e-07 1.467211632188991643e-07 1.229770845156963333e-07 1.311291129013625323e-07 1.086454062715347391e-06 2.844859068318328355e-07 8.273001412817393430e-07 1.374625412609020714e-06 1.224479092343244702e-06 1.030924408951250371e-06 6.082386221351043787e-07 1.748581865967935300e-07 1.467211632188991643e-07 1.229770845156963333e-07 1.311291129013625323e-07 1.086454062715347391e-06 2.844859068318328355e-07
8.800000000000000000e+04 5.933090506005100906e-06 2.300558298884425312e-05 9.303358638135250658e-06 9.117963600147049874e-06 2.733401061050244607e-06 4.142209490964887664e-06 2.175823254901843029e-07 3.080671149291447364e-06 5.219037575443508103e-07 3.151171540594077669e-06 3.260419134676340036e-06 5.933090506005100906e-06 2.300558298884425312e-05 9.303358638135250658e-06 9.117963600147049874e-06 2.733401061050244607e-06 4.142209490964887664e-06 2.175823254901843029e-07 3.080671149291447364e-06 5.219037575443508103e-07 3.151171540594077669e-06 3.260419134676340036e-06
8.900000000000000000e+04 8.070739568211138248e-06 2.630894960020668805e-05 1.915659049700479954e-05 2.039414539467543364e-05 3.625106046456494369e-06 9.819437991609447636e-07 4.455630460142856464e-07 5.024039182899286970e-06 3.506342807213513879e-07 2.936730197689030319e-06 3.173294089720002376e-06 8.070739568211138248e-06 2.630894960020668805e-05 1.915659049700479954e-05 2.039414539467543364e-05 3.625106046456494369e-06 9.819437991609447636e-07 4.455630460142856464e-07 5.024039182899286970e-06 3.506342807213513879e-07 2.936730197689030319e-06 3.173294089720002376e-06
9.000000000000000000e+04 1.439531729374721181e-06 2.584675712569151074e-06 1.962304622793453746e-06 1.486434143771475647e-06 1.875663315331621561e-06 5.962359068689693231e-07 1.463306773530348437e-07 6.530063387799600605e-07 1.450438560368638719e-07 1.143035092354693916e-06 1.289871391918495647e-07 1.439531729374721181e-06 2.584675712569151074e-06 1.962304622793453746e-06 1.486434143771475647e-06 1.875663315331621561e-06 5.962359068689693231e-07 1.463306773530348437e-07 6.530063387799600605e-07 1.450438560368638719e-07 1.143035092354693916e-06 1.289871391918495647e-07
9.100000000000000000e+04 8.324562941197655164e-07 1.084457039723929483e-06 1.043671431943948846e-06 9.399648206454003230e-07 5.107482365929172374e-07 2.179301930027577328e-07 5.869682340176041180e-08 5.159047944403027941e-08 7.252232592236396158e-08 9.849871958067524247e-07 3.104338475168333389e-08 8.324562941197655164e-07 1.084457039723929483e-06 1.043671431943948846e-06 9.399648206454003230e-07 5.107482365929172374e-07 2.179301930027577328e-07 5.869682340176041180e-08 5.159047944403027941e-08 7.252232592236396158e-08 9.849871958067524247e-07 3.104338475168333389e-08
9.200000000000000000e+04 6.466709123742475640e-07 7.486594881811470259e-07 7.311901981665869243e-07 6.227950279935612343e-07 6.242282779567176476e-07 2.643642744715180015e-07 6.655537276856193785e-08 8.490951053374828916e-09 7.862722384288645117e-08 9.871419024420902133e-07 1.710926511577781639e-08 6.466709123742475640e-07 7.486594881811470259e-07 7.311901981665869243e-07 6.227950279935612343e-07 6.242282779567176476e-07 2.643642744715180015e-07 6.655537276856193785e-08 8.490951053374828916e-09 7.862722384288645117e-08 9.871419024420902133e-07 1.710926511577781639e-08
9.300000000000000000e+04 1.149918716691900045e-06 1.447910904062155169e-06 1.550824890728108585e-06 1.391441060150100384e-06 7.123222189875377808e-07 2.223969204351305962e-07 1.456100875429910957e-07 1.582872855010464264e-08 1.403296749913351960e-07 9.344400950794806704e-07 2.225957871360151330e-07 1.149918716691900045e-06 1.447910904062155169e-06 1.550824890728108585e-06 1.391441060150100384e-06 7.123222189875377808e-07 2.223969204351305962e-07 1.456100875429910957e-07 1.582872855010464264e-08 1.403296749913351960e-07 9.344400950794806704e-07 2.225957871360151330e-07
9.400000000000000000e+04 1.064041839526908007e-06 8.718073445379559416e-07 7.711133775956113823e-07 6.905983696015027817e-07 8.473634807160124183e-07 3.495710245715599740e-07 9.859312655180474394e-08 3.462111237695353338e-07 9.546648271907542949e-08 9.678492460807319731e-07 5.225055943469669728e-10 1.064041839526908007e-06 8.718073445379559416e-07 7.711133775956113823e-07 6.905983696015027817e-07 8.473634807160124183e-07 3.495710245715599740e-07 9.859312655180474394e-08 3.462111237695353338e-07 9.546648271907542949e-08 9.678492460807319731e-07 5.225055943469669728e-10
9.500000000000000000e+04 6.847814688626385760e-07 9.370702969135891180e-07 8.818552146294678096e-07 7.552260967713664286e-07 4.938945608046196867e-07 1.946877148384373868e-07 6.999760415737910080e-08 1.848830777362309163e-08 8.303063481207573204e-08 9.017148272505437490e-07 9.490503316555987112e-08 6.847814688626385760e-07 9.370702969135891180e-07 8.818552146294678096e-07 7.552260967713664286e-07 4.938945608046196867e-07 1.946877148384373868e-07 6.999760415737910080e-08 1.848830777362309163e-08 8.303063481207573204e-08 9.017148272505437490e-07 9.490503316555987112e-08
9.600000000000000000e+04 5.457122824736870825e-06 1.692322621238417923e-05 9.618832336855120957e-06 1.101176167139783502e-05 1.256990572073846124e-06 3.862022026623890270e-07 8.457172384623845574e-08 4.098689601050864439e-07 1.082268283880694071e-07 1.070532903213461395e-06 5.513551059266319498e-06 5.457122824736870825e-06 1.692322621238417923e-05 9.618832336855120957e-06 1.101176167139783502e-05 1.256990572073846124e-06 3.862022026623890270e-07 8.457172384623845574e-08 4.098689601050864439e-07 1.082268283880694071e-07 1.070532903213461395e-06 5.513551059266319498e-06
9.700000000000000000e+04 1.170815153272997122e-06 1.040067672875011340e-06 1.564988110658305231e-06 1.162309899882529862e-06 4.975439651389024220e-07 1.499372785929153906e-07 6.642178362881168141e-08 7.528597478767551365e-08 9.199839468010395649e-08 9.177678066407679580e-07 1.196930732305645506e-08 1.170815153272997122e-06 1.040067672875011340e-06 1.564988110658305231e-06 1.162309899882529862e-06 4.975439651389024220e-07 1.499372785929153906e-07 6.642178362881168141e-08 7.528597478767551365e-08 9.199839468010395649e-08 9.177678066407679580e-07 1.196930732305645506e-08
9.800000000000000000e+04 5.782701464340789244e-07 7.315086349990451708e-07 7.140781690395670012e-07 6.582468472515756730e-07 4.021400172860012390e-07 1.541071128485782538e-07 5.323467533457915124e-08 5.522613477637605683e-09 7.055632522678934038e-08 8.727479325898457319e-07 4.400703801366034895e-08 5.782701464340789244e-07 7.315086349990451708e-07 7.140781690395670012e-07 6.582468472515756730e-07 4.021400172860012390e-07 1.541071128485782538e-07 5.323467533457915124e-08 5.522613477637605683e-09 7.055632522678934038e-08 8.727479325898457319e-07 4.400703801366034895e-08
9.900000000000000000e+04 6.067313620405911934e-07 7.017228540462383535e-07 6.809978003730066121e-07 6.023858531989390031e-07 4.434159279753657756e-07 1.686582464799357695e-07 4.793776042788522318e-08 1.020239626114971543e-08 5.587662244010971335e-08 8.921017524698982015e-07 1.757234713295474648e-08 6.067313620405911934e-07 7.017228540462383535e-07 6.809978003730066121e-07 6.023858531989390031e-07 4.434159279753657756e-07 1.686582464799357695e-07 4.793776042788522318e-08 1.020239626114971543e-08 5.587662244010971335e-08 8.921017524698982015e-07 1.757234713295474648e-08
1.000000000000000000e+05 1.455276105843950063e-06 9.937903087120503187e-07 1.236114826497214381e-06 1.054126869348692708e-06 7.843528919693198986e-07 3.110419015683874022e-07 7.549156322284034104e-08 9.189068350679008290e-08 9.385297516928403638e-08 1.008063236440648325e-06 3.940752080211495922e-08 1.455276105843950063e-06 9.937903087120503187e-07 1.236114826497214381e-06 1.054126869348692708e-06 7.843528919693198986e-07 3.110419015683874022e-07 7.549156322284034104e-08 9.189068350679008290e-08 9.385297516928403638e-08 1.008063236440648325e-06 3.940752080211495922e-08
1.010000000000000000e+05 5.744765871895651799e-07 6.952961371098353993e-07 6.328559152279922273e-07 5.628241979138692841e-07 4.331698448822862701e-07 1.985603574894412304e-07 5.783010692539392039e-08 5.511592959805966530e-09 7.366109144868460135e-08 8.898268788470886648e-07 8.757874425668887852e-10 5.744765871895651799e-07 6.952961371098353993e-07 6.328559152279922273e-07 5.628241979138692841e-07 4.331698448822862701e-07 1.985603574894412304e-07 5.783010692539392039e-08 5.511592959805966530e-09 7.366109144868460135e-08 8.898268788470886648e-07 8.757874425668887852e-10
1.020000000000000000e+05 2.493196461728075519e-06 4.613367764250142500e-06 2.695906005101278424e-06 3.636534756878972985e-06 1.086098791347467341e-06 2.637584373132995097e-07 6.568841115495160921e-08 9.883369784802198410e-07 8.906950910159139312e-08 9.599216355127282441e-07 1.418173724232474342e-06 2.493196461728075519e-06 4.613367764250142500e-06 2.695906005101278424e-06 3.636534756878972985e-06 1.086098791347467341e-06 2.637584373132995097e-07 6.568841115495160921e-08 9.883369784802198410e-07 8.906950910159139312e-08 9.599216355127282441e-07 1.418173724232474342e-06
1.030000000000000000e+05 1.130545683736272622e-06 4.305516085878480226e-06 3.537479415172128938e-06 3.641478315330459736e-06 5.207039066590368748e-07 1.434502081565369735e-07 1.368670439205743605e-07 1.216216674038150813e-07 1.105498057540899026e-07 8.877756272340775467e-07 1.288950329580984544e-06 1.130545683736272622e-06 4.305516085878480226e-06 3.537479415172128938e-06 3.641478315330459736e-06 5.207039066590368748e-07 1.434502081565369735e-07 1.368670439205743605e-07 1.216216674038150813e-07 1.105498057540899026e-07 8.877756272340775467e-07 1.288950329580984544e-06
1.040000000000000000e+05 6.602195412597211543e-07 1.013906739899539389e-06 9.080671929950767662e-07 8.911014219847857021e-07 3.696399346608814085e-07 1.511791083430580329e-07 5.006401337936949858e-08 1.588556131082441425e-08 5.694621307839042856e-08 8.623248959338525310e-07 1.496637196396477520e-07 6.602195412597211543e-07 1.013906739899539389e-06 9.080671929950767662e-07 8.911014219847857021e-07 3.696399346608814085e-07 1.511791083430580329e-07 5.006401337936949858e-08 1.588556131082441425e-08 5.694621307839042856e-08 8.623248959338525310e-07 1.496637196396477520e-07
1.050000000000000000e+05 1.348725731986633036e-06 2.714833044592523947e-06 2.257703044961090200e-06 1.675053567851136904e-06 5.596311893896199763e-07 2.442836546379112406e-07 4.362381034184181772e-08 1.866083643164984096e-08 7.010473979107700870e-08 8.741490660213457886e-07 2.246533767902292311e-07 1.348725731986633036e-06 2.714833044592523947e-06 2.257703044961090200e-06 1.675053567851136904e-06 5.596311893896199763e-07 2.442836546379112406e-07 4.362381034184181772e-08 1.866083643164984096e-08 7.010473979107700870e-08 8.741490660213457886e-07 2.246533767902292311e-07
1.060000000000000000e+05 2.515827645765966736e-06 2.410567276456276886e-06 1.268588448510854505e-06 1.644707140258105937e-06 1.274434112019662280e-06 3.921445284049696056e-07 5.511251544021433801e-08 1.222024934577348176e-06 7.304967652999039274e-08 1.089713691726501565e-06 4.790014713762502652e-07 2.515827645765966736e-06 2.410567276456276886e-06 1.268588448510854505e-06 1.644707140258105937e-06 1.274434112019662280e-06 3.921445284049696056e-07 5.511251544021433801e-08 1.222024934577348176e-06 7.304967652999039274e-08 1.089713691726501565e-06 4.790014713762502652e-07
1.070000000000000000e+05 5.284319286147365347e-06 2.645495669639785774e-06 1.333865952801716048e-06 1.550325009702646639e-06 6.607811542380659375e-07 3.960624042065319372e-07 1.146157089237931359e-07 2.146064446151285665e-07 1.271986462825225317e-07 1.012642542264075018e-06 1.520831816037571116e-08 5.284319286147365347e-06 2.645495669639785774e-06 1.333865952801716048e-06 1.550325009702646639e-06 6.607811542380659375e-07 3.960624042065319372e-07 1.146157089237931359e-07 2.146064446151285665e-07 1.271986462825225317e-07 1.012642542264075018e-06 1.520831816037571116e-08
1.080000000000000000e+05 5.869322194484993815e-06 5.720412900700466707e-06 6.182744073157664388e-06 4.644562068278901279e-06 2.186113761126762256e-06 6.705411124130478129e-07 2.695136345209903084e-07 4.918673539577866904e-07 4.195254064143227879e-07 1.222634409714373760e-06 4.346593129866960226e-07 5.869322194484993815e-06 5.720412900700466707e-06 6.182744073157664388e-06 4.644562068278901279e-06 2.186113761126762256e-06 6.705411124130478129e-07 2.695136345209903084e-07 4.918673539577866904e-07 4.195254064143227879e-07 1.222634409714373760e-06 4.346593129866960226e-07
1.090000000000000000e+05 2.681978912733029574e-06 1.403653072884480935e-06 1.333397449343465269e-06 1.441840936422522645e-06 8.536288191862695385e-07 2.877352187624637736e-07 1.382339718247749261e-07 1.701031777656680788e-07 1.475099651315758820e-07 1.037477886711712927e-06 2.392341684753773734e-07 2.681978912733029574e-06 1.403653072884480935e-06 1.333397449343465269e-06 1.441840936422522645e-06 8.536288191862695385e-07 2.877352187624637736e-07 1.382339718247749261e-07 1.701031777656680788e-07 1.475099651315758820e-07 1.037477886711712927e-06 2.392341684753773734e-07
1.100000000000000000e+05 1.752488628881110344e-06 4.118509878026088700e-06 3.275853941886452958e-06 2.672826894922764041e-06 6.011570121700060554e-07 1.658161039586047991e-07 6.731050206099098432e-08 3.849064000860380474e-08 1.075923989901639288e-07 8.576791401537775528e-07 8.113959779620927293e-07 1.752488628881110344e-06 4.118509878026088700e-06 3.275853941886452958e-06 2.672826894922764041e-06 6.011570121700060554e-07 1.658161039586047991e-07 6.731050206099098432e-08 3.849064000860380474e-08 1.075923989901639288e-07 8.576791401537775528e-07 8.113959779620927293e-07
1.110000000000000000e+05 6.581416300832643174e-07 1.751258423610124737e-06 6.632163263020629529e-07 6.452306706705712713e-07 5.823023911943892017e-07 1.910400726501393365e-07 1.353494525346832233e-07 6.679368880213587545e-07 1.032604330930553260e-07 9.838720416155410931e-07 2.138613552915558103e-08 6.581416300832643174e-07 1.751258423610124737e-06 6.632163263020629529e-07 6.452306706705712713e-07 5.823023911943892017e-07 1.910400726501393365e-07 1.353494525346832233e-07 6.679368880213587545e-07 1.032604330930553260e-07 9.838720416155410931e-07 2.138613552915558103e-08
1.120000000000000000e+05 6.211046638782136142e-06 1.604863791726529598e-05 9.748209777171723545e-06 8.518634786014445126e-06 1.465065565753320698e-06 3.041892000510415528e-07 4.720767421417804144e-08 6.445839062507729977e-08 1.711966461925840122e-07 8.576287200412480161e-07 3.248054099458386190e-06 6.211046638782136142e-06 1.604863791726529598e-05 9.748209777171723545e-06 8.518634786014445126e-06 1.465065565753320698e-06 3.041892000510415528e-07 4.720767421417804144e-08 6.445839062507729977e-08 1.711966461925840122e-07 8.576287200412480161e-07 3.248054099458386190e-06
1.130000000000000000e+05 8.014493459995719604e-07 1.165484036391717382e-06 7.929436947051726747e-07 8.794986001703364309e-07 7.084070716700807679e-07 1.368795921052878839e-07 6.274361652458537719e-08 2.458191090681793867e-07 9.942282019892445533e-08 8.810443432594183832e-07 1.577957675635843771e-07 8.014493459995719604e-07 1.165484036391717382e-06 7.929436947051726747e-07 8.794986001703364309e-07 7.084070716700807679e-07 1.368795921052878839e-07 6.274361652458537719e-08 2.458191090681793867e-07 9.942282019892445533e-08 8.810443432594183832e-07 1.577957675635843771e-07
1.140000000000000000e+05 2.474008852004772052e-06 2.507025101294857450e-06 1.015301563711545896e-06 9.327409316028933972e-07 2.550151066316175275e-06 1.028714223139104433e-06 1.619691403220713255e-07 1.131147087107819971e-06 1.698525267102013458e-07 1.086649490389390849e-06 1.205457955677502468e-09 2.474008852004772052e-06 2.507025101294857450e-06 1.015301563711545896e-06 9.327409316028933972e-07 2.550151066316175275e-06 1.028714223139104433e-06 1.619691403220713255e-07 1.131147087107819971e-06 1.698525267102013458e-07 1.086649490389390849e-06 1.205457955677502468e-09
1.150000000000000000e+05 7.403423296636901796e-07 1.646825239731697366e-06 9.636780760047258809e-07 1.093345872504869476e-06 3.130302275167196058e-07 2.229893851790620829e-07 5.268156755278141645e-08 1.501157065320057882e-08 4.767019134988004225e-08 7.798082606313982978e-07 2.995587919940589927e-07 7.403423296636901796e-07 1.646825239731697366e-06 9.636780760047258809e-07 1.093345872504869476e-06 3.130302275167196058e-07 2.229893851790620829e-07 5.268156755278141645e-08 1.501157065320057882e-08 4.767019134988004225e-08 7.798082606313982978e-07 2.995587919940589927e-07
1.160000000000000000e+05 5.493291155289625749e-07 5.816763746224751230e-07 5.664927016368892509e-07 5.322888227965449914e-07 2.900918900650140131e-07 1.189623404229678272e-07 7.732439399887880427e-08 3.136130644065815432e-08 1.079136069392916397e-07 9.872893542706151493e-07 2.823598244106051425e-09 5.493291155289625749e-07 5.816763746224751230e-07 5.664927016368892509e-07 5.322888227965449914e-07 2.900918900650140131e-07 1.189623404229678272e-07 7.732439399887880427e-08 3.136130644065815432e-08 1.079136069392916397e-07 9.872893542706151493e-07 2.823598244106051425e-09
1.170000000000000000e+05 7.513760351685050409e-07 7.799528134455613326e-07 6.516429493785835803e-07 6.144690019027621020e-07 3.137551232157420600e-07 1.188575211585884972e-07 4.355866067839997413e-08 7.193168283237127980e-09 4.307453949081718747e-08 7.716886329944827594e-07 6.040768596449197503e-08 7.513760351685050409e-07 7.799528134455613326e-07 6.516429493785835803e-07 6.144690019027621020e-07 3.137551232157420600e-07 1.188575211585884972e-07 4.355866067839997413e-08 7.193168283237127980e-09 4.307453949081718747e-08 7.716886329944827594e-07 6.040768596449197503e-08
1.180000000000000000e+05 1.601401663720025681e-06 2.340139872103463858e-06 1.938014747793204151e-06 1.677270461186708417e-06 4.315426735956862103e-07 3.306954567960929126e-07 4.109618245706769812e-08 1.644170666281752347e-08 5.814972325879352866e-08 8.306916470246505924e-07 4.328143461407307768e-07 1.601401663720025681e-06 2.340139872103463858e-06 1.938014747793204151e-06 1.677270461186708417e-06 4.315426735956862103e-07 3.306954567960929126e-07 4.109618245706769812e-08 1.644170666281752347e-08 5.814972325879352866e-08 8.306916470246505924e-07 4.328143461407307768e-07
1.190000000000000000e+05 2.053240677923895419e-06 2.911629053414799273e-06 2.397364596617990173e-06 1.981952891583205201e-06 4.695822326539200731e-07 1.208897231208538869e-07 5.091271759738447145e-08 1.288759818862672546e-07 6.056279033828104730e-08 7.848258292142418213e-07 6.274476618273183703e-07 2.053240677923895419e-06 2.911629053414799273e-06 2.397364596617990173e-06 1.981952891583205201e-06 4.695822326539200731e-07 1.208897231208538869e-07 5.091271759738447145e-08 1.288759818862672546e-07 6.056279033828104730e-08 7.848258292142418213e-07 6.274476618273183703e-07
1.200000000000000000e+05 4.715223553830583114e-07 5.656111170537769794e-07 5.572473469328542706e-07 5.631387693938449956e-07 2.586010054983489681e-07 1.126544972862575378e-07 2.986052649589510111e-08 9.019621494132934458e-09 3.797063286015145422e-08 7.509253237003576942e-07 3.275719961948198033e-08 4.715223553830583114e-07 5.656111170537769794e-07 5.572473469328542706e-07 5.631387693938449956e-07 2.586010054983489681e-07 1.126544972862575378e-07 2.986052649589510111e-08 9.019621494132934458e-09 3.797063286015145422e-08 7.509253237003576942e-07 3.275719961948198033e-08
1.210000000000000000e+05 3.876106802636059001e-06 9.309173947258386761e-06 4.890621767117409036e-06 4.950812581228092313e-06 8.880462019078549929e-07 2.005768777735283948e-07 1.149579276216172730e-07 3.244262458679258998e-08 1.245942655714316061e-07 7.535610393460956402e-07 2.462798875058069825e-06 3.876106802636059001e-06 9.309173947258386761e-06 4.890621767117409036e-06 4.950812581228092313e-06 8.880462019078549929e-07 2.005768777735283948e-07 1.149579276216172730e-07 3.244262458679258998e-08 1.245942655714316061e-07 7.535610393460956402e-07 2.462798875058069825e-06
1.220000000000000000e+05 9.513260579296911601e-07 1.734585453050385695e-06 1.440075266145868227e-06 1.442413349650450982e-06 4.912894837616477162e-07 1.399806990320939803e-07 5.590060325744161673e-08 3.863847908291972999e-08 5.212786291508564318e-08 8.027536182453332003e-07 3.719108576660801191e-07 9.513260579296911601e-07 1.734585453050385695e-06 1.440075266145868227e-06 1.442413349650450982e-06 4.912894837616477162e-07 1.399806990320939803e-07 5.590060325744161673e-08 3.863847908291972999e-08 5.212786291508564318e-08 8.027536182453332003e-07 3.719108576660801191e-07
1.230000000000000000e+05 7.737007763353176415e-07 8.130011792673030868e-07 7.265318231475248467e-07 6.303840791588299908e-07 6.872862172713212203e-07 2.388850077750248602e-07 9.778435838825316750e-08 1.792329129557401757e-07 1.022543543172105274e-07 7.870647777963313274e-07 4.287655031021131435e-08 7.737007763353176415e-07 8.130011792673030868e-07 7.265318231475248467e-07 6.303840791588299908e-07 6.872862172713212203e-07 2.388850077750248602e-07 9.778435838825316750e-08 1.792329129557401757e-07 1.022543543172105274e-07 7.870647777963313274e-07 4.287655031021131435e-08
1.240000000000000000e+05 1.199849748445558362e-06 3.664098358058254234e-06 1.755394350766437128e-06 2.763960992524516769e-06 6.639879188696795609e-07 1.091472014991268225e-07 5.465753361022507306e-08 8.526864121449762024e-07 4.191439018086384749e-08 9.779826086742104962e-07 8.641451358926133253e-07 1.199849748445558362e-06 3.664098358058254234e-06 1.755394350766437128e-06 2.763960992524516769e-06 6.639879188696795609e-07 1.091472014991268225e-07 5.465753361022507306e-08 8.526864121449762024e-07 4.191439018086384749e-08 9.779826086742104962e-07 8.641451358926133253e-07
1.250000000000000000e+05 1.559768747938505840e-06 2.248734062959556468e-06 1.456351355955121107e-06 1.637083755667845253e-06 8.734941161492315587e-07 5.835221372763044201e-07 9.180987348145208671e-08 7.373913746278049075e-08 9.198806338872600463e-08 8.953293217928148806e-07 4.727926352643407881e-07 1.559768747938505840e-06 2.248734062959556468e-06 1.456351355955121107e-06 1.637083755667845253e-06 8.734941161492315587e-07 5.835221372763044201e-07 9.180987348145208671e-08 7.373913746278049075e-08 9.198806338872600463e-08 8.953293217928148806e-07 4.727926352643407881e-07
1.260000000000000000e+05 7.034344662315561436e-07 8.519449465893558227e-07 8.749358926252170932e-07 7.998660862540418748e-07 3.137042483558616368e-07 1.389225445791453240e-07 4.210679094285296742e-08 7.198871543323548394e-08 4.456340008118786500e-08 7.395290708700485993e-07 9.575158088637181208e-08 7.034344662315561436e-07 8.519449465893558227e-07 8.749358926252170932e-07 7.998660862540418748e-07 3.137042483558616368e-07 1.389225445791453240e-07 4.210679094285296742e-08 7.198871543323548394e-08 4.456340008118786500e-08 7.395290708700485993e-07 9.575158088637181208e-08
1.270000000000000000e+05 1.316622274316614494e-06 1.208170829158916604e-06 1.368972220916475635e-06 1.224173388436611276e-06 4.203567414151621051e-07 4.562537583296943922e-07 3.512257151783160225e-08 2.010114741324287024e-08 7.648658595371671254e-08 8.200811976166733075e-07 2.301103450008668005e-07 1.316622274316614494e-06 1.208170829158916604e-06 1.368972220916475635e-06 1.224173388436611276e-06 4.203567414151621051e-07 4.562537583296943922e-07 3.512257151783160225e-08 2.010114741324287024e-08 7.648658595371671254e-08 8.200811976166733075e-07 2.301103450008668005e-07
1.280000000000000000e+05 5.681449124494974967e-07 8.699302043169154786e-07 8.361436130144284107e-07 7.795326837367611006e-07 3.769645218199002557e-07 1.769947033380958601e-07 5.598550600893759110e-08 2.556297573619303876e-08 6.037433308847539593e-08 7.340624961216235533e-07 3.340766951964724285e-08 5.681449124494974967e-07 8.699302043169154786e-07 8.361436130144284107e-07 7.795326837367611006e-07 3.769645218199002557e-07 1.769947033380958601e-07 5.598550600893759110e-08 2.556297573619303876e-08 6.037433308847539593e-08 7.340624961216235533e-07 3.340766951964724285e-08
1.290000000000000000e+05 1.168361791314964648e-06 1.972683776330086403e-06 1.765852630342124030e-06 1.793018554963055067e-06 4.356532485871866811e-07 4.323424889207672095e-07 8.112597527087928029e-08 5.164935501511536131e-08 8.808952856043106294e-08 8.426496833635610528e-07 1.426908795565395849e-07 1.168361791314964648e-06 1.972683776330086403e-06 1.765852630342124030e-06 1.793018554963055067e-06 4.356532485871866811e-07 4.323424889207672095e-07 8.112597527087928029e-08 5.164935501511536131e-08 8.808952856043106294e-08 8.426496833635610528e-07 1.426908795565395849e-07
1.300000000000000000e+05 4.986789576832961757e-07 7.205499059637077153e-07 6.947577730898046866e-07 6.243648158488213085e-07 2.590452368167461827e-07 9.991128280262273620e-08 2.677264454575833952e-08 1.914243163980700047e-08 3.721213559515490488e-08 7.136957265174714848e-07 6.800116025829083810e-10 4.986789576832961757e-07 7.205499059637077153e-07 6.947577730898046866e-07 6.243648158488213085e-07 2.590452368167461827e-07 9.991128280262273620e-08 2.677264454575833952e-08 1.914243163980700047e-08 3.721213559515490488e-08 7.136957265174714848e-07 6.800116025829083810e-10
1.310000000000000000e+05 6.235395062503812369e-07 6.687188829346268903e-07 5.536681442208646331e-07 5.575665795731765684e-07 3.153647867293329909e-07 9.804403333646405372e-08 3.907440415673590905e-08 2.340068583350785048e-08 3.730515985012061719e-08 7.206340342236217111e-07 3.857190478129268740e-08 6.235395062503812369e-07 6.687188829346268903e-07 5.536681442208646331e-07 5.575665795731765684e-07 3.153647867293329909e-07 9.804403333646405372e-08 3.907440415673590905e-08 2.340068583350785048e-08 3.730515985012061719e-08 7.206340342236217111e-07 3.857190478129268740e-08
1.320000000000000000e+05 8.386924719161470421e-07 1.764210082910722122e-06 1.379258037559338845e-06 1.721532839837891515e-06 2.726466163949226029e-07 2.192146979496101267e-07 5.367464339656180528e-08 2.502106895008182619e-07 4.086714611162278743e-08 7.786255764585803263e-07 3.452182681940030307e-07 8.386924719161470421e-07 1.764210082910722122e-06 1.379258037559338845e-06 1.721532839837891515e-06 2.726466163949226029e-07 2.192146979496101267e-07 5.367464339656180528e-08 2.502106895008182619e-07 4.086714611162278743e-08 7.786255764585803263e-07 3.452182681940030307e-07
1.330000000000000000e+05 3.167741169818327762e-06 3.300967591712833382e-06 2.014185611187713221e-06 1.859588337538298219e-06 5.771942142018815503e-07 3.295665464975172654e-07 3.653005009596199670e-08 6.899014692862692755e-09 6.878402558641028008e-08 7.890295705692551564e-07 4.620752349637768930e-07 3.167741169818327762e-06 3.300967591712833382e-06 2.014185611187713221e-06 1.859588337538298219e-06 5.771942142018815503e-07 3.295665464975172654e-07 3.653005009596199670e-08 6.899014692862692755e-09 6.878402558641028008e-08 7.890295705692551564e-07 4.620752349637768930e-07
1.340000000000000000e+05 7.262714802891423460e-07 6.192716455188929103e-07 7.144696496652613860e-07 6.252956836760859005e-07 2.623238799515092978e-07 1.306612773532833671e-07 3.390180580709056812e-08 1.885716045535446028e-07 3.569043016682371672e-08 7.962510153447510675e-07 3.809433657409044827e-09 7.262714802891423460e-07 6.192716455188929103e-07 7.144696496652613860e-07 6.252956836760859005e-07 2.623238799515092978e-07 1.306612773532833671e-07 3.390180580709056812e-08 1.885716045535446028e-07 3.569043016682371672e-08 7.962510153447510675e-07 3.809433657409044827e-09
1.350000000000000000e+05 7.629311653545300942e-07 5.302869681145239156e-07 6.932453970875940286e-07 6.355651294143171981e-07 2.565749070981837576e-07 9.528651645496211131e-08 2.528288511882692546e-08 1.004112633040676883e-07 2.799926512864203687e-08 6.983593721088254824e-07 7.163691861933330074e-09 7.629311653545300942e-07 5.302869681145239156e-07 6.932453970875940286e-07 6.355651294143171981e-07 2.565749070981837576e-07 9.528651645496211131e-08 2.528288511882692546e-08 1.004112633040676883e-07 2.799926512864203687e-08 6.983593721088254824e-07 7.163691861933330074e-09
1.360000000000000000e+05 1.666711909820151050e-06 2.605687313916860148e-06 2.404157839919207618e-06 1.794214767869561911e-06 4.797760766450664960e-07 2.936302792022615904e-07 3.606990262028375582e-08 1.184551905453190557e-07 8.172582965926267207e-08 8.733466074772877619e-07 6.158534660016812268e-08 1.666711909820151050e-06 2.605687313916860148e-06 2.404157839919207618e-06 1.794214767869561911e-06 4.797760766450664960e-07 2.936302792022615904e-07 3.606990262028375582e-08 1.184551905453190557e-07 8.172582965926267207e-08 8.733466074772877619e-07 6.158534660016812268e-08
1.370000000000000000e+05 8.565357347833923995e-07 8.473755315208109096e-07 7.033774522824387532e-07 8.664668484925641678e-07 3.786718707488034852e-07 1.019746065367144183e-07 3.331064846179287997e-08 3.134737482923810603e-07 3.597982711767144792e-08 7.065311820042552426e-07 1.232301940490287961e-07 8.565357347833923995e-07 8.473755315208109096e-07 7.033774522824387532e-07 8.664668484925641678e-07 3.786718707488034852e-07 1.019746065367144183e-07 3.331064846179287997e-08 3.134737482923810603e-07 3.597982711767144792e-08 7.065311820042552426e-07 1.232301940490287961e-07
1.380000000000000000e+05 2.071559038085979410e-06 3.363628820807207376e-06 2.223711135229677893e-06 1.950975502040819265e-06 5.553876007979852147e-07 2.201450399752502562e-07 6.847431421874716762e-08 3.810152549021950108e-08 8.773553616947538103e-08 7.201680887192196678e-07 7.240071795422409195e-07 2.071559038085979410e-06 3.363628820807207376e-06 2.223711135229677893e-06 1.950975502040819265e-06 5.553876007979852147e-07 2.201450399752502562e-07 6.847431421874716762e-08 3.810152549021950108e-08 8.773553616947538103e-08 7.201680887192196678e-07 7.240071795422409195e-07
1.390000000000000000e+05 1.718300154607277364e-06 3.162737129969173111e-06 1.938402647283510305e-06 1.983683205253328197e-06 4.225777843203104567e-07 1.685252755123656243e-07 2.789484021548105375e-08 7.504170618233274581e-09 5.956008308771743032e-08 6.990592851252586115e-07 6.345496785797877237e-07 1.718300154607277364e-06 3.162737129969173111e-06 1.938402647283510305e-06 1.983683205253328197e-06 4.225777843203104567e-07 1.685252755123656243e-07 2.789484021548105375e-08 7.504170618233274581e-09 5.956008308771743032e-08 6.990592851252586115e-07 6.345496785797877237e-07
1.400000000000000000e+05 8.166031193468370475e-07 7.951595080157858320e-07 6.570380151060817298e-07 6.699727350678585935e-07 2.465859836320305476e-07 1.619900587002121028e-07 2.399765541838405625e-08 6.617268155650890549e-08 2.921513164722000511e-08 7.074899031067616306e-07 1.496406554224449792e-09 8.166031193468370475e-07 7.951595080157858320e-07 6.570380151060817298e-07 6.699727350678585935e-07 2.465859836320305476e-07 1.619900587002121028e-07 2.399765541838405625e-08 6.617268155650890549e-08 2.921513164722000511e-08 7.074899031067616306e-07 1.496406554224449792e-09
1.410000000000000000e+05 3.944453510484891012e-06 1.124003847507992759e-05 5.325007350620580837e-06 6.904506335558835417e-06 5.707709078706102446e-07 1.988023996091214940e-06 5.662503212988667656e-07 1.218447096107411198e-06 5.825792754876601975e-07 1.738183755151112564e-06 1.345037162536755204e-06 3.944453510484891012e-06 1.124003847507992759e-05 5.325007350620580837e-06 6.904506335558835417e-06 5.707709078706102446e-07 1.988023996091214940e-06 5.662503212988667656e-07 1.218447096107411198e-06 5.825792754876601975e-07 1.738183755151112564e-06 1.345037162536755204e-06
1.420000000000000000e+05 5.292307605486712418e-07 7.656661864530178718e-07 8.599848229096096475e-07 7.917049629213579465e-07 2.211290848208591342e-07 1.306658248267922318e-07 2.192976289450143668e-08 1.273479011132394589e-08 2.816814870243433688e-08 6.678263844150933437e-07 1.770692392710770946e-08 5.292307605486712418e-07 7.656661864530178718e-07 8.599848229096096475e-07 7.917049629213579465e-07 2.211290848208591342e-07 1.306658248267922318e-07 2.192976289450143668e-08 1.273479011132394589e-08 2.816814870243433688e-08 6.678263844150933437e-07 1.770692392710770946e-08
1.430000000000000000e+05 5.241206508799223229e-06 6.186686277942499146e-06 4.700646513811079785e-06 3.952679435315076262e-06 1.001112082121835556e-06 1.507076348161717760e-07 9.920461252477252856e-08 2.145027480082717375e-07 1.106199079003999941e-07 8.630641445961373392e-07 1.332279111920797732e-06 5.241206508799223229e-06 6.186686277942499146e-06 4.700646513811079785e-06 3.952679435315076262e-06 1.001112082121835556e-06 1.507076348161717760e-07 9.920461252477252856e-08 2.145027480082717375e-07 1.106199079003999941e-07 8.630641445961373392e-07 1.332279111920797732e-06
1.440000000000000000e+05 3.997308340331073850e-06 9.495945050730369985e-06 4.618646926246583462e-06 5.569402674154844135e-06 7.120017926354194060e-07 1.820089892135001719e-07 4.973268730168456386e-08 3.909159929094130348e-08 5.021160376372790779e-08 7.246297286656044889e-07 2.710925855353707448e-06 3.997308340331073850e-06 9.495945050730369985e-06 4.618646926246583462e-06 5.569402674154844135e-06 7.120017926354194060e-07 1.820089892135001719e-07 4.973268730168456386e-08 3.909159929094130348e-08 5.021160376372790779e-08 7.246297286656044889e-07 2.710925855353707448e-06
1.450000000000000000e+05 6.403007546396111138e-07 1.277189085158170201e-06 1.344536940450780094e-06 1.321062768511183094e-06 2.384466029070608784e-07 1.529133868416465702e-07 4.468087766440476116e-08 1.153781639118278690e-07 4.232781236623850418e-08 6.689124347758479416e-07 1.176250847834126034e-07 6.403007546396111138e-07 1.277189085158170201e-06 1.344536940450780094e-06 1.321062768511183094e-06 2.384466029070608784e-07 1.529133868416465702e-07 4.468087766440476116e-08 1.153781639118278690e-07 4.232781236623850418e-08 6.689124347758479416e-07 1.176250847834126034e-07
1.460000000000000000e+05 1.219875343849707860e-06 3.524118255882058293e-06 1.456406039324065205e-06 1.535995693302538712e-06 3.239620411932264687e-07 1.368145490232564043e-07 4.263350916744457209e-08 1.114736658536230607e-08 4.981313850294100121e-08 6.136943966339458711e-07 6.376873216140666045e-07 1.219875343849707860e-06 3.524118255882058293e-06 1.456406039324065205e-06 1.535995693302538712e-06 3.239620411932264687e-07 1.368145490232564043e-07 4.263350916744457209e-08 1.114736658536230607e-08 4.981313850294100121e-08 6.136943966339458711e-07 6.376873216140666045e-07
1.470000000000000000e+05 5.120286346027569380e-07 5.448504794003383722e-07 5.467406936077168211e-07 5.857829705746553373e-07 2.152774101205068291e-07 1.155167055344463733e-07 2.521563047253039258e-08 4.242848206104099518e-08 2.671114351926462405e-08 6.365731906043947674e-07 1.838751373384184262e-08 5.120286346027569380e-07 5.448504794003383722e-07 5.467406936077168211e-07 5.857829705746553373e-07 2.152774101205068291e-07 1.155167055344463733e-07 2.521563047253039258e-08 4.242848206104099518e-08 2.671114351926462405e-08 6.365731906043947674e-07 1.838751373384184262e-08
1.480000000000000000e+05 4.431244065017381217e-07 5.754827157034014817e-07 5.368116831050429028e-07 5.730821044380718376e-07 2.338354647690721322e-07 1.475008986062675831e-07 3.161542849738907535e-08 3.511123614075017940e-09 3.691109284886806563e-08 6.444382734116516076e-07 5.144979908777713717e-08 4.431244065017381217e-07 5.754827157034014817e-07 5.368116831050429028e-07 5.730821044380718376e-07 2.338354647690721322e-07 1.475008986062675831e-07 3.161542849738907535e-08 3.511123614075017940e-09 3.691109284886806563e-08 6.444382734116516076e-07 5.144979908777713717e-08
1.490000000000000000e+05 3.446481571245385567e-07 3.723124564203317277e-07 4.384301064419560134e-07 4.315677131216943962e-07 1.827700089052086696e-07 7.719881978118792176e-08 2.280954802813539573e-08 5.446497031158514801e-09 2.910121210675242764e-08 6.155772211968724150e-07 1.945466010511154309e-11 3.446481571245385567e-07 3.723124564203317277e-07 4.384301064419560134e-07 4.315677131216943962e-07 1.827700089052086696e-07 7.719881978118792176e-08 2.280954802813539573e-08 5.446497031158514801e-09 2.910121210675242764e-08 6.155772211968724150e-07 1.945466010511154309e-11
1.500000000000000000e+05 3.830557943729218096e-06 5.544666692003374919e-06 3.736035296242334880e-06 3.556985348041052930e-06 7.207899557215569075e-07 2.803541008233878529e-07 4.713826839974899485e-08 6.158451526516728336e-08 5.162311822459741961e-08 7.568836508653475903e-07 1.425067239324562252e-06 3.830557943729218096e-06 5.544666692003374919e-06 3.736035296242334880e-06 3.556985348041052930e-06 7.207899557215569075e-07 2.803541008233878529e-07 4.713826839974899485e-08 6.158451526516728336e-08 5.162311822459741961e-08 7.568836508653475903e-07 1.425067239324562252e-06
