# x y true_fields pred_fields error_fields
1.111111119389533997e-01 1.111111119389533997e-01 5.199013277888298035e-03 1.834546960890293121e-02 1.250389814376831055e-01 2.070720046758651733e-01 1.798106543719768524e-02 6.730788946151733398e-01 3.371332585811614990e-01 8.666957616806030273e-01 2.853902578353881836e-01 5.254730116575956345e-03 1.795241236686706543e-02 1.475099772214889526e-01 2.149283885955810547e-01 1.541155949234962463e-02 7.979176044464111328e-01 2.704282104969024658e-01 7.289350032806396484e-01 3.477422297000885010e-01 5.571683868765830994e-05 -3.930572420358657837e-04 2.247099578380584717e-02 7.856383919715881348e-03 -2.569505944848060608e-03 1.248387098312377930e-01 -6.670504808425903320e-02 -1.377607583999633789e-01 6.235197186470031738e-02
2.222222238779067993e-01 1.111111119389533997e-01 9.770948439836502075e-03 1.976666413247585297e-02 1.226828992366790771e-01 2.188857495784759521e-01 2.825987152755260468e-02 6.764907240867614746e-01 3.351877033710479736e-01 8.630257844924926758e-01 2.873768210411071777e-01 9.289987385272979736e-03 1.926612108945846558e-02 1.442055553197860718e-01 2.263779044151306152e-01 2.515013515949249268e-02 7.643681168556213379e-01 2.865401506423950195e-01 7.641360163688659668e-01 3.333839178085327148e-01 -4.809610545635223389e-04 -5.005430430173873901e-04 2.152265608310699463e-02 7.492154836654663086e-03 -3.109736368060112000e-03 8.787739276885986328e-02 -4.864755272865295410e-02 -9.888976812362670898e-02 4.600709676742553711e-02
3.333333432674407959e-01 1.111111119389533997e-01 1.316436287015676498e-02 2.072950266301631927e-02 1.121711805462837219e-01 2.217943072319030762e-01 3.496995195746421814e-02 6.753002405166625977e-01 3.329732418060302734e-01 8.579144477844238281e-01 2.882634401321411133e-01 1.253677159547805786e-02 2.034162357449531555e-02 1.308801919221878052e-01 2.288784533739089966e-01 3.228525817394256592e-02 7.396587133407592773e-01 3.006914556026458740e-01 7.944229245185852051e-01 3.209933638572692871e-01 -6.275912746787071228e-04 -3.878790885210037231e-04 1.870901137590408325e-02 7.084146142005920410e-03 -2.684693783521652222e-03 6.435847282409667969e-02 -3.228178620338439941e-02 -6.349152326583862305e-02 3.272992372512817383e-02
4.444444477558135986e-01 1.111111119389533997e-01 1.496996171772480011e-02 2.112803980708122253e-02 9.492533653974533081e-02 2.160123586654663086e-01 3.757469728589057922e-02 6.699374318122863770e-01 3.315275609493255615e-01 8.537524342536926270e-01 2.876039445400238037e-01 1.436231285333633423e-02 2.085803821682929993e-02 1.096947342157363892e-01 2.215960770845413208e-01 3.490007296204566956e-02 7.183246612548828125e-01 3.075443506240844727e-01 8.074052929878234863e-01 3.126647472381591797e-01 -6.076488643884658813e-04 -2.700015902519226074e-04 1.476939767599105835e-02 5.583718419075012207e-03 -2.674624323844909668e-03 4.838722944259643555e-02 -2.398321032524108887e-02 -4.634714126586914062e-02 2.506080269813537598e-02
5.555555820465087891e-01 1.111111119389533997e-01 1.496995985507965088e-02 2.095914073288440704e-02 7.373087853193283081e-02 2.037989944219589233e-01 3.596707433462142944e-02 6.622116565704345703e-01 3.315276801586151123e-01 8.523445725440979004e-01 2.854802906513214111e-01 1.438409090042114258e-02 2.072824910283088684e-02 8.478234708309173584e-02 2.056422531604766846e-01 3.273066133260726929e-02 6.926838159561157227e-01 3.059576153755187988e-01 8.000754117965698242e-01 3.074938654899597168e-01 -5.858689546585083008e-04 -2.308916300535202026e-04 1.105146855115890503e-02 1.843258738517761230e-03 -3.236413002014160156e-03 3.047215938568115234e-02 -2.557006478309631348e-02 -5.226916074752807617e-02 2.201357483863830566e-02
6.666666865348815918e-01 1.111111119389533997e-01 1.316436100751161575e-02 2.030183561146259308e-02 5.216872319579124451e-02 1.884678602218627930e-01 3.032080642879009247e-02 6.557849049568176270e-01 3.329736888408660889e-01 8.543267250061035156e-01 2.828742265701293945e-01 1.257464289665222168e-02 2.012472972273826599e-02 6.047796830534934998e-02 1.827341169118881226e-01 2.703720703721046448e-02 6.608688235282897949e-01 2.984974384307861328e-01 7.783113121986389160e-01 3.037151396274566650e-01 -5.897181108593940735e-04 -1.771058887243270874e-04 8.309245109558105469e-03 -5.733743309974670410e-03 -3.283599391579627991e-03 5.083918571472167969e-03 -3.447625041007995605e-02 -7.601541280746459961e-02 2.084091305732727051e-02
7.777777910232543945e-01 1.111111119389533997e-01 9.770944714546203613e-03 1.928033865988254547e-02 3.368616476655006409e-02 1.730692386627197266e-01 2.108961716294288635e-02 6.554397940635681152e-01 3.351891338825225830e-01 8.591177463531494141e-01 2.815416753292083740e-01 9.224504232406616211e-03 1.921974867582321167e-02 4.050597175955772400e-02 1.640566885471343994e-01 1.889206469058990479e-02 6.368072032928466797e-01 2.969655096530914307e-01 7.710419297218322754e-01 2.982011139392852783e-01 -5.464404821395874023e-04 -6.058998405933380127e-05 6.819806993007659912e-03 -9.012550115585327148e-03 -2.197552472352981567e-03 -1.863259077072143555e-02 -3.822362422943115234e-02 -8.807581663131713867e-02 1.665943861007690430e-02
8.888888955116271973e-01 1.111111119389533997e-01 5.199010483920574188e-03 1.802804507315158844e-02 2.020761743187904358e-02 1.589052528142929077e-01 9.134397841989994049e-03 6.599991917610168457e-01 3.371373116970062256e-01 8.642541170120239258e-01 2.817537784576416016e-01 4.810019861906766891e-03 1.798023656010627747e-02 2.737637981772422791e-02 1.545259952545166016e-01 9.157415479421615601e-03 6.417703032493591309e-01 3.110681772232055664e-01 8.034008741378784180e-01 2.913581430912017822e-01 -3.889906220138072968e-04 -4.780851304531097412e-05 7.168762385845184326e-03 -4.379257559776306152e-03 2.301763743162155151e-05 -1.822888851165771484e-02 -2.606913447380065918e-02 -6.085324287414550781e-02 9.604364633560180664e-03
1.111111119389533997e-01 2.222222238779067993e-01 8.549579419195652008e-03 3.700836375355720520e-02 1.601393371820449829e-01 2.248333841562271118e-01 1.759892702102661133e-02 6.787198185920715332e-01 3.383609056472778320e-01 8.704370260238647461e-01 2.862552404403686523e-01 8.550945669412612915e-03 3.645190224051475525e-02 1.771079897880554199e-01 2.332011312246322632e-01 1.404538378119468689e-02 7.687041759490966797e-01 2.742382586002349854e-01 7.352771162986755371e-01 3.405808210372924805e-01 1.366250216960906982e-06 -5.564615130424499512e-04 1.696865260601043701e-02 8.367747068405151367e-03 -3.553543239831924438e-03 8.998435735702514648e-02 -6.412264704704284668e-02 -1.351599097251892090e-01 5.432558059692382812e-02
2.222222238779067993e-01 2.222222238779067993e-01 1.606795378029346466e-02 4.001965001225471497e-02 1.532635986804962158e-01 2.366030812263488770e-01 2.077314071357250214e-02 6.851307749748229980e-01 3.352167010307312012e-01 8.646354675292968750e-01 2.896665334701538086e-01 1.567834615707397461e-02 3.949957713484764099e-02 1.700784713029861450e-01 2.433060854673385620e-01 1.875456422567367554e-02 7.391456961631774902e-01 2.920062243938446045e-01 7.740826010704040527e-01 3.254555463790893555e-01 -3.896076232194900513e-04 -5.200728774070739746e-04 1.681487262248992920e-02 6.703004240989685059e-03 -2.018576487898826599e-03 5.401492118835449219e-02 -4.321047663688659668e-02 -9.055286645889282227e-02 3.578901290893554688e-02
3.333333432674407959e-01 2.222222238779067993e-01 2.164829708635807037e-02 4.188667237758636475e-02 1.330016851425170898e-01 2.344375848770141602e-01 2.123090066015720367e-02 6.828029751777648926e-01 3.313310146331787109e-01 8.555994629859924316e-01 2.911551296710968018e-01 2.126685529947280884e-02 4.144958034157752991e-02 1.492588818073272705e-01 2.405595928430557251e-01 2.060066908597946167e-02 7.248734831809997559e-01 3.029287159442901611e-01 7.976693511009216309e-01 3.165957629680633545e-01 -3.814417868852615356e-04 -4.370920360088348389e-04 1.625719666481018066e-02 6.122007966041564941e-03 -6.302315741777420044e-04 4.207050800323486328e-02 -2.840229868888854980e-02 -5.793011188507080078e-02 2.544063329696655273e-02
4.444444477558135986e-01 2.222222238779067993e-01 2.461753226816654205e-02 4.242497682571411133e-02 1.019695773720741272e-01 2.195290029048919678e-01 1.957229152321815491e-02 6.704893708229064941e-01 3.287535607814788818e-01 8.477110862731933594e-01 2.892805039882659912e-01 2.427545934915542603e-02 4.208212345838546753e-02 1.160948574542999268e-01 2.247003912925720215e-01 1.918565109372138977e-02 7.171331644058227539e-01 3.036543130874633789e-01 7.982901334762573242e-01 3.144719302654266357e-01 -3.420729190111160278e-04 -3.428533673286437988e-04 1.412528008222579956e-02 5.171388387680053711e-03 -3.866404294967651367e-04 4.664379358291625977e-02 -2.509924769401550293e-02 -4.942095279693603516e-02 2.519142627716064453e-02
5.555555820465087891e-01 2.222222238779067993e-01 2.461753226816654205e-02 4.174938052892684937e-02 6.389926373958587646e-02 1.954201012849807739e-01 1.638724841177463531e-02 6.411066055297851562e-01 3.288202583789825439e-01 8.424340486526489258e-01 2.809948027133941650e-01 2.415131032466888428e-02 4.150859639048576355e-02 7.588726282119750977e-02 1.962502896785736084e-01 1.546891964972019196e-02 6.890475153923034668e-01 2.988260388374328613e-01 7.832513451576232910e-01 3.105473220348358154e-01 -4.662219434976577759e-04 -2.407841384410858154e-04 1.198799908161163330e-02 8.301883935928344727e-04 -9.183287620544433594e-04 4.794090986251831055e-02 -2.999421954154968262e-02 -5.918270349502563477e-02 2.955251932144165039e-02
6.666666865348815918e-01 2.222222238779067993e-01 2.164829522371292114e-02 4.017600417137145996e-02 2.741012349724769592e-02 1.707857847213745117e-01 1.198695413768291473e-02 6.092614531517028809e-01 3.315677940845489502e-01 8.419670462608337402e-01 2.696755230426788330e-01 2.097789943218231201e-02 4.002619534730911255e-02 3.715246543288230896e-02 1.634170413017272949e-01 1.064058393239974976e-02 6.343627572059631348e-01 2.922848761081695557e-01 7.601129412651062012e-01 3.002948462963104248e-01 -6.703957915306091309e-04 -1.498088240623474121e-04 9.742341935634613037e-03 -7.368743419647216797e-03 -1.346370205283164978e-03 2.510130405426025391e-02 -3.928291797637939453e-02 -8.185410499572753906e-02 3.061932325363159180e-02
7.777777910232543945e-01 2.222222238779067993e-01 1.606794819235801697e-02 3.807435184717178345e-02 2.176783978939056396e-03 1.546825617551803589e-01 6.441341247409582138e-03 6.224513649940490723e-01 3.357439935207366943e-01 8.537335991859436035e-01 2.714055478572845459e-01 1.536165177822113037e-02 3.801569342613220215e-02 8.206305094063282013e-03 1.427198946475982666e-01 5.073230713605880737e-03 6.012738347053527832e-01 2.945849895477294922e-01 7.596889138221740723e-01 2.894223630428314209e-01 -7.062964141368865967e-04 -5.865842103958129883e-05 6.029521115124225616e-03 -1.196266710758209229e-02 -1.368110533803701401e-03 -2.117753028869628906e-02 -4.115900397300720215e-02 -9.404468536376953125e-02 1.801681518554687500e-02
8.888888955116271973e-01 2.222222238779067993e-01 8.549575693905353546e-03 3.573866188526153564e-02 -1.443383097648620605e-02 1.428913325071334839e-01 -1.595416542841121554e-04 6.499303579330444336e-01 3.394104242324829102e-01 8.672623634338378906e-01 2.776012122631072998e-01 8.167758584022521973e-03 3.577699139714241028e-02 -7.987531833350658417e-03 1.357350349426269531e-01 -1.109939068555831909e-03 6.019914746284484863e-01 3.155200481414794922e-01 8.057826757431030273e-01 2.769119441509246826e-01 -3.818171098828315735e-04 3.832951188087463379e-05 6.446299143135547638e-03 -7.156297564506530762e-03 -9.503973997198045254e-04 -4.793888330459594727e-02 -2.389037609100341797e-02 -6.147968769073486328e-02 -6.892681121826171875e-04
1.111111119389533997e-01 3.333333432674407959e-01 9.873271919786930084e-03 5.598868429660797119e-02 1.754754185676574707e-01 2.310776114463806152e-01 1.698016747832298279e-02 6.830290555953979492e-01 3.194404244422912598e-01 8.290737271308898926e-01 2.976968288421630859e-01 9.758181869983673096e-03 5.540706217288970947e-02 1.893369108438491821e-01 2.379242777824401855e-01 1.389897987246513367e-02 7.483444809913635254e-01 2.613250017166137695e-01 7.022339105606079102e-01 3.436027765274047852e-01 -1.150900498032569885e-04 -5.816221237182617188e-04 1.386149227619171143e-02 6.846666336059570312e-03 -3.081187605857849121e-03 6.531542539596557617e-02 -5.811542272567749023e-02 -1.268398165702819824e-01 4.590594768524169922e-02
2.222222238779067993e-01 3.333333432674407959e-01 1.855568028986454010e-02 6.075897067785263062e-02 1.680027097463607788e-01 2.445410341024398804e-01 1.293124724179506302e-02 6.916645169258117676e-01 3.205935060977935791e-01 8.330686092376708984e-01 2.992599606513977051e-01 1.827125996351242065e-02 6.032077595591545105e-02 1.823844313621520996e-01 2.494602948427200317e-01 1.187406480312347412e-02 7.287087440490722656e-01 2.824425995349884033e-01 7.503803372383117676e-01 3.283767402172088623e-01 -2.844203263521194458e-04 -4.381947219371795654e-04 1.438172161579132080e-02 4.919260740280151367e-03 -1.057182438671588898e-03 3.704422712326049805e-02 -3.815090656280517578e-02 -8.268827199935913086e-02 2.911677956581115723e-02
3.333333432674407959e-01 3.333333432674407959e-01 2.500000223517417908e-02 6.347151100635528564e-02 1.437417119741439819e-01 2.403262406587600708e-01 6.981687620282173157e-03 6.883466839790344238e-01 3.201491236686706543e-01 8.315324783325195312e-01 2.986643314361572266e-01 2.484419941902160645e-02 6.306303292512893677e-02 1.587602198123931885e-01 2.448428869247436523e-01 7.231459021568298340e-03 7.208722829818725586e-01 2.933138906955718994e-01 7.748495340347290039e-01 3.208537101745605469e-01 -1.558028161525726318e-04 -4.084780812263488770e-04 1.501850783824920654e-02 4.516646265983581543e-03 2.497714012861251831e-04 3.252559900283813477e-02 -2.683523297309875488e-02 -5.668294429779052734e-02 2.218937873840332031e-02
4.444444477558135986e-01 3.333333432674407959e-01 2.842895314097404480e-02 6.389081478118896484e-02 1.052174940705299377e-01 2.194444239139556885e-01 9.852466173470020294e-04 6.672764420509338379e-01 3.204940855503082275e-01 8.287920951843261719e-01 2.929913103580474854e-01 2.834431082010269165e-02 6.351369619369506836e-02 1.184860765933990479e-01 2.235784381628036499e-01 1.689083874225616455e-03 7.123407721519470215e-01 2.952855825424194336e-01 7.783125638961791992e-01 3.178979158401489258e-01 -8.464232087135314941e-05 -3.771185874938964844e-04 1.326858252286911011e-02 4.134014248847961426e-03 7.038372568786144257e-04 4.506433010101318359e-02 -2.520850300788879395e-02 -5.047953128814697266e-02 2.490660548210144043e-02
5.555555820465087891e-01 3.333333432674407959e-01 2.842894941568374634e-02 6.237072870135307312e-02 5.445099622011184692e-02 1.841934621334075928e-01 -3.710692515596747398e-03 5.978924632072448730e-01 3.234179317951202393e-01 8.220330476760864258e-01 2.708525955677032471e-01 2.816443145275115967e-02 6.209521740674972534e-02 6.916150450706481934e-02 1.862323731184005737e-01 -2.839516848325729370e-03 6.554214358329772949e-01 2.911563813686370850e-01 7.608113288879394531e-01 3.065338134765625000e-01 -2.645179629325866699e-04 -2.755112946033477783e-04 1.471050828695297241e-02 2.038910984992980957e-03 8.711756672710180283e-04 5.752897262573242188e-02 -3.226155042648315430e-02 -6.122171878814697266e-02 3.568121790885925293e-02
6.666666865348815918e-01 3.333333432674407959e-01 2.500000037252902985e-02 5.962250754237174988e-02 7.967282086610794067e-03 1.517322510480880737e-01 -6.607891991734504700e-03 5.153606534004211426e-01 3.290734589099884033e-01 8.139718174934387207e-01 2.367630600929260254e-01 2.439811825752258301e-02 5.943855643272399902e-02 2.424701675772666931e-02 1.482607722282409668e-01 -5.637284368276596069e-03 5.596657395362854004e-01 2.865143716335296631e-01 7.342466711997985840e-01 2.813436686992645264e-01 -6.018821150064468384e-04 -1.839511096477508545e-04 1.627973467111587524e-02 -3.471478819847106934e-03 9.706076234579086304e-04 4.430508613586425781e-02 -4.255908727645874023e-02 -7.972514629364013672e-02 4.458060860633850098e-02
7.777777910232543945e-01 3.333333432674407959e-01 1.855567470192909241e-02 5.638204142451286316e-02 -1.531005650758743286e-02 1.406071782112121582e-01 -8.009299635887145996e-03 5.608739852905273438e-01 3.359513282775878906e-01 8.401167392730712891e-01 2.503548562526702881e-01 1.774111390113830566e-02 5.626418069005012512e-02 -6.888302974402904510e-03 1.293786764144897461e-01 -7.294990122318267822e-03 5.578981637954711914e-01 2.912868261337280273e-01 7.443202733993530273e-01 2.776415348052978516e-01 -8.145608007907867432e-04 -1.178607344627380371e-04 8.421753533184528351e-03 -1.122850179672241211e-02 7.143095135688781738e-04 -2.975821495056152344e-03 -4.466450214385986328e-02 -9.579646587371826172e-02 2.728667855262756348e-02
8.888888955116271973e-01 3.333333432674407959e-01 9.873267263174057007e-03 5.313185602426528931e-02 -2.971149981021881104e-02 1.345020532608032227e-01 -8.734902366995811462e-03 6.358060836791992188e-01 3.416403830051422119e-01 8.692317605018615723e-01 2.721444070339202881e-01 9.210929274559020996e-03 5.316897109150886536e-02 -2.366575971245765686e-02 1.269516050815582275e-01 -8.747551590204238892e-03 6.022278666496276855e-01 3.171335458755493164e-01 8.093351721763610840e-01 2.760163545608520508e-01 -6.623379886150360107e-04 3.711506724357604980e-05 6.045740097761154175e-03 -7.550448179244995117e-03 -1.264922320842742920e-05 -3.357821702957153320e-02 -2.450683712959289551e-02 -5.989658832550048828e-02 3.871947526931762695e-03
1.111111119389533997e-01 4.444444477558135986e-01 9.356226772069931030e-03 7.528643310070037842e-02 1.741465926170349121e-01 2.356242686510086060e-01 1.949526928365230560e-02 6.921546459197998047e-01 3.257948458194732666e-01 8.448314666748046875e-01 2.965696752071380615e-01 9.238202124834060669e-03 7.470523566007614136e-02 1.876014769077301025e-01 2.392388433218002319e-01 1.866161823272705078e-02 7.468498349189758301e-01 2.708167135715484619e-01 7.248383760452270508e-01 3.382453918457031250e-01 -1.180246472358703613e-04 -5.811974406242370605e-04 1.345488429069519043e-02 3.614574670791625977e-03 -8.336510509252548218e-04 5.469518899917602539e-02 -5.497813224792480469e-02 -1.199930906295776367e-01 4.167571663856506348e-02
2.222222238779067993e-01 4.444444477558135986e-01 1.758395321667194366e-02 8.198460936546325684e-02 1.687992513179779053e-01 2.498263120651245117e-01 8.009478449821472168e-03 7.019767165184020996e-01 3.180404305458068848e-01 8.289345502853393555e-01 3.031904101371765137e-01 1.731970906257629395e-02 8.163245767354965210e-02 1.832675337791442871e-01 2.534338831901550293e-01 8.046630769968032837e-03 7.402728796005249023e-01 2.793858051300048828e-01 7.444974184036254883e-01 3.323822021484375000e-01 -2.642441540956497192e-04 -3.521516919136047363e-04 1.446828246116638184e-02 3.607571125030517578e-03 3.715232014656066895e-05 3.829616308212280273e-02 -3.865462541580200195e-02 -8.443713188171386719e-02 2.919179201126098633e-02
3.333333432674407959e-01 4.444444477558135986e-01 2.369079552590847015e-02 8.548400551080703735e-02 1.459837704896926880e-01 2.439892441034317017e-01 -4.369670525193214417e-03 6.983936429023742676e-01 3.119868338108062744e-01 8.146530389785766602e-01 3.055888712406158447e-01 2.345997840166091919e-02 8.511123806238174438e-02 1.601304858922958374e-01 2.485851049423217773e-01 -4.645936191082000732e-03 7.323260903358459473e-01 2.840326428413391113e-01 7.545475363731384277e-01 3.282760679721832275e-01 -2.308171242475509644e-04 -3.727674484252929688e-04 1.414671540260314941e-02 4.595860838890075684e-03 -2.762656658887863159e-04 3.393244743347167969e-02 -2.795419096946716309e-02 -6.010550260543823242e-02 2.268719673156738281e-02
4.444444477558135986e-01 4.444444477558135986e-01 2.694017812609672546e-02 8.552554994821548462e-02 1.087772920727729797e-01 2.203150093555450439e-01 -1.457812078297138214e-02 6.791164278984069824e-01 3.088845014572143555e-01 8.046584129333496094e-01 3.025231659412384033e-01 2.674889564514160156e-02 8.511339873075485229e-02 1.195858642458915710e-01 2.249860912561416626e-01 -1.472358405590057373e-02 7.196359634399414062e-01 2.843930125236511230e-01 7.538715004920959473e-01 3.254044055938720703e-01 -1.912824809551239014e-04 -4.121512174606323242e-04 1.080857217311859131e-02 4.671081900596618652e-03 -1.454632729291915894e-04 4.051953554153442383e-02 -2.449148893356323242e-02 -5.078691244125366211e-02 2.288123965263366699e-02
5.555555820465087891e-01 4.444444477558135986e-01 2.694017626345157623e-02 8.282317221164703369e-02 6.188413500785827637e-02 1.858423054218292236e-01 -2.082047425210475922e-02 6.313620805740356445e-01 3.126539289951324463e-01 8.050701022148132324e-01 2.874779701232910156e-01 2.665153145790100098e-02 8.247173577547073364e-02 7.220278680324554443e-02 1.865895241498947144e-01 -1.983908191323280334e-02 6.792349219322204590e-01 2.819171249866485596e-01 7.429623603820800781e-01 3.176963031291961670e-01 -2.886448055505752563e-04 -3.514364361763000488e-04 1.031865179538726807e-02 7.472187280654907227e-04 9.813923388719558716e-04 4.787284135818481445e-02 -3.073680400848388672e-02 -6.210774183273315430e-02 3.021833300590515137e-02
6.666666865348815918e-01 4.444444477558135986e-01 2.369079366326332092e-02 7.864134013652801514e-02 1.822815090417861938e-02 1.551354378461837769e-01 -2.253338508307933807e-02 5.789321064949035645e-01 3.225668668746948242e-01 8.161254525184631348e-01 2.650485634803771973e-01 2.317070960998535156e-02 7.835352420806884766e-02 2.994756028056144714e-02 1.479606330394744873e-01 -2.027743309736251831e-02 6.178325414657592773e-01 2.806847691535949707e-01 7.313084602355957031e-01 3.027220368385314941e-01 -5.200840532779693604e-04 -2.878159284591674805e-04 1.171940937638282776e-02 -7.174804806709289551e-03 2.255951985716819763e-03 3.890043497085571289e-02 -4.188209772109985352e-02 -8.481699228286743164e-02 3.767347335815429688e-02
7.777777910232543945e-01 4.444444477558135986e-01 1.758394762873649597e-02 7.420340180397033691e-02 -9.247064590454101562e-03 1.410590857267379761e-01 -2.025571092963218689e-02 6.016888618469238281e-01 3.354475498199462891e-01 8.486351370811462402e-01 2.649296820163726807e-01 1.683783531188964844e-02 7.396833598613739014e-02 -8.727936074137687683e-04 1.299550533294677734e-01 -1.770259067416191101e-02 6.102635860443115234e-01 2.900952696800231934e-01 7.512479424476623535e-01 2.948296666145324707e-01 -7.461123168468475342e-04 -2.350658178329467773e-04 8.374270983040332794e-03 -1.110403239727020264e-02 2.553120255470275879e-03 8.574724197387695312e-03 -4.535228013992309570e-02 -9.738719463348388672e-02 2.989998459815979004e-02
8.888888955116271973e-01 4.444444477558135986e-01 9.356222115457057953e-03 7.020761817693710327e-02 -2.641450613737106323e-02 1.355322897434234619e-01 -1.568151824176311493e-02 6.472718119621276855e-01 3.475084304809570312e-01 8.842749595642089844e-01 2.723071575164794922e-01 8.538112044334411621e-03 7.018253952264785767e-02 -1.927122846245765686e-02 1.300595700740814209e-01 -1.422232016921043396e-02 6.587731242179870605e-01 3.215103447437286377e-01 8.295747041702270508e-01 2.901213169097900391e-01 -8.181100711226463318e-04 -2.507865428924560547e-05 7.143277674913406372e-03 -5.472719669342041016e-03 1.459198072552680969e-03 1.150131225585937500e-02 -2.599808573722839355e-02 -5.470025539398193359e-02 1.781415939331054688e-02
1.111111119389533997e-01 5.555555820465087891e-01 7.484979461878538132e-03 9.490160644054412842e-02 1.968583166599273682e-01 2.933504283428192139e-01 3.163376078009605408e-02 8.685744404792785645e-01 4.256051778793334961e-01 1.097547769546508789e+00 2.893967032432556152e-01 7.438357453793287277e-03 9.430676698684692383e-02 2.102337032556533813e-01 2.954115867614746094e-01 2.972371876239776611e-02 9.222042560577392578e-01 3.693779110908508301e-01 9.776103496551513672e-01 3.233199715614318848e-01 -4.662200808525085449e-05 -5.948394536972045898e-04 1.337538659572601318e-02 2.061158418655395508e-03 -1.910042017698287964e-03 5.362981557846069336e-02 -5.622726678848266602e-02 -1.199374198913574219e-01 3.392326831817626953e-02
2.222222238779067993e-01 5.555555820465087891e-01 1.406716089695692062e-02 1.036965698003768921e-01 1.937155425548553467e-01 3.167869150638580322e-01 8.819379843771457672e-03 8.783982992172241211e-01 4.245930016040802002e-01 1.097022533416748047e+00 2.918517589569091797e-01 1.377763599157333374e-02 1.033841222524642944e-01 2.070642113685607910e-01 3.202876448631286621e-01 8.198764175176620483e-03 9.243611097335815430e-01 3.837909996509552002e-01 1.011397004127502441e+00 3.176403641700744629e-01 -2.895249053835868835e-04 -3.124475479125976562e-04 1.334866881370544434e-02 3.500729799270629883e-03 -6.206156685948371887e-04 4.596281051635742188e-02 -4.080200195312500000e-02 -8.562552928924560547e-02 2.578860521316528320e-02
3.333333432674407959e-01 5.555555820465087891e-01 1.895263418555259705e-02 1.079241782426834106e-01 1.704490035772323608e-01 3.135376274585723877e-01 -1.588157005608081818e-02 8.749706149101257324e-01 4.220660030841827393e-01 1.090804815292358398e+00 2.922206819057464600e-01 1.849254965782165527e-02 1.075571402907371521e-01 1.842195093631744385e-01 3.172004222869873047e-01 -1.578454673290252686e-02 9.151141643524169922e-01 3.912364542484283447e-01 1.027308464050292969e+00 3.128997683525085449e-01 -4.600845277309417725e-04 -3.670379519462585449e-04 1.377050578594207764e-02 3.662794828414916992e-03 9.702332317829132080e-05 4.014354944229125977e-02 -3.082954883575439453e-02 -6.349635124206542969e-02 2.067908644676208496e-02
4.444444477558135986e-01 5.555555820465087891e-01 2.155214175581932068e-02 1.073291972279548645e-01 1.333785653114318848e-01 2.815499007701873779e-01 -3.393103182315826416e-02 8.595285415649414062e-01 4.003461897373199463e-01 1.039627909660339355e+00 2.984111905097961426e-01 2.104979008436203003e-02 1.068756654858589172e-01 1.458813548088073730e-01 2.833312153816223145e-01 -3.288640454411506653e-02 8.965142369270324707e-01 3.723139166831970215e-01 9.811245203018188477e-01 3.176038563251495361e-01 -5.023516714572906494e-04 -4.535317420959472656e-04 1.250278949737548828e-02 1.781314611434936523e-03 1.044627279043197632e-03 3.698569536209106445e-02 -2.803227305412292480e-02 -5.850338935852050781e-02 1.919266581535339355e-02
5.555555820465087891e-01 5.555555820465087891e-01 2.155213989317417145e-02 1.031067222356796265e-01 8.897254616022109985e-02 2.394276857376098633e-01 -4.232584685087203979e-02 8.372817039489746094e-01 3.883102238178253174e-01 1.008954763412475586e+00 2.991606593132019043e-01 2.108308672904968262e-02 1.026658117771148682e-01 1.009305566549301147e-01 2.391320466995239258e-01 -3.942567110061645508e-02 8.718976974487304688e-01 3.538386821746826172e-01 9.350296258926391602e-01 3.212654292583465576e-01 -4.690531641244888306e-04 -4.409104585647583008e-04 1.195801049470901489e-02 -2.956390380859375000e-04 2.900175750255584717e-03 3.461599349975585938e-02 -3.447154164314270020e-02 -7.392513751983642578e-02 2.210476994514465332e-02
6.666666865348815918e-01 5.555555820465087891e-01 1.895263232290744781e-02 9.723251312971115112e-02 4.707835614681243896e-02 2.011566609144210815e-01 -4.143312573432922363e-02 8.187743425369262695e-01 3.856348693370819092e-01 9.999201893806457520e-01 2.964599132537841797e-01 1.849754154682159424e-02 9.681194275617599487e-02 5.837454274296760559e-02 1.932819485664367676e-01 -3.699141368269920349e-02 8.443372249603271484e-01 3.393014967441558838e-01 8.976612091064453125e-01 3.228075504302978516e-01 -4.550907760858535767e-04 -4.205703735351562500e-04 1.129618659615516663e-02 -7.874712347984313965e-03 4.441712051630020142e-03 2.556288242340087891e-02 -4.633337259292602539e-02 -1.022589802742004395e-01 2.634763717651367188e-02
7.777777910232543945e-01 5.555555820465087891e-01 1.406715530902147293e-02 9.153844416141510010e-02 1.599524915218353271e-02 1.755046993494033813e-01 -3.328879177570343018e-02 8.177821636199951172e-01 3.862319588661193848e-01 1.001093149185180664e+00 2.959739565849304199e-01 1.353345811367034912e-02 9.116675704717636108e-02 2.560439333319664001e-02 1.662032306194305420e-01 -2.898713201284408569e-02 8.378204703330993652e-01 3.370949327945709229e-01 8.916944265365600586e-01 3.226162493228912354e-01 -5.336971953511238098e-04 -3.716871142387390137e-04 9.609144181013107300e-03 -9.301468729972839355e-03 4.301659762859344482e-03 2.003830671310424805e-02 -4.913702607154846191e-02 -1.093987226486206055e-01 2.664229273796081543e-02
8.888888955116271973e-01 5.555555820465087891e-01 7.484976202249526978e-03 8.696596324443817139e-02 -1.536905765533447266e-03 1.643528044223785400e-01 -2.204570733010768890e-02 8.309124708175659180e-01 3.875875174999237061e-01 1.006296873092651367e+00 2.981542646884918213e-01 6.741612683981657028e-03 8.685425668954849243e-02 6.325197406113147736e-03 1.619739830493927002e-01 -1.939483359456062317e-02 8.918772935867309570e-01 3.565596342086791992e-01 9.438937902450561523e-01 3.236128985881805420e-01 -7.433635182678699493e-04 -1.117065548896789551e-04 7.862103171646595001e-03 -2.378821372985839844e-03 2.650873735547065735e-03 6.096482276916503906e-02 -3.102788329124450684e-02 -6.240308284759521484e-02 2.545863389968872070e-02
1.111111119389533997e-01 6.666666865348815918e-01 4.936635494232177734e-03 1.148342117667198181e-01 1.977649331092834473e-01 3.202438354492187500e-01 4.330871626734733582e-02 1.011513113975524902e+00 4.430852234363555908e-01 1.159894824028015137e+00 3.088845312595367432e-01 4.921759944409132004e-03 1.142241358757019043e-01 2.054640948772430420e-01 3.218175768852233887e-01 4.372148215770721436e-02 1.041245579719543457e+00 4.139482080936431885e-01 1.096535086631774902e+00 3.244834542274475098e-01 -1.487554982304573059e-05 -6.100758910179138184e-04 7.699161767959594727e-03 1.573741436004638672e-03 4.127658903598785400e-04 2.973246574401855469e-02 -2.913701534271240234e-02 -6.335973739624023438e-02 1.559892296791076660e-02
2.222222238779067993e-01 6.666666865348815918e-01 9.277840144932270050e-03 1.258948594331741333e-01 2.003410160541534424e-01 3.561111688613891602e-01 1.360484957695007324e-02 1.020152211189270020e+00 4.657174050807952881e-01 1.212624073028564453e+00 3.018883764743804932e-01 9.024195373058319092e-03 1.255589574575424194e-01 2.061416357755661011e-01 3.601447343826293945e-01 1.287021674215793610e-02 1.056151509284973145e+00 4.455151855945587158e-01 1.171781659126281738e+00 3.150862455368041992e-01 -2.536447718739509583e-04 -3.359019756317138672e-04 5.800619721412658691e-03 4.033565521240234375e-03 -7.346328347921371460e-04 3.599929809570312500e-02 -2.020221948623657227e-02 -4.084241390228271484e-02 1.319786906242370605e-02
3.333333432674407959e-01 6.666666865348815918e-01 1.250000018626451492e-02 1.307920217514038086e-01 1.814370900392532349e-01 3.623705804347991943e-01 -2.258942835032939911e-02 1.017151594161987305e+00 4.888442158699035645e-01 1.264033913612365723e+00 2.928800880908966064e-01 1.196795701980590820e-02 1.303843855857849121e-01 1.891653388738632202e-01 3.656017184257507324e-01 -2.172651514410972595e-02 1.047816038131713867e+00 4.750284552574157715e-01 1.238002181053161621e+00 3.030821382999420166e-01 -5.320431664586067200e-04 -4.076361656188964844e-04 7.728248834609985352e-03 3.231137990951538086e-03 8.629132062196731567e-04 3.066444396972656250e-02 -1.381576061248779297e-02 -2.603173255920410156e-02 1.020205020904541016e-02
4.444444477558135986e-01 6.666666865348815918e-01 1.421447470784187317e-02 1.293017268180847168e-01 1.529332250356674194e-01 3.227280974388122559e-01 -4.736566543579101562e-02 1.003909587860107422e+00 4.453314244747161865e-01 1.163894295692443848e+00 3.067730665206909180e-01 1.356576383113861084e-02 1.288107782602310181e-01 1.581549942493438721e-01 3.251688480377197266e-01 -4.665538296103477478e-02 1.018764376640319824e+00 4.318392276763916016e-01 1.135129570960998535e+00 3.142963647842407227e-01 -6.487108767032623291e-04 -4.909485578536987305e-04 5.221769213676452637e-03 2.440750598907470703e-03 7.102824747562408447e-04 1.485478878021240234e-02 -1.349219679832458496e-02 -2.876472473144531250e-02 7.523298263549804688e-03
5.555555820465087891e-01 6.666666865348815918e-01 1.421447470784187317e-02 1.232213601469993591e-01 1.144358813762664795e-01 2.746795415878295898e-01 -5.768366158008575439e-02 9.865901470184326172e-01 4.258495569229125977e-01 1.116856217384338379e+00 3.113272190093994141e-01 1.365230977535247803e-02 1.227246448397636414e-01 1.195945441722869873e-01 2.710756659507751465e-01 -5.587975308299064636e-02 9.843981266021728516e-01 4.019292891025543213e-01 1.061339616775512695e+00 3.203064799308776855e-01 -5.621649324893951416e-04 -4.967153072357177734e-04 5.158662796020507812e-03 -3.603875637054443359e-03 1.803908497095108032e-03 -2.192020416259765625e-03 -2.392026782035827637e-02 -5.551660060882568359e-02 8.979260921478271484e-03
6.666666865348815918e-01 6.666666865348815918e-01 1.249999832361936569e-02 1.153960153460502625e-01 7.625566422939300537e-02 2.336207181215286255e-01 -5.551856011152267456e-02 9.732995033264160156e-01 4.271129071712493896e-01 1.117826700210571289e+00 3.085846602916717529e-01 1.211373507976531982e-02 1.148791164159774780e-01 8.260758966207504272e-02 2.241855859756469727e-01 -5.133762583136558533e-02 9.616816639900207520e-01 3.860283792018890381e-01 1.021416425704956055e+00 3.229808807373046875e-01 -3.862632438540458679e-04 -5.168989300727844238e-04 6.351925432682037354e-03 -9.435132145881652832e-03 4.180934280157089233e-03 -1.161783933639526367e-02 -4.108452796936035156e-02 -9.641027450561523438e-02 1.439622044563293457e-02
7.777777910232543945e-01 6.666666865348815918e-01 9.277836419641971588e-03 1.083871573209762573e-01 4.844866320490837097e-02 2.071126997470855713e-01 -4.270091280341148376e-02 9.703375697135925293e-01 4.307163655757904053e-01 1.125603675842285156e+00 3.066645860671997070e-01 8.952602744102478027e-03 1.079152747988700867e-01 5.600235983729362488e-02 1.976729035377502441e-01 -3.816816583275794983e-02 9.813198447227478027e-01 3.819999992847442627e-01 1.014377236366271973e+00 3.277189135551452637e-01 -3.252336755394935608e-04 -4.718825221061706543e-04 7.553696632385253906e-03 -9.439796209335327148e-03 4.532746970653533936e-03 1.098227500915527344e-02 -4.871636629104614258e-02 -1.112264394760131836e-01 2.105432748794555664e-02
8.888888955116271973e-01 6.666666865348815918e-01 4.936633165925741196e-03 1.034068763256072998e-01 3.489273041486740112e-02 1.985883116722106934e-01 -2.583448775112628937e-02 9.790291190147399902e-01 4.327132999897003174e-01 1.131446838378906250e+00 3.073862493038177490e-01 4.353165160864591599e-03 1.032221987843513489e-01 4.371932521462440491e-02 1.971034854650497437e-01 -2.275350317358970642e-02 1.070062637329101562e+00 3.953604996204376221e-01 1.056023716926574707e+00 3.355199694633483887e-01 -5.834680050611495972e-04 -1.846775412559509277e-04 8.826594799757003784e-03 -1.484826207160949707e-03 3.080984577536582947e-03 9.103351831436157227e-02 -3.735280036926269531e-02 -7.542312145233154297e-02 2.813372015953063965e-02
1.111111119389533997e-01 7.777777910232543945e-01 2.442736178636550903e-03 1.350842267274856567e-01 1.655221432447433472e-01 3.092311918735504150e-01 5.742374435067176819e-02 1.011966705322265625e+00 4.419253170490264893e-01 1.157310366630554199e+00 3.093958497047424316e-01 2.371020149439573288e-03 1.344929635524749756e-01 1.676559448242187500e-01 3.098259568214416504e-01 5.960395932197570801e-02 1.009192943572998047e+00 4.398908019065856934e-01 1.152255892753601074e+00 3.097066879272460938e-01 -7.171602919697761536e-05 -5.912631750106811523e-04 2.133801579475402832e-03 5.947649478912353516e-04 2.180214971303939819e-03 -2.773761749267578125e-03 -2.034515142440795898e-03 -5.054473876953125000e-03 3.108382225036621094e-04
2.222222238779067993e-01 7.777777910232543945e-01 4.590842407196760178e-03 1.485794633626937866e-01 1.743043512105941772e-01 3.503247797489166260e-01 2.336815744638442993e-02 1.018378853797912598e+00 4.652641415596008301e-01 1.211321353912353516e+00 3.017566204071044922e-01 4.475876223295927048e-03 1.481544375419616699e-01 1.746106892824172974e-01 3.516773581504821777e-01 2.332783490419387817e-02 1.035464525222778320e+00 4.643440842628479004e-01 1.211880207061767578e+00 3.049377501010894775e-01 -1.149661839008331299e-04 -4.250258207321166992e-04 3.063380718231201172e-04 1.352578401565551758e-03 -4.032254219055175781e-05 1.708567142486572266e-02 -9.200572967529296875e-04 5.588531494140625000e-04 3.181129693984985352e-03
3.333333432674407959e-01 7.777777910232543945e-01 6.185225211083889008e-03 1.540875136852264404e-01 1.646952480077743530e-01 3.607938587665557861e-01 -1.963832601904869080e-02 1.016152024269104004e+00 4.893527328968048096e-01 1.264995217323303223e+00 2.925187349319458008e-01 5.869358312338590622e-03 1.535822004079818726e-01 1.678502112627029419e-01 3.603135347366333008e-01 -1.814497634768486023e-02 1.034911155700683594e+00 4.896033406257629395e-01 1.268735766410827637e+00 2.956772148609161377e-01 -3.158668987452983856e-04 -5.053132772445678711e-04 3.154963254928588867e-03 -4.803240299224853516e-04 1.493349671363830566e-03 1.875913143157958984e-02 2.506077289581298828e-04 3.740549087524414062e-03 3.158479928970336914e-03
4.444444477558135986e-01 7.777777910232543945e-01 7.033578585833311081e-03 1.514431536197662354e-01 1.477824300527572632e-01 3.235862851142883301e-01 -5.039503425359725952e-02 1.006327986717224121e+00 4.481666982173919678e-01 1.170708894729614258e+00 3.061087727546691895e-01 6.577878724783658981e-03 1.509293764829635620e-01 1.482972055673599243e-01 3.238158226013183594e-01 -4.884118214249610901e-02 1.008222699165344238e+00 4.436827301979064941e-01 1.160776138305664062e+00 3.081151545047760010e-01 -4.556998610496520996e-04 -5.137771368026733398e-04 5.147755146026611328e-04 2.295374870300292969e-04 1.553852111101150513e-03 1.894712448120117188e-03 -4.483968019485473633e-03 -9.932756423950195312e-03 2.006381750106811523e-03
5.555555820465087891e-01 7.777777910232543945e-01 7.033577654510736465e-03 1.431671082973480225e-01 1.202568635344505310e-01 2.772948145866394043e-01 -6.293251365423202515e-02 9.935035109519958496e-01 4.298925399780273438e-01 1.127109527587890625e+00 3.109200596809387207e-01 6.598285865038633347e-03 1.426966488361358643e-01 1.202021390199661255e-01 2.712113261222839355e-01 -6.100532039999961853e-02 9.662709236145019531e-01 4.129759371280670166e-01 1.084434986114501953e+00 3.129518628120422363e-01 -4.352917894721031189e-04 -4.704594612121582031e-04 -5.472451448440551758e-05 -6.083488464355468750e-03 1.927193254232406616e-03 -2.723258733749389648e-02 -1.691660284996032715e-02 -4.267454147338867188e-02 2.031803131103515625e-03
6.666666865348815918e-01 7.777777910232543945e-01 6.185224745422601700e-03 1.331318467855453491e-01 9.227018058300018311e-02 2.380437552928924561e-01 -5.949009954929351807e-02 9.836792945861816406e-01 4.314952790737152100e-01 1.129353761672973633e+00 3.086514174938201904e-01 5.878880154341459274e-03 1.326270997524261475e-01 9.265521913766860962e-02 2.280289679765701294e-01 -5.639110878109931946e-02 9.363678097724914551e-01 4.001577496528625488e-01 1.050788044929504395e+00 3.129673898220062256e-01 -3.063445910811424255e-04 -5.047470331192016602e-04 3.850385546684265137e-04 -1.001478731632232666e-02 3.098990768194198608e-03 -4.731148481369018555e-02 -3.133752942085266113e-02 -7.856571674346923828e-02 4.315972328186035156e-03
7.777777910232543945e-01 7.777777910232543945e-01 4.590841010212898254e-03 1.247495487332344055e-01 7.339872419834136963e-02 2.147665023803710938e-01 -4.335199296474456787e-02 9.814524650573730469e-01 4.356179833412170410e-01 1.138424038887023926e+00 3.066770136356353760e-01 4.337325226515531540e-03 1.242765188217163086e-01 7.466306537389755249e-02 2.068616300821304321e-01 -4.089060053229331970e-02 9.569584131240844727e-01 4.003180563449859619e-01 1.053985238075256348e+00 3.164348602294921875e-01 -2.535157836973667145e-04 -4.730299115180969238e-04 1.264341175556182861e-03 -7.904872298240661621e-03 2.461392432451248169e-03 -2.449405193328857422e-02 -3.529992699623107910e-02 -8.443880081176757812e-02 9.757846593856811523e-03
8.888888955116271973e-01 7.777777910232543945e-01 2.442735247313976288e-03 1.195303574204444885e-01 6.669191271066665649e-02 2.114276736974716187e-01 -2.360690571367740631e-02 9.878647923469543457e-01 4.392125904560089111e-01 1.147565484046936035e+00 3.063896000385284424e-01 1.922011026181280613e-03 1.193228140473365784e-01 6.962122023105621338e-02 2.112426757812500000e-01 -2.249431237578392029e-02 1.044751644134521484e+00 4.146039485931396484e-01 1.098500609397888184e+00 3.247589170932769775e-01 -5.207242211326956749e-04 -2.075433731079101562e-04 2.929307520389556885e-03 -1.849979162216186523e-04 1.112593337893486023e-03 5.688685178756713867e-02 -2.460864186286926270e-02 -4.906487464904785156e-02 1.836931705474853516e-02
1.111111119389533997e-01 8.888888955116271973e-01 6.498763104900717735e-04 1.556516736745834351e-01 1.421992927789688110e-01 3.006437122821807861e-01 7.424833625555038452e-02 1.006410717964172363e+00 4.378705918788909912e-01 1.147231936454772949e+00 3.100126385688781738e-01 4.682276630774140358e-04 1.551487594842910767e-01 1.415489315986633301e-01 3.048106431961059570e-01 7.821363955736160278e-02 9.785938262939453125e-01 4.573992788791656494e-01 1.187226057052612305e+00 2.978006601333618164e-01 -1.816486474126577377e-04 -5.029141902923583984e-04 -6.503611803054809570e-04 4.166930913925170898e-03 3.965303301811218262e-03 -2.781689167022705078e-02 1.952868700027465820e-02 3.999412059783935547e-02 -1.221197843551635742e-02
2.222222238779067993e-01 8.888888955116271973e-01 1.221367856487631798e-03 1.717504113912582397e-01 1.578019708395004272e-01 3.406964838504791260e-01 3.605251386761665344e-02 1.009822607040405273e+00 4.435868859291076660e-01 1.160792708396911621e+00 3.084163963794708252e-01 1.237861462868750095e-03 1.711665540933609009e-01 1.550640761852264404e-01 3.450631499290466309e-01 3.721377253532409668e-02 1.009925127029418945e+00 4.580788016319274902e-01 1.193750500679016113e+00 3.029968738555908203e-01 1.649360638111829758e-05 -5.838572978973388672e-04 -2.737894654273986816e-03 4.366666078567504883e-03 1.161258667707443237e-03 1.025199890136718750e-04 1.449191570281982422e-02 3.295779228210449219e-02 -5.419522523880004883e-03
3.333333432674407959e-01 8.888888955116271973e-01 1.645544543862342834e-03 1.778106987476348877e-01 1.575502306222915649e-01 3.484951555728912354e-01 -1.024960912764072418e-02 1.008637666702270508e+00 4.493914842605590820e-01 1.173842072486877441e+00 3.060350418090820312e-01 1.623093732632696629e-03 1.771348714828491211e-01 1.563930064439773560e-01 3.519232869148254395e-01 -1.005754619836807251e-02 1.019582986831665039e+00 4.568073451519012451e-01 1.192350864410400391e+00 3.050917088985443115e-01 -2.245081122964620590e-05 -6.758272647857666016e-04 -1.157224178314208984e-03 3.428131341934204102e-03 1.920629292726516724e-04 1.094532012939453125e-02 7.415860891342163086e-03 1.850879192352294922e-02 -9.433329105377197266e-04
4.444444477558135986e-01 8.888888955116271973e-01 1.871244283393025398e-03 1.737534850835800171e-01 1.451618671417236328e-01 3.204237520694732666e-01 -4.671724140644073486e-02 1.003410339355468750e+00 4.370261728763580322e-01 1.144866466522216797e+00 3.098374307155609131e-01 1.725956448353827000e-03 1.732335239648818970e-01 1.443607211112976074e-01 3.194956779479980469e-01 -4.543210938572883606e-02 1.003242254257202148e+00 4.312088489532470703e-01 1.131512761116027832e+00 3.120239973068237305e-01 -1.452878350391983986e-04 -5.199611186981201172e-04 -8.011460304260253906e-04 -9.280741214752197266e-04 1.285132020711898804e-03 -1.680850982666015625e-04 -5.817323923110961914e-03 -1.335370540618896484e-02 2.186566591262817383e-03
5.555555820465087891e-01 8.888888955116271973e-01 1.871244050562381744e-03 1.629439592361450195e-01 1.239729300141334534e-01 2.779396772384643555e-01 -6.291540712118148804e-02 9.965866804122924805e-01 4.318402409553527832e-01 1.132013082504272461e+00 3.106849789619445801e-01 1.627668389119207859e-03 1.626220643520355225e-01 1.228975132107734680e-01 2.705625295639038086e-01 -5.985318496823310852e-02 9.684169292449951172e-01 4.077773392200469971e-01 1.072760701179504395e+00 3.153755664825439453e-01 -2.435756614431738853e-04 -3.218948841094970703e-04 -1.075416803359985352e-03 -7.377147674560546875e-03 3.062222152948379517e-03 -2.816975116729736328e-02 -2.406290173530578613e-02 -5.925238132476806641e-02 4.690587520599365234e-03
6.666666865348815918e-01 8.888888955116271973e-01 1.645544311031699181e-03 1.504400074481964111e-01 1.034293621778488159e-01 2.392389923334121704e-01 -5.823873355984687805e-02 9.913594126701354980e-01 4.329733848571777344e-01 1.133851408958435059e+00 3.093776702880859375e-01 1.359291025437414646e-03 1.501254439353942871e-01 1.016499772667884827e-01 2.288919985294342041e-01 -5.512712523341178894e-02 9.407867789268493652e-01 3.979318439960479736e-01 1.046278119087219238e+00 3.146448433399200439e-01 -2.862532855942845345e-04 -3.145635128021240234e-04 -1.779384911060333252e-03 -1.034699380397796631e-02 3.111608326435089111e-03 -5.057263374328613281e-02 -3.504154086112976074e-02 -8.757328987121582031e-02 5.267173051834106445e-03
7.777777910232543945e-01 8.888888955116271973e-01 1.221367507241666317e-03 1.406256109476089478e-01 9.131317585706710815e-02 2.177510559558868408e-01 -3.910619020462036133e-02 9.901744723320007324e-01 4.351855814456939697e-01 1.138731122016906738e+00 3.083282113075256348e-01 8.810606086626648903e-04 1.403146535158157349e-01 8.930150419473648071e-02 2.107520103454589844e-01 -3.803227096796035767e-02 9.506058692932128906e-01 4.058273434638977051e-01 1.065811872482299805e+00 3.131346702575683594e-01 -3.403068985790014267e-04 -3.109574317932128906e-04 -2.011671662330627441e-03 -6.999045610427856445e-03 1.073919236660003662e-03 -3.956860303878784180e-02 -2.935823798179626465e-02 -7.291924953460693359e-02 4.806458950042724609e-03
8.888888955116271973e-01 8.888888955116271973e-01 6.498760194517672062e-04 1.353364288806915283e-01 9.004023671150207520e-02 2.180640250444412231e-01 -1.764380745589733124e-02 9.935863614082336426e-01 4.371336996555328369e-01 1.143678426742553711e+00 3.081564903259277344e-01 9.250605944544076920e-05 1.351901441812515259e-01 8.836230635643005371e-02 2.183163017034530640e-01 -1.816302537918090820e-02 1.010061621665954590e+00 4.280488491058349609e-01 1.125199079513549805e+00 3.143348991870880127e-01 -5.573699600063264370e-04 -1.462846994400024414e-04 -1.677930355072021484e-03 2.522766590118408203e-04 -5.192179232835769653e-04 1.647526025772094727e-02 -9.084850549697875977e-03 -1.847934722900390625e-02 6.178408861160278320e-03
