# step A_or_beta0
0.000000000000000000e+00 8.500000238418579102e-01
1.000000000000000000e+03 9.814808368682861328e-01
2.000000000000000000e+03 1.000851511955261230e+00
3.000000000000000000e+03 1.007986664772033691e+00
4.000000000000000000e+03 1.011359214782714844e+00
5.000000000000000000e+03 1.008325695991516113e+00
6.000000000000000000e+03 1.007718563079833984e+00
7.000000000000000000e+03 1.006969451904296875e+00
8.000000000000000000e+03 1.007930040359497070e+00
9.000000000000000000e+03 1.007224202156066895e+00
1.000000000000000000e+04 1.004491806030273438e+00
1.100000000000000000e+04 1.005000710487365723e+00
1.200000000000000000e+04 1.003805279731750488e+00
1.300000000000000000e+04 1.003245234489440918e+00
1.400000000000000000e+04 1.002673983573913574e+00
1.500000000000000000e+04 1.000952482223510742e+00
1.600000000000000000e+04 1.001358985900878906e+00
1.700000000000000000e+04 1.000694990158081055e+00
1.800000000000000000e+04 1.000825524330139160e+00
1.900000000000000000e+04 1.000671148300170898e+00
2.000000000000000000e+04 1.001354455947875977e+00
2.100000000000000000e+04 9.998752474784851074e-01
2.200000000000000000e+04 1.000591754913330078e+00
2.300000000000000000e+04 1.000017642974853516e+00
2.400000000000000000e+04 1.000793099403381348e+00
2.500000000000000000e+04 9.999495744705200195e-01
2.600000000000000000e+04 9.998549818992614746e-01
2.700000000000000000e+04 9.998893737792968750e-01
2.800000000000000000e+04 9.998255968093872070e-01
2.900000000000000000e+04 1.000048756599426270e+00
3.000000000000000000e+04 1.000319361686706543e+00
3.100000000000000000e+04 9.999680519104003906e-01
3.200000000000000000e+04 1.000169277191162109e+00
3.300000000000000000e+04 9.997726082801818848e-01
3.400000000000000000e+04 9.997657537460327148e-01
3.500000000000000000e+04 9.995159506797790527e-01
3.600000000000000000e+04 9.998746514320373535e-01
3.700000000000000000e+04 9.997702240943908691e-01
3.800000000000000000e+04 9.997089505195617676e-01
3.900000000000000000e+04 9.998553395271301270e-01
4.000000000000000000e+04 9.996454715728759766e-01
4.100000000000000000e+04 9.993413090705871582e-01
4.200000000000000000e+04 9.995864629745483398e-01
4.300000000000000000e+04 9.994102120399475098e-01
4.400000000000000000e+04 9.994662404060363770e-01
4.500000000000000000e+04 9.994903802871704102e-01
4.600000000000000000e+04 9.994281530380249023e-01
4.700000000000000000e+04 9.993619918823242188e-01
4.800000000000000000e+04 9.992818832397460938e-01
4.900000000000000000e+04 9.992904663085937500e-01
5.000000000000000000e+04 9.992594122886657715e-01
5.100000000000000000e+04 9.993199110031127930e-01
5.200000000000000000e+04 9.992162585258483887e-01
5.300000000000000000e+04 9.993847012519836426e-01
5.400000000000000000e+04 9.990996718406677246e-01
5.500000000000000000e+04 9.992672801017761230e-01
5.600000000000000000e+04 9.992532730102539062e-01
5.700000000000000000e+04 9.991300106048583984e-01
5.800000000000000000e+04 9.992314577102661133e-01
5.900000000000000000e+04 9.990083575248718262e-01
6.000000000000000000e+04 9.992125630378723145e-01
6.100000000000000000e+04 9.990282058715820312e-01
6.200000000000000000e+04 9.991132020950317383e-01
6.300000000000000000e+04 9.992075562477111816e-01
6.400000000000000000e+04 9.992891550064086914e-01
6.500000000000000000e+04 9.990862607955932617e-01
6.600000000000000000e+04 9.991686940193176270e-01
6.700000000000000000e+04 9.987134337425231934e-01
6.800000000000000000e+04 9.993051886558532715e-01
6.900000000000000000e+04 9.990067481994628906e-01
7.000000000000000000e+04 9.990229606628417969e-01
7.100000000000000000e+04 9.987217187881469727e-01
7.200000000000000000e+04 9.991455674171447754e-01
7.300000000000000000e+04 9.991257190704345703e-01
7.400000000000000000e+04 9.990963935852050781e-01
7.500000000000000000e+04 9.989042282104492188e-01
7.600000000000000000e+04 9.990887641906738281e-01
7.700000000000000000e+04 9.991120696067810059e-01
7.800000000000000000e+04 9.990183711051940918e-01
7.900000000000000000e+04 9.991556406021118164e-01
8.000000000000000000e+04 9.992369413375854492e-01
8.100000000000000000e+04 9.990898966789245605e-01
8.200000000000000000e+04 9.991410970687866211e-01
8.300000000000000000e+04 9.991923570632934570e-01
8.400000000000000000e+04 9.997403621673583984e-01
8.500000000000000000e+04 9.992235302925109863e-01
8.600000000000000000e+04 9.991358518600463867e-01
8.700000000000000000e+04 9.990637898445129395e-01
8.800000000000000000e+04 9.990932345390319824e-01
8.900000000000000000e+04 9.990412592887878418e-01
9.000000000000000000e+04 9.989386796951293945e-01
9.100000000000000000e+04 9.990115761756896973e-01
9.200000000000000000e+04 9.990392327308654785e-01
9.300000000000000000e+04 9.991075396537780762e-01
9.400000000000000000e+04 9.990623593330383301e-01
9.500000000000000000e+04 9.991893172264099121e-01
9.600000000000000000e+04 9.979435801506042480e-01
9.700000000000000000e+04 9.991641640663146973e-01
9.800000000000000000e+04 9.987890124320983887e-01
9.900000000000000000e+04 9.986343979835510254e-01
1.000000000000000000e+05 9.990862011909484863e-01
1.010000000000000000e+05 9.991661310195922852e-01
1.020000000000000000e+05 9.990261793136596680e-01
1.030000000000000000e+05 9.988223910331726074e-01
1.040000000000000000e+05 9.991585016250610352e-01
1.050000000000000000e+05 9.991353750228881836e-01
1.060000000000000000e+05 9.991499185562133789e-01
1.070000000000000000e+05 9.993213415145874023e-01
1.080000000000000000e+05 9.990366101264953613e-01
1.090000000000000000e+05 9.991832375526428223e-01
1.100000000000000000e+05 9.992495775222778320e-01
1.110000000000000000e+05 9.991282224655151367e-01
1.120000000000000000e+05 9.992431402206420898e-01
1.130000000000000000e+05 9.991614222526550293e-01
1.140000000000000000e+05 9.992102384567260742e-01
1.150000000000000000e+05 9.993639588356018066e-01
1.160000000000000000e+05 9.992800951004028320e-01
1.170000000000000000e+05 9.991795420646667480e-01
1.180000000000000000e+05 9.994083046913146973e-01
1.190000000000000000e+05 9.992578625679016113e-01
1.200000000000000000e+05 9.993404746055603027e-01
1.210000000000000000e+05 9.993147850036621094e-01
1.220000000000000000e+05 9.993362426757812500e-01
1.230000000000000000e+05 9.993248581886291504e-01
1.240000000000000000e+05 9.992389678955078125e-01
1.250000000000000000e+05 9.993995428085327148e-01
1.260000000000000000e+05 9.994109272956848145e-01
1.270000000000000000e+05 9.994387030601501465e-01
1.280000000000000000e+05 9.994984269142150879e-01
1.290000000000000000e+05 9.995040893554687500e-01
1.300000000000000000e+05 9.993829131126403809e-01
1.310000000000000000e+05 9.994614124298095703e-01
1.320000000000000000e+05 9.993528723716735840e-01
1.330000000000000000e+05 9.994637370109558105e-01
1.340000000000000000e+05 9.995560646057128906e-01
1.350000000000000000e+05 9.992467761039733887e-01
1.360000000000000000e+05 9.995708465576171875e-01
1.370000000000000000e+05 9.995571374893188477e-01
1.380000000000000000e+05 9.995653033256530762e-01
1.390000000000000000e+05 9.992862939834594727e-01
1.400000000000000000e+05 9.995415210723876953e-01
1.410000000000000000e+05 9.995498657226562500e-01
1.420000000000000000e+05 9.995117187500000000e-01
1.430000000000000000e+05 9.993851184844970703e-01
1.440000000000000000e+05 9.995929598808288574e-01
1.450000000000000000e+05 9.996377229690551758e-01
1.460000000000000000e+05 9.993509650230407715e-01
1.470000000000000000e+05 9.993912577629089355e-01
1.480000000000000000e+05 9.996336102485656738e-01
1.490000000000000000e+05 9.995681047439575195e-01
1.500000000000000000e+05 9.995784759521484375e-01
