# step train_loss_terms test_loss_terms
0.000000000000000000e+00 1.370966881513595581e-01 9.147056192159652710e-02 7.027135044336318970e-02 1.286888960748910904e-02 3.462917208671569824e-01 1.999344443902373314e-03 1.787920296192169189e-02 8.673490583896636963e-02 1.178956255316734314e-01 5.581265687942504883e-01 1.557243168354034424e-01 1.264000058174133301e+00 1.370966881513595581e-01 9.147056192159652710e-02 7.027135044336318970e-02 1.286888960748910904e-02 3.462917208671569824e-01 1.999344443902373314e-03 1.787920296192169189e-02 8.673490583896636963e-02 1.178956255316734314e-01 5.581265687942504883e-01 1.557243168354034424e-01 1.264000058174133301e+00
1.000000000000000000e+03 1.259332871995866299e-03 1.579488045535981655e-03 5.191750242374837399e-04 5.249218083918094635e-04 1.472772564738988876e-04 8.579249697504565120e-05 6.236427725525572896e-05 4.335824996815063059e-05 3.227610432077199221e-05 2.679345780052244663e-04 1.668439363129436970e-04 1.068866254172462504e-06 1.259332871995866299e-03 1.579488045535981655e-03 5.191750242374837399e-04 5.249218083918094635e-04 1.472772564738988876e-04 8.579249697504565120e-05 6.236427725525572896e-05 4.335824996815063059e-05 3.227610432077199221e-05 2.679345780052244663e-04 1.668439363129436970e-04 1.068866254172462504e-06
2.000000000000000000e+03 4.853233403991907835e-04 9.393608779646456242e-04 6.490981322713196278e-04 6.668612477369606495e-04 1.074524989235214889e-04 1.109669901779852808e-04 1.404644262947840616e-05 7.409095360344508663e-06 1.033217413350939751e-04 8.894925122149288654e-04 8.383784006582573056e-05 5.119147826917469501e-04 4.853233403991907835e-04 9.393608779646456242e-04 6.490981322713196278e-04 6.668612477369606495e-04 1.074524989235214889e-04 1.109669901779852808e-04 1.404644262947840616e-05 7.409095360344508663e-06 1.033217413350939751e-04 8.894925122149288654e-04 8.383784006582573056e-05 5.119147826917469501e-04
3.000000000000000000e+03 3.681894741021096706e-04 3.651262086350470781e-04 8.375648030778393149e-05 1.662793365539982915e-04 3.467257556621916592e-05 4.502549927565269172e-05 1.271405471925390884e-05 3.176193058607168496e-05 9.320026038039941341e-06 9.382716962136328220e-05 2.259128450532443821e-05 7.800750836395309307e-07 3.681894741021096706e-04 3.651262086350470781e-04 8.375648030778393149e-05 1.662793365539982915e-04 3.467257556621916592e-05 4.502549927565269172e-05 1.271405471925390884e-05 3.176193058607168496e-05 9.320026038039941341e-06 9.382716962136328220e-05 2.259128450532443821e-05 7.800750836395309307e-07
4.000000000000000000e+03 3.138990432489663363e-04 1.902547082863748074e-04 3.918794027413241565e-05 1.346929057035595179e-04 2.090296402457170188e-05 3.694787301355972886e-05 8.105524102575145662e-06 1.530317604192532599e-05 6.330552878353046253e-06 6.613806181121617556e-05 1.575153510202653706e-05 8.519129579553919029e-08 3.138990432489663363e-04 1.902547082863748074e-04 3.918794027413241565e-05 1.346929057035595179e-04 2.090296402457170188e-05 3.694787301355972886e-05 8.105524102575145662e-06 1.530317604192532599e-05 6.330552878353046253e-06 6.613806181121617556e-05 1.575153510202653706e-05 8.519129579553919029e-08
5.000000000000000000e+03 2.474609354976564646e-04 1.371416146866977215e-04 3.188776099705137312e-05 8.465582504868507385e-05 1.551967761770356447e-05 3.470936280791647732e-05 8.229738341469783336e-06 6.977919838391244411e-06 4.507399353315122426e-06 5.022481127525679767e-05 1.138078459916869178e-05 1.404799604642903432e-06 2.474609354976564646e-04 1.371416146866977215e-04 3.188776099705137312e-05 8.465582504868507385e-05 1.551967761770356447e-05 3.470936280791647732e-05 8.229738341469783336e-06 6.977919838391244411e-06 4.507399353315122426e-06 5.022481127525679767e-05 1.138078459916869178e-05 1.404799604642903432e-06
6.000000000000000000e+03 1.876313617685809731e-04 1.157656952273100615e-04 3.858611671603284776e-05 7.267644105013459921e-05 1.002659610094269738e-05 3.375833694008179009e-05 5.461787623062264174e-06 3.276918050687527284e-06 4.206180619803490117e-06 5.080812843516469002e-05 8.621973393019288778e-06 7.248468705256527755e-07 1.876313617685809731e-04 1.157656952273100615e-04 3.858611671603284776e-05 7.267644105013459921e-05 1.002659610094269738e-05 3.375833694008179009e-05 5.461787623062264174e-06 3.276918050687527284e-06 4.206180619803490117e-06 5.080812843516469002e-05 8.621973393019288778e-06 7.248468705256527755e-07
7.000000000000000000e+03 1.318230497417971492e-04 9.331406909041106701e-05 3.132680649287067354e-05 5.713069913326762617e-05 7.523769454564899206e-06 3.211730290786363184e-05 5.497152869793353602e-06 2.160125404770951718e-06 1.989425300052971579e-06 4.238217661622911692e-05 9.436867912882007658e-06 8.688547495694365352e-06 1.318230497417971492e-04 9.331406909041106701e-05 3.132680649287067354e-05 5.713069913326762617e-05 7.523769454564899206e-06 3.211730290786363184e-05 5.497152869793353602e-06 2.160125404770951718e-06 1.989425300052971579e-06 4.238217661622911692e-05 9.436867912882007658e-06 8.688547495694365352e-06
8.000000000000000000e+03 8.851352322380989790e-05 7.216625090222805738e-05 2.109605156874749810e-05 3.955317151849158108e-05 5.042314114689361304e-06 2.850486271199770272e-05 1.551684704281797167e-06 2.688778295123483986e-06 1.439988409401848912e-06 3.151078999508172274e-05 5.231676368566695601e-06 5.819997284106648294e-08 8.851352322380989790e-05 7.216625090222805738e-05 2.109605156874749810e-05 3.955317151849158108e-05 5.042314114689361304e-06 2.850486271199770272e-05 1.551684704281797167e-06 2.688778295123483986e-06 1.439988409401848912e-06 3.151078999508172274e-05 5.231676368566695601e-06 5.819997284106648294e-08
9.000000000000000000e+03 1.470016723033040762e-04 3.253005561418831348e-04 5.025283899158239365e-04 6.203226512297987938e-04 3.190025381627492607e-05 5.372117811930365860e-05 7.301975415430206340e-07 2.481884257576894015e-05 6.712274625897407532e-05 8.214192348532378674e-04 1.615642395336180925e-05 4.316458362154662609e-04 1.470016723033040762e-04 3.253005561418831348e-04 5.025283899158239365e-04 6.203226512297987938e-04 3.190025381627492607e-05 5.372117811930365860e-05 7.301975415430206340e-07 2.481884257576894015e-05 6.712274625897407532e-05 8.214192348532378674e-04 1.615642395336180925e-05 4.316458362154662609e-04
1.000000000000000000e+04 4.694418748840689659e-05 5.074133514426648617e-05 1.483739742980105802e-05 8.888231604942120612e-06 9.654385394242126495e-06 2.435620626783929765e-05 1.202189537252706941e-06 1.285824168917315546e-06 3.334195753268431872e-06 3.969982572016306221e-05 2.026833681156858802e-05 9.734558261698111892e-06 4.694418748840689659e-05 5.074133514426648617e-05 1.483739742980105802e-05 8.888231604942120612e-06 9.654385394242126495e-06 2.435620626783929765e-05 1.202189537252706941e-06 1.285824168917315546e-06 3.334195753268431872e-06 3.969982572016306221e-05 2.026833681156858802e-05 9.734558261698111892e-06
1.100000000000000000e+04 3.673014361993409693e-05 5.788300404674373567e-05 3.608818951761350036e-05 3.360112896189093590e-05 3.322177690279204398e-06 2.031356780207715929e-05 1.098761231332900934e-06 7.884030424065713305e-07 2.847490350177395158e-06 3.539780300343409181e-05 3.103793460468295962e-06 7.919683412183076143e-06 3.673014361993409693e-05 5.788300404674373567e-05 3.608818951761350036e-05 3.360112896189093590e-05 3.322177690279204398e-06 2.031356780207715929e-05 1.098761231332900934e-06 7.884030424065713305e-07 2.847490350177395158e-06 3.539780300343409181e-05 3.103793460468295962e-06 7.919683412183076143e-06
1.200000000000000000e+04 7.461632776539772749e-05 9.511804819339886308e-05 3.669311627163551748e-05 3.973042475990951061e-05 2.730778760451357812e-05 1.766149762261193246e-05 1.901047471619676799e-05 3.892104359692893922e-05 1.542581412650179118e-05 2.146038023056462407e-04 1.212447750731371343e-04 1.819345779949799180e-04 7.461632776539772749e-05 9.511804819339886308e-05 3.669311627163551748e-05 3.973042475990951061e-05 2.730778760451357812e-05 1.766149762261193246e-05 1.901047471619676799e-05 3.892104359692893922e-05 1.542581412650179118e-05 2.146038023056462407e-04 1.212447750731371343e-04 1.819345779949799180e-04
1.300000000000000000e+04 1.887006146716885269e-05 3.321426265756599605e-05 1.173990494862664491e-05 6.069431947253178805e-06 2.265491957587073557e-06 1.248312310053734109e-05 1.202792532239982393e-06 1.244433065039629582e-06 9.994313359129591845e-07 1.109975073632085696e-05 2.069747324640047736e-06 5.626348098530797870e-08 1.887006146716885269e-05 3.321426265756599605e-05 1.173990494862664491e-05 6.069431947253178805e-06 2.265491957587073557e-06 1.248312310053734109e-05 1.202792532239982393e-06 1.244433065039629582e-06 9.994313359129591845e-07 1.109975073632085696e-05 2.069747324640047736e-06 5.626348098530797870e-08
1.400000000000000000e+04 4.851649646298028529e-05 7.608820305904373527e-05 5.649134618579410017e-05 5.574288297793827951e-05 1.426269136572955176e-05 1.157440328825032339e-05 4.607270511769456789e-06 1.145713576988782734e-05 2.705654333112761378e-05 2.021332038566470146e-04 4.723797246697358787e-05 2.375444164499640465e-04 4.851649646298028529e-05 7.608820305904373527e-05 5.649134618579410017e-05 5.574288297793827951e-05 1.426269136572955176e-05 1.157440328825032339e-05 4.607270511769456789e-06 1.145713576988782734e-05 2.705654333112761378e-05 2.021332038566470146e-04 4.723797246697358787e-05 2.375444164499640465e-04
1.500000000000000000e+04 1.882360629679169506e-05 3.583197394618764520e-05 1.942654489539563656e-05 1.656609128986019641e-05 2.590671101643238217e-06 9.466969459026586264e-06 1.168734911516366992e-06 1.873174142019706778e-06 1.864269620455161203e-06 1.605215220479294658e-05 2.022794433287344873e-06 1.313939355895854533e-05 1.882360629679169506e-05 3.583197394618764520e-05 1.942654489539563656e-05 1.656609128986019641e-05 2.590671101643238217e-06 9.466969459026586264e-06 1.168734911516366992e-06 1.873174142019706778e-06 1.864269620455161203e-06 1.605215220479294658e-05 2.022794433287344873e-06 1.313939355895854533e-05
1.600000000000000000e+04 1.314486689807381481e-05 2.387124186498112977e-05 9.912984751281328499e-06 4.720490778709063306e-06 2.422508487143204547e-06 6.640044830419356003e-06 1.123100446420721710e-06 4.740297754324274138e-07 8.090843266472802497e-07 8.563591109123080969e-06 1.462220211578824092e-06 4.776260880134941544e-07 1.314486689807381481e-05 2.387124186498112977e-05 9.912984751281328499e-06 4.720490778709063306e-06 2.422508487143204547e-06 6.640044830419356003e-06 1.123100446420721710e-06 4.740297754324274138e-07 8.090843266472802497e-07 8.563591109123080969e-06 1.462220211578824092e-06 4.776260880134941544e-07
1.700000000000000000e+04 1.374046496493974701e-05 2.377002965658903122e-05 1.038292248267680407e-05 6.395545824489090592e-06 4.107106633455259725e-06 6.834689884271938354e-06 5.284321105136768892e-07 9.053169378603342921e-07 7.089309406183019746e-07 8.603511560068000108e-06 3.399893103050999343e-06 1.533497311356768478e-06 1.374046496493974701e-05 2.377002965658903122e-05 1.038292248267680407e-05 6.395545824489090592e-06 4.107106633455259725e-06 6.834689884271938354e-06 5.284321105136768892e-07 9.053169378603342921e-07 7.089309406183019746e-07 8.603511560068000108e-06 3.399893103050999343e-06 1.533497311356768478e-06
1.800000000000000000e+04 1.074087595043238252e-05 2.074454278044868261e-05 8.268650162790436298e-06 5.203538876230595633e-06 3.109158342340379022e-06 4.345655270299175754e-06 1.133541672970750369e-06 1.080942865883116610e-06 1.434583850823401008e-06 4.780269591719843447e-06 3.825261501333443448e-06 8.820765287964604795e-06 1.074087595043238252e-05 2.074454278044868261e-05 8.268650162790436298e-06 5.203538876230595633e-06 3.109158342340379022e-06 4.345655270299175754e-06 1.133541672970750369e-06 1.080942865883116610e-06 1.434583850823401008e-06 4.780269591719843447e-06 3.825261501333443448e-06 8.820765287964604795e-06
1.900000000000000000e+04 1.069927020580507815e-05 1.912306106532923877e-05 7.772321623633615673e-06 4.507152880250941962e-06 3.996364284830633551e-06 3.765361270779976621e-06 1.229744952979672235e-06 2.068232788587920368e-06 1.134717308559629600e-06 8.179104952432680875e-06 5.223348580329911783e-06 1.872975644801044837e-06 1.069927020580507815e-05 1.912306106532923877e-05 7.772321623633615673e-06 4.507152880250941962e-06 3.996364284830633551e-06 3.765361270779976621e-06 1.229744952979672235e-06 2.068232788587920368e-06 1.134717308559629600e-06 8.179104952432680875e-06 5.223348580329911783e-06 1.872975644801044837e-06
2.000000000000000000e+04 7.600697699672309682e-06 1.603795135451946408e-05 5.157749001227784902e-06 2.934520807684748434e-06 1.690252020125626586e-06 3.429439630053821020e-06 6.314913889582385309e-07 4.521304788340785308e-07 5.818710633320733905e-07 1.836249566622427665e-06 1.048171156980970409e-06 8.883162649908626918e-08 7.600697699672309682e-06 1.603795135451946408e-05 5.157749001227784902e-06 2.934520807684748434e-06 1.690252020125626586e-06 3.429439630053821020e-06 6.314913889582385309e-07 4.521304788340785308e-07 5.818710633320733905e-07 1.836249566622427665e-06 1.048171156980970409e-06 8.883162649908626918e-08
2.100000000000000000e+04 2.853104888345114887e-05 5.148150012246333063e-05 2.880270949390251189e-05 3.403341179364360869e-05 7.922024451545439661e-06 7.115912922017741948e-06 2.574618292783270590e-06 3.450670646998332813e-06 7.059052677504951134e-06 5.764849993283860385e-05 1.342807627224829048e-05 7.308858039323240519e-05 2.853104888345114887e-05 5.148150012246333063e-05 2.880270949390251189e-05 3.403341179364360869e-05 7.922024451545439661e-06 7.115912922017741948e-06 2.574618292783270590e-06 3.450670646998332813e-06 7.059052677504951134e-06 5.764849993283860385e-05 1.342807627224829048e-05 7.308858039323240519e-05
2.200000000000000000e+04 2.020496867771726102e-05 3.205043685738928616e-05 1.623555908736307174e-05 1.501582300988957286e-05 4.295711278246017173e-06 3.697715555972536094e-06 2.344869926673709415e-06 4.507120593189029023e-06 5.250627964414888993e-06 5.212036921875551343e-05 1.318401518801692873e-05 4.963904939359053969e-05 2.020496867771726102e-05 3.205043685738928616e-05 1.623555908736307174e-05 1.501582300988957286e-05 4.295711278246017173e-06 3.697715555972536094e-06 2.344869926673709415e-06 4.507120593189029023e-06 5.250627964414888993e-06 5.212036921875551343e-05 1.318401518801692873e-05 4.963904939359053969e-05
2.300000000000000000e+04 3.039044531760737300e-05 5.705825969926081598e-05 3.752175325644202530e-05 4.495459506870247424e-05 7.803732842148747295e-06 5.029390649724518880e-06 1.486451196797133889e-06 1.953873834281694144e-06 8.145192623487673700e-06 3.711902900249697268e-05 1.016896749206352979e-05 7.613596972078084946e-05 3.039044531760737300e-05 5.705825969926081598e-05 3.752175325644202530e-05 4.495459506870247424e-05 7.803732842148747295e-06 5.029390649724518880e-06 1.486451196797133889e-06 1.953873834281694144e-06 8.145192623487673700e-06 3.711902900249697268e-05 1.016896749206352979e-05 7.613596972078084946e-05
2.400000000000000000e+04 6.405369731510290876e-06 1.166481160908006132e-05 4.004365109722130001e-06 2.750619842117885128e-06 1.814071310946019366e-06 2.648318741194088943e-06 6.585655114577093627e-07 2.373525376242469065e-07 5.792892920908343513e-07 1.818235659811762162e-06 1.098680741051794030e-06 2.427151741812849650e-07 6.405369731510290876e-06 1.166481160908006132e-05 4.004365109722130001e-06 2.750619842117885128e-06 1.814071310946019366e-06 2.648318741194088943e-06 6.585655114577093627e-07 2.373525376242469065e-07 5.792892920908343513e-07 1.818235659811762162e-06 1.098680741051794030e-06 2.427151741812849650e-07
2.500000000000000000e+04 5.816651992063270882e-06 1.095242078008595854e-05 3.970073976233834401e-06 2.984691946039674804e-06 1.507868546468671411e-06 2.380495061515830457e-06 4.725742712707869941e-07 2.318966352277129772e-07 4.113582292575301835e-07 1.488905581936705858e-06 1.142565110967552755e-06 2.344378557950221875e-08 5.816651992063270882e-06 1.095242078008595854e-05 3.970073976233834401e-06 2.984691946039674804e-06 1.507868546468671411e-06 2.380495061515830457e-06 4.725742712707869941e-07 2.318966352277129772e-07 4.113582292575301835e-07 1.488905581936705858e-06 1.142565110967552755e-06 2.344378557950221875e-08
2.600000000000000000e+04 7.662110874662175775e-06 1.359188627247931436e-05 5.778745162388077006e-06 5.045552825322374701e-06 1.962434225788456388e-06 2.327731635887175798e-06 6.957666869311651681e-07 6.580781359843967948e-07 1.265758896806801204e-06 1.106385752791538835e-05 2.837504780472954735e-06 1.047076239046873525e-05 7.662110874662175775e-06 1.359188627247931436e-05 5.778745162388077006e-06 5.045552825322374701e-06 1.962434225788456388e-06 2.327731635887175798e-06 6.957666869311651681e-07 6.580781359843967948e-07 1.265758896806801204e-06 1.106385752791538835e-05 2.837504780472954735e-06 1.047076239046873525e-05
2.700000000000000000e+04 9.071294698514975607e-06 1.092947786673903465e-05 5.858618351339828223e-06 4.474778961593983695e-06 5.705725016014184803e-06 3.308550503788865171e-06 1.306743229179119226e-06 2.007438752116286196e-06 1.110436869566910900e-06 9.331686669611372054e-06 8.424876796198077500e-06 2.929782283445092617e-07 9.071294698514975607e-06 1.092947786673903465e-05 5.858618351339828223e-06 4.474778961593983695e-06 5.705725016014184803e-06 3.308550503788865171e-06 1.306743229179119226e-06 2.007438752116286196e-06 1.110436869566910900e-06 9.331686669611372054e-06 8.424876796198077500e-06 2.929782283445092617e-07
2.800000000000000000e+04 8.631079253973439336e-06 1.615489600226283073e-05 9.648820196161977947e-06 9.145649528363719583e-06 5.267339474812615663e-06 3.208923999409307726e-06 1.212293113894702401e-06 5.108180403112783097e-07 1.440281266695819795e-06 4.551218808046542108e-06 3.968063083448214456e-06 1.565612183185294271e-05 8.631079253973439336e-06 1.615489600226283073e-05 9.648820196161977947e-06 9.145649528363719583e-06 5.267339474812615663e-06 3.208923999409307726e-06 1.212293113894702401e-06 5.108180403112783097e-07 1.440281266695819795e-06 4.551218808046542108e-06 3.968063083448214456e-06 1.565612183185294271e-05
2.900000000000000000e+04 5.833442628500051796e-06 7.420936071866890416e-06 3.208377165719866753e-06 2.738667262747185305e-06 1.441025119675032329e-06 2.014649680859292857e-06 5.137479206496209372e-07 3.338887495374365244e-07 3.197898763573903125e-07 4.232314495311584324e-06 7.318394636968150735e-07 4.218619409357415861e-08 5.833442628500051796e-06 7.420936071866890416e-06 3.208377165719866753e-06 2.738667262747185305e-06 1.441025119675032329e-06 2.014649680859292857e-06 5.137479206496209372e-07 3.338887495374365244e-07 3.197898763573903125e-07 4.232314495311584324e-06 7.318394636968150735e-07 4.218619409357415861e-08
3.000000000000000000e+04 4.653150881495093927e-06 6.431482233892893419e-06 2.331181804038351402e-06 2.004434691116330214e-06 1.319087346018932294e-06 1.900026518342201598e-06 5.031336627325799782e-07 2.437194552840082906e-07 2.880162526253116084e-07 2.270921640956657939e-06 6.204089686434599571e-07 6.862080113023694139e-07 4.653150881495093927e-06 6.431482233892893419e-06 2.331181804038351402e-06 2.004434691116330214e-06 1.319087346018932294e-06 1.900026518342201598e-06 5.031336627325799782e-07 2.437194552840082906e-07 2.880162526253116084e-07 2.270921640956657939e-06 6.204089686434599571e-07 6.862080113023694139e-07
3.100000000000000000e+04 1.183696076623164117e-05 1.795763455447740853e-05 8.809255632513668388e-06 8.690284630574751645e-06 2.371358959862845950e-06 2.662748329385067336e-06 6.094169293646700680e-07 7.373267862931243144e-07 1.316987550126214046e-06 2.127458901668433100e-05 1.764717694641149137e-06 1.359251200483413413e-05 1.183696076623164117e-05 1.795763455447740853e-05 8.809255632513668388e-06 8.690284630574751645e-06 2.371358959862845950e-06 2.662748329385067336e-06 6.094169293646700680e-07 7.373267862931243144e-07 1.316987550126214046e-06 2.127458901668433100e-05 1.764717694641149137e-06 1.359251200483413413e-05
3.200000000000000000e+04 4.086731678398791701e-06 5.428725671663414687e-06 2.041181687673088163e-06 1.896975618365104310e-06 1.319470243288378697e-06 1.711573190732451621e-06 4.275860590041702380e-07 1.943978276131019811e-07 2.086968180492476677e-07 1.228614564752206206e-06 4.357194711701595224e-07 3.894972788742734338e-09 4.086731678398791701e-06 5.428725671663414687e-06 2.041181687673088163e-06 1.896975618365104310e-06 1.319470243288378697e-06 1.711573190732451621e-06 4.275860590041702380e-07 1.943978276131019811e-07 2.086968180492476677e-07 1.228614564752206206e-06 4.357194711701595224e-07 3.894972788742734338e-09
3.300000000000000000e+04 6.378877969837049022e-06 9.867196240520570427e-06 4.868801624979823828e-06 4.945226010022452101e-06 1.939228923220071010e-06 2.105371549987467006e-06 4.563323727779788896e-07 3.367461545167316217e-07 6.503095164589467458e-07 6.488703093054937199e-06 8.215332627514726482e-07 5.682358732883585617e-06 6.378877969837049022e-06 9.867196240520570427e-06 4.868801624979823828e-06 4.945226010022452101e-06 1.939228923220071010e-06 2.105371549987467006e-06 4.563323727779788896e-07 3.367461545167316217e-07 6.503095164589467458e-07 6.488703093054937199e-06 8.215332627514726482e-07 5.682358732883585617e-06
3.400000000000000000e+04 7.481274678866611794e-06 1.083461120288120583e-05 5.859862085344502702e-06 6.871358436910668388e-06 4.169758085481589660e-06 1.820795091589388903e-06 4.895485403721977491e-07 2.947506118289311416e-06 3.887796822255040752e-07 1.581843389431014657e-05 6.556660991918761283e-06 3.675083064536011079e-07 7.481274678866611794e-06 1.083461120288120583e-05 5.859862085344502702e-06 6.871358436910668388e-06 4.169758085481589660e-06 1.820795091589388903e-06 4.895485403721977491e-07 2.947506118289311416e-06 3.887796822255040752e-07 1.581843389431014657e-05 6.556660991918761283e-06 3.675083064536011079e-07
3.500000000000000000e+04 4.890555828751530498e-06 5.284683993522776291e-06 2.058505060631432571e-06 2.231502094218740240e-06 2.175924237235449255e-06 2.052403715424588881e-06 1.278915874536323827e-06 2.999972821271512657e-07 8.924537269194843248e-07 2.717476945690577850e-06 3.577881216187961400e-06 1.071160477295052260e-05 4.890555828751530498e-06 5.284683993522776291e-06 2.058505060631432571e-06 2.231502094218740240e-06 2.175924237235449255e-06 2.052403715424588881e-06 1.278915874536323827e-06 2.999972821271512657e-07 8.924537269194843248e-07 2.717476945690577850e-06 3.577881216187961400e-06 1.071160477295052260e-05
3.600000000000000000e+04 1.211331164086004719e-05 1.676496503932867199e-05 1.563992191222496331e-05 1.133422847487963736e-05 9.075739399122539908e-06 4.032222477690083906e-06 1.928602614498231560e-06 2.051648607448441908e-06 1.114963424697634764e-06 1.311055621044943109e-05 1.511588016001041979e-05 2.230325293339774362e-07 1.211331164086004719e-05 1.676496503932867199e-05 1.563992191222496331e-05 1.133422847487963736e-05 9.075739399122539908e-06 4.032222477690083906e-06 1.928602614498231560e-06 2.051648607448441908e-06 1.114963424697634764e-06 1.311055621044943109e-05 1.511588016001041979e-05 2.230325293339774362e-07
3.700000000000000000e+04 4.165754944551736116e-06 4.615231773641426116e-06 2.234477278761914931e-06 2.187711970691452734e-06 1.168366111414798070e-06 1.450233071409456898e-06 3.375592427801166195e-07 3.246308892812521663e-07 1.943098482115601655e-07 3.679665269373799674e-06 4.165366931374592241e-07 1.213524569720902946e-06 4.165754944551736116e-06 4.615231773641426116e-06 2.234477278761914931e-06 2.187711970691452734e-06 1.168366111414798070e-06 1.450233071409456898e-06 3.375592427801166195e-07 3.246308892812521663e-07 1.943098482115601655e-07 3.679665269373799674e-06 4.165366931374592241e-07 1.213524569720902946e-06
3.800000000000000000e+04 3.243702849431429058e-06 3.875408310705097392e-06 1.738992637001501862e-06 1.844520625127188396e-06 1.063247509591747075e-06 1.258575593965360895e-06 2.753259877863456495e-07 6.205575431295073940e-08 1.122771635664321366e-07 8.510227189617580734e-07 3.032789379631140037e-07 4.284048671365781047e-08 3.243702849431429058e-06 3.875408310705097392e-06 1.738992637001501862e-06 1.844520625127188396e-06 1.063247509591747075e-06 1.258575593965360895e-06 2.753259877863456495e-07 6.205575431295073940e-08 1.122771635664321366e-07 8.510227189617580734e-07 3.032789379631140037e-07 4.284048671365781047e-08
3.900000000000000000e+04 3.187956508554634638e-06 3.819003268290543929e-06 1.753845822349830996e-06 1.845732640504138544e-06 1.057766212397837080e-06 1.191424530588847119e-06 2.939249554856360191e-07 1.060236414218707068e-07 1.343376823115249863e-07 1.599613369762664661e-06 3.202378593414323404e-07 3.159167363264714368e-07 3.187956508554634638e-06 3.819003268290543929e-06 1.753845822349830996e-06 1.845732640504138544e-06 1.057766212397837080e-06 1.191424530588847119e-06 2.939249554856360191e-07 1.060236414218707068e-07 1.343376823115249863e-07 1.599613369762664661e-06 3.202378593414323404e-07 3.159167363264714368e-07
4.000000000000000000e+04 5.607776074612047523e-06 6.290235887718154117e-06 3.747170694623491727e-06 4.644012278731679544e-06 1.528865141153801233e-06 1.167131244983465876e-06 4.103365540686354507e-07 5.169710561858664732e-07 1.373405069671207457e-07 6.398620371328433976e-06 1.248397438757820055e-06 1.831741542446252424e-06 5.607776074612047523e-06 6.290235887718154117e-06 3.747170694623491727e-06 4.644012278731679544e-06 1.528865141153801233e-06 1.167131244983465876e-06 4.103365540686354507e-07 5.169710561858664732e-07 1.373405069671207457e-07 6.398620371328433976e-06 1.248397438757820055e-06 1.831741542446252424e-06
4.100000000000000000e+04 4.962169441569130868e-06 7.692413419135846198e-06 4.784458269568858668e-06 5.369301561586325988e-06 2.114109292961074971e-06 1.671327481744810939e-06 3.481191868104360765e-07 1.875789479299783125e-07 4.094510757113312138e-07 4.148301741224713624e-06 4.855915562984591816e-07 3.563932295946869999e-06 4.962169441569130868e-06 7.692413419135846198e-06 4.784458269568858668e-06 5.369301561586325988e-06 2.114109292961074971e-06 1.671327481744810939e-06 3.481191868104360765e-07 1.875789479299783125e-07 4.094510757113312138e-07 4.148301741224713624e-06 4.855915562984591816e-07 3.563932295946869999e-06
4.200000000000000000e+04 2.031111398537177593e-05 2.802743802021723241e-05 1.032912587106693536e-05 1.857817187556065619e-05 1.258546853932784870e-05 3.993959126091795042e-06 8.307783332384133246e-07 4.862165042140986770e-06 1.013328414956049528e-06 3.087801451329141855e-05 1.553696347400546074e-05 1.282691783899281290e-07 2.031111398537177593e-05 2.802743802021723241e-05 1.032912587106693536e-05 1.857817187556065619e-05 1.258546853932784870e-05 3.993959126091795042e-06 8.307783332384133246e-07 4.862165042140986770e-06 1.013328414956049528e-06 3.087801451329141855e-05 1.553696347400546074e-05 1.282691783899281290e-07
4.300000000000000000e+04 4.704579168901545927e-06 6.834479336248477921e-06 4.732665729534346610e-06 4.483315933612175286e-06 1.912138486659387127e-06 1.615101950847019907e-06 5.802114060315943789e-07 1.585502360512691666e-07 1.705566319287754595e-07 3.520094651321414858e-06 1.706192961137276143e-06 5.166976961845648475e-07 4.704579168901545927e-06 6.834479336248477921e-06 4.732665729534346610e-06 4.483315933612175286e-06 1.912138486659387127e-06 1.615101950847019907e-06 5.802114060315943789e-07 1.585502360512691666e-07 1.705566319287754595e-07 3.520094651321414858e-06 1.706192961137276143e-06 5.166976961845648475e-07
4.400000000000000000e+04 2.952437853309675120e-06 3.678884240798652172e-06 1.934766487465822138e-06 2.182473963330266997e-06 1.102548367271083407e-06 1.015336238197050989e-06 3.282088130163174355e-07 1.461801559798914241e-07 1.086733121269389812e-07 1.023945287670358084e-06 5.103564717501285486e-07 4.352581073341355022e-10 2.952437853309675120e-06 3.678884240798652172e-06 1.934766487465822138e-06 2.182473963330266997e-06 1.102548367271083407e-06 1.015336238197050989e-06 3.282088130163174355e-07 1.461801559798914241e-07 1.086733121269389812e-07 1.023945287670358084e-06 5.103564717501285486e-07 4.352581073341355022e-10
4.500000000000000000e+04 2.386676897003781050e-05 1.942886228789575398e-05 1.163547494797967374e-05 1.406111914548091590e-05 1.737774800858460367e-05 1.506697458353301045e-06 1.866521756710426416e-06 1.539827644592151046e-05 2.988315145557862706e-06 1.038567934301681817e-04 2.595204932731576264e-05 1.953909486474003643e-05 2.386676897003781050e-05 1.942886228789575398e-05 1.163547494797967374e-05 1.406111914548091590e-05 1.737774800858460367e-05 1.506697458353301045e-06 1.866521756710426416e-06 1.539827644592151046e-05 2.988315145557862706e-06 1.038567934301681817e-04 2.595204932731576264e-05 1.953909486474003643e-05
4.600000000000000000e+04 2.442782715661451221e-06 2.839433136614388786e-06 1.526149844721658155e-06 1.566154537613329012e-06 1.115623604164284188e-06 9.682233894636738114e-07 3.356440458901488455e-07 3.270369575147924479e-07 1.235662949738980387e-07 1.703025986898865085e-06 5.893495540476578753e-07 3.033966322618653066e-07 2.442782715661451221e-06 2.839433136614388786e-06 1.526149844721658155e-06 1.566154537613329012e-06 1.115623604164284188e-06 9.682233894636738114e-07 3.356440458901488455e-07 3.270369575147924479e-07 1.235662949738980387e-07 1.703025986898865085e-06 5.893495540476578753e-07 3.033966322618653066e-07
4.700000000000000000e+04 2.146487531717866659e-06 2.456113406879012473e-06 1.436709567315119784e-06 1.412443566550791729e-06 8.632936783214972820e-07 8.676408356222964358e-07 2.602469919565919554e-07 7.171876603706550668e-08 9.621550844940429670e-08 6.397544893843587488e-07 1.915385325901297620e-07 1.716325570555454760e-08 2.146487531717866659e-06 2.456113406879012473e-06 1.436709567315119784e-06 1.412443566550791729e-06 8.632936783214972820e-07 8.676408356222964358e-07 2.602469919565919554e-07 7.171876603706550668e-08 9.621550844940429670e-08 6.397544893843587488e-07 1.915385325901297620e-07 1.716325570555454760e-08
4.800000000000000000e+04 3.549406301317503676e-06 4.237332177581265569e-06 3.073820153076667339e-06 2.277446583320852369e-06 3.249414248784887604e-06 9.701415137897129171e-07 2.695700800359190907e-07 1.244481381945661269e-06 4.222542884235735983e-07 8.290814548672642559e-06 3.605515530580305494e-06 2.083247210293848184e-07 3.549406301317503676e-06 4.237332177581265569e-06 3.073820153076667339e-06 2.277446583320852369e-06 3.249414248784887604e-06 9.701415137897129171e-07 2.695700800359190907e-07 1.244481381945661269e-06 4.222542884235735983e-07 8.290814548672642559e-06 3.605515530580305494e-06 2.083247210293848184e-07
4.900000000000000000e+04 2.061745362880174071e-06 2.372516291870852001e-06 1.462388581785489805e-06 1.380899334435525816e-06 8.613906175014562905e-07 7.781774797877005767e-07 2.245865715622130665e-07 6.318240508562666946e-08 1.112742538111888280e-07 7.854725367906212341e-07 2.384841764069278724e-07 2.151543441186731798e-07 2.061745362880174071e-06 2.372516291870852001e-06 1.462388581785489805e-06 1.380899334435525816e-06 8.613906175014562905e-07 7.781774797877005767e-07 2.245865715622130665e-07 6.318240508562666946e-08 1.112742538111888280e-07 7.854725367906212341e-07 2.384841764069278724e-07 2.151543441186731798e-07
5.000000000000000000e+04 4.530187652562744915e-06 4.589885065797716379e-06 2.009310492212534882e-06 1.914021368065732531e-06 2.549978717070189305e-06 1.406618935106962454e-06 2.314313434226278332e-07 1.196010117610057932e-07 3.117829692200757563e-07 4.794450433109886944e-06 2.764521013887133449e-06 3.844752143322693883e-07 4.530187652562744915e-06 4.589885065797716379e-06 2.009310492212534882e-06 1.914021368065732531e-06 2.549978717070189305e-06 1.406618935106962454e-06 2.314313434226278332e-07 1.196010117610057932e-07 3.117829692200757563e-07 4.794450433109886944e-06 2.764521013887133449e-06 3.844752143322693883e-07
5.100000000000000000e+04 3.680419467855244875e-06 4.144819740758975968e-06 2.415948301859316416e-06 2.143279061783687212e-06 1.498875121797027532e-06 1.303382532569230534e-06 4.196637348741205642e-07 3.916332147468892799e-08 2.309511302200917271e-07 6.240852599148638546e-06 1.025530195875035133e-06 1.375721581098332535e-06 3.680419467855244875e-06 4.144819740758975968e-06 2.415948301859316416e-06 2.143279061783687212e-06 1.498875121797027532e-06 1.303382532569230534e-06 4.196637348741205642e-07 3.916332147468892799e-08 2.309511302200917271e-07 6.240852599148638546e-06 1.025530195875035133e-06 1.375721581098332535e-06
5.200000000000000000e+04 4.927649570163339376e-06 5.558287284657126293e-06 3.826932697847951204e-06 3.899030161846894771e-06 1.399151983605406713e-06 1.129031716118333861e-06 3.807820689871732611e-07 7.962167813957421458e-08 1.192473888522727066e-07 7.154965260269818828e-06 8.672458307046326809e-07 1.586167002187721664e-07 4.927649570163339376e-06 5.558287284657126293e-06 3.826932697847951204e-06 3.899030161846894771e-06 1.399151983605406713e-06 1.129031716118333861e-06 3.807820689871732611e-07 7.962167813957421458e-08 1.192473888522727066e-07 7.154965260269818828e-06 8.672458307046326809e-07 1.586167002187721664e-07
5.300000000000000000e+04 4.586730938171967864e-06 8.151866495609283447e-06 5.552169113798299804e-06 6.105746251705568284e-06 1.569229084452672396e-06 8.416769787800149061e-07 3.190502582128829090e-07 2.901785762787767453e-07 3.047482266538281692e-07 2.339342245250009000e-06 5.561333296100201551e-07 1.261180614164914005e-06 4.586730938171967864e-06 8.151866495609283447e-06 5.552169113798299804e-06 6.105746251705568284e-06 1.569229084452672396e-06 8.416769787800149061e-07 3.190502582128829090e-07 2.901785762787767453e-07 3.047482266538281692e-07 2.339342245250009000e-06 5.561333296100201551e-07 1.261180614164914005e-06
5.400000000000000000e+04 4.446611001185374334e-06 3.833366008620942011e-06 2.467309286657837220e-06 1.552408093630219810e-06 3.534899178703199141e-06 1.225386768055614084e-06 3.612074976899748435e-07 2.820616771259665256e-07 5.427850737760309130e-07 4.548712240648455918e-06 4.778729817189741880e-06 3.983249996508675395e-07 4.446611001185374334e-06 3.833366008620942011e-06 2.467309286657837220e-06 1.552408093630219810e-06 3.534899178703199141e-06 1.225386768055614084e-06 3.612074976899748435e-07 2.820616771259665256e-07 5.427850737760309130e-07 4.548712240648455918e-06 4.778729817189741880e-06 3.983249996508675395e-07
5.500000000000000000e+04 3.553060878402902745e-06 3.016682740053511225e-06 1.872919142442697193e-06 1.926787490447168238e-06 3.205786470061866567e-06 1.123403649216925260e-06 4.833260049963428173e-07 2.037141939581488259e-06 2.538097874094091821e-07 9.247783054888714105e-06 2.962659436889225617e-06 6.784842980778194033e-07 3.553060878402902745e-06 3.016682740053511225e-06 1.872919142442697193e-06 1.926787490447168238e-06 3.205786470061866567e-06 1.123403649216925260e-06 4.833260049963428173e-07 2.037141939581488259e-06 2.538097874094091821e-07 9.247783054888714105e-06 2.962659436889225617e-06 6.784842980778194033e-07
5.600000000000000000e+04 2.053925754808005877e-06 2.448541181365726516e-06 1.506327748757030349e-06 1.408524212820339017e-06 1.014102167573582847e-06 6.683782771688129287e-07 2.484116237155831186e-07 4.961330546393583063e-08 1.389921919781045290e-07 9.385745443069026805e-07 6.697760568386001978e-07 4.657820085185448988e-08 2.053925754808005877e-06 2.448541181365726516e-06 1.506327748757030349e-06 1.408524212820339017e-06 1.014102167573582847e-06 6.683782771688129287e-07 2.484116237155831186e-07 4.961330546393583063e-08 1.389921919781045290e-07 9.385745443069026805e-07 6.697760568386001978e-07 4.657820085185448988e-08
5.700000000000000000e+04 4.614078989106928930e-06 4.009038548247190192e-06 2.659602614585310221e-06 1.975443865376291797e-06 2.171509095205692574e-06 9.987849125536740758e-07 4.102109869563719258e-07 7.577864380436949432e-08 3.522872020766953938e-07 3.185606601618928835e-06 3.179160330546437763e-06 4.809459142052219249e-07 4.614078989106928930e-06 4.009038548247190192e-06 2.659602614585310221e-06 1.975443865376291797e-06 2.171509095205692574e-06 9.987849125536740758e-07 4.102109869563719258e-07 7.577864380436949432e-08 3.522872020766953938e-07 3.185606601618928835e-06 3.179160330546437763e-06 4.809459142052219249e-07
5.800000000000000000e+04 1.846622808443498798e-06 1.763940417731646448e-06 1.472232952437479980e-06 1.194574679175275378e-06 8.238826580964087043e-07 5.781569711871270556e-07 2.071940770065339166e-07 1.665772089154415880e-07 8.924939720600377768e-08 1.179213768409681506e-06 2.122139619586960180e-07 3.284928240532281052e-08 1.846622808443498798e-06 1.763940417731646448e-06 1.472232952437479980e-06 1.194574679175275378e-06 8.238826580964087043e-07 5.781569711871270556e-07 2.071940770065339166e-07 1.665772089154415880e-07 8.924939720600377768e-08 1.179213768409681506e-06 2.122139619586960180e-07 3.284928240532281052e-08
5.900000000000000000e+04 3.580158818294876255e-06 3.616798267103149556e-06 1.856860990301356651e-06 1.946306383615592495e-06 2.565853492342284881e-06 1.534713987894065212e-06 5.209766982261498924e-07 1.647130289939013892e-07 2.525088973470701603e-07 5.804181000712560490e-06 2.524557203287258744e-06 3.371179673195001669e-07 3.580158818294876255e-06 3.616798267103149556e-06 1.856860990301356651e-06 1.946306383615592495e-06 2.565853492342284881e-06 1.534713987894065212e-06 5.209766982261498924e-07 1.647130289939013892e-07 2.525088973470701603e-07 5.804181000712560490e-06 2.524557203287258744e-06 3.371179673195001669e-07
6.000000000000000000e+04 2.600073912617517635e-06 2.186986648666788824e-06 2.389449491602135822e-06 1.934211923071416095e-06 1.145830424320593011e-06 5.849398689861118328e-07 2.343654159631114453e-07 3.630286187217279803e-07 8.851318966662802268e-08 1.947292048498638906e-06 2.548787847445055377e-07 4.407385123528229087e-09 2.600073912617517635e-06 2.186986648666788824e-06 2.389449491602135822e-06 1.934211923071416095e-06 1.145830424320593011e-06 5.849398689861118328e-07 2.343654159631114453e-07 3.630286187217279803e-07 8.851318966662802268e-08 1.947292048498638906e-06 2.548787847445055377e-07 4.407385123528229087e-09
6.100000000000000000e+04 2.517130496926256455e-06 2.669403556865290739e-06 2.500248911019298248e-06 1.845953988777182531e-06 1.182896085083484650e-06 5.285876909510989208e-07 3.789724871694488684e-07 3.827414047918864526e-07 3.854142391901405063e-07 5.040995347371790558e-06 8.560124911127786618e-07 2.577990471763769165e-06 2.517130496926256455e-06 2.669403556865290739e-06 2.500248911019298248e-06 1.845953988777182531e-06 1.182896085083484650e-06 5.285876909510989208e-07 3.789724871694488684e-07 3.827414047918864526e-07 3.854142391901405063e-07 5.040995347371790558e-06 8.560124911127786618e-07 2.577990471763769165e-06
6.200000000000000000e+04 2.621895646370830946e-06 4.496983819990418851e-06 4.054149940202478319e-06 3.311334694444667548e-06 8.374803996957780328e-07 7.506729957640345674e-07 2.553148590322962264e-07 4.609329948834783863e-07 1.711661354875104735e-07 4.918029844702687114e-06 2.340497644581773784e-07 6.280650950429844670e-07 2.621895646370830946e-06 4.496983819990418851e-06 4.054149940202478319e-06 3.311334694444667548e-06 8.374803996957780328e-07 7.506729957640345674e-07 2.553148590322962264e-07 4.609329948834783863e-07 1.711661354875104735e-07 4.918029844702687114e-06 2.340497644581773784e-07 6.280650950429844670e-07
6.300000000000000000e+04 1.404970248586323578e-06 1.443208589080313686e-06 1.288362113882612903e-06 9.068897952602128498e-07 7.801309038768522441e-07 5.083522296445153188e-07 2.167254535834217677e-07 4.241659468107172870e-08 9.213074747549399035e-08 7.980681857588933781e-07 1.590332345813294523e-07 3.864101572048639355e-08 1.404970248586323578e-06 1.443208589080313686e-06 1.288362113882612903e-06 9.068897952602128498e-07 7.801309038768522441e-07 5.083522296445153188e-07 2.167254535834217677e-07 4.241659468107172870e-08 9.213074747549399035e-08 7.980681857588933781e-07 1.590332345813294523e-07 3.864101572048639355e-08
6.400000000000000000e+04 1.972693462448660284e-05 3.794547956204041839e-05 2.647766086738556623e-05 2.499607944628223777e-05 2.702780875551979989e-06 7.125628371795755811e-07 5.440796826405858155e-07 5.202592774367076345e-07 1.536948133207260980e-07 1.377187982143368572e-05 2.636038288983399980e-06 7.649532562936656177e-08 1.972693462448660284e-05 3.794547956204041839e-05 2.647766086738556623e-05 2.499607944628223777e-05 2.702780875551979989e-06 7.125628371795755811e-07 5.440796826405858155e-07 5.202592774367076345e-07 1.536948133207260980e-07 1.377187982143368572e-05 2.636038288983399980e-06 7.649532562936656177e-08
6.500000000000000000e+04 1.175150373455835506e-05 2.466580735926982015e-05 2.120562021445948631e-05 2.019545172515790910e-05 1.770091898833925370e-06 8.058991625148337334e-07 3.910601833467808319e-07 1.435403333971407847e-07 1.710591703840691480e-07 4.209686721878824756e-06 2.293214720339165069e-06 2.705333486119343434e-07 1.175150373455835506e-05 2.466580735926982015e-05 2.120562021445948631e-05 2.019545172515790910e-05 1.770091898833925370e-06 8.058991625148337334e-07 3.910601833467808319e-07 1.435403333971407847e-07 1.710591703840691480e-07 4.209686721878824756e-06 2.293214720339165069e-06 2.705333486119343434e-07
6.600000000000000000e+04 1.331272528659610543e-06 1.422319087396317627e-06 1.350850538983650040e-06 9.641191809350857511e-07 7.514980779887991957e-07 4.769784140989941079e-07 2.307318283101267298e-07 4.449575641274350346e-08 1.282420356574220932e-07 5.950378181296400726e-07 1.931038866587186931e-07 3.217686810330633307e-07 1.331272528659610543e-06 1.422319087396317627e-06 1.350850538983650040e-06 9.641191809350857511e-07 7.514980779887991957e-07 4.769784140989941079e-07 2.307318283101267298e-07 4.449575641274350346e-08 1.282420356574220932e-07 5.950378181296400726e-07 1.931038866587186931e-07 3.217686810330633307e-07
6.700000000000000000e+04 5.596562004939187318e-06 9.064644473255611956e-06 4.868009000347228721e-06 4.529225407168269157e-06 3.071479113714303821e-06 1.078291006706422195e-06 3.795776990500598913e-07 4.810607734384575451e-08 2.726498280480882386e-07 6.742920959368348122e-06 1.328817688772687688e-06 1.314680162067816127e-06 5.596562004939187318e-06 9.064644473255611956e-06 4.868009000347228721e-06 4.529225407168269157e-06 3.071479113714303821e-06 1.078291006706422195e-06 3.795776990500598913e-07 4.810607734384575451e-08 2.726498280480882386e-07 6.742920959368348122e-06 1.328817688772687688e-06 1.314680162067816127e-06
6.800000000000000000e+04 7.023587386356666684e-06 1.501582300988957286e-05 1.166386209661141038e-05 9.535901881463360041e-06 3.203427922926493920e-06 4.628390399830095703e-07 2.300433834534487687e-07 7.060868369990203064e-07 6.551671276611159556e-07 7.307360192498890683e-06 1.507767706243612338e-06 3.384395768080139533e-06 7.023587386356666684e-06 1.501582300988957286e-05 1.166386209661141038e-05 9.535901881463360041e-06 3.203427922926493920e-06 4.628390399830095703e-07 2.300433834534487687e-07 7.060868369990203064e-07 6.551671276611159556e-07 7.307360192498890683e-06 1.507767706243612338e-06 3.384395768080139533e-06
6.900000000000000000e+04 4.079575319337891415e-06 4.545572210190584883e-06 5.607971615972928703e-06 4.380222435429459438e-06 1.245394059878890403e-06 4.420702737206738675e-07 2.392499425241112476e-07 6.742579472529541817e-08 1.640238025402140920e-07 7.775998938086559065e-07 9.295767995354253799e-07 1.115351793146146520e-07 4.079575319337891415e-06 4.545572210190584883e-06 5.607971615972928703e-06 4.380222435429459438e-06 1.245394059878890403e-06 4.420702737206738675e-07 2.392499425241112476e-07 6.742579472529541817e-08 1.640238025402140920e-07 7.775998938086559065e-07 9.295767995354253799e-07 1.115351793146146520e-07
7.000000000000000000e+04 2.097676315315766260e-06 2.844011760316789150e-06 2.122602609233581461e-06 1.535207729830290191e-06 1.348473801954241935e-06 7.065067961775639560e-07 2.653370927419018699e-07 9.979035553442372475e-08 1.117970498398790369e-07 2.074881876978906803e-06 8.225954388763057068e-07 4.905484463080256319e-09 2.097676315315766260e-06 2.844011760316789150e-06 2.122602609233581461e-06 1.535207729830290191e-06 1.348473801954241935e-06 7.065067961775639560e-07 2.653370927419018699e-07 9.979035553442372475e-08 1.117970498398790369e-07 2.074881876978906803e-06 8.225954388763057068e-07 4.905484463080256319e-09
7.100000000000000000e+04 4.258810349710984156e-06 6.871093319205101579e-06 5.557396889344090596e-06 3.591753738874103874e-06 4.886325768893584609e-06 7.764986662550654728e-07 4.562272408747958252e-07 1.752643584040924907e-06 8.118569212456350215e-07 9.023871825775131583e-06 4.141483714192872867e-06 6.205718818819150329e-06 4.258810349710984156e-06 6.871093319205101579e-06 5.557396889344090596e-06 3.591753738874103874e-06 4.886325768893584609e-06 7.764986662550654728e-07 4.562272408747958252e-07 1.752643584040924907e-06 8.118569212456350215e-07 9.023871825775131583e-06 4.141483714192872867e-06 6.205718818819150329e-06
7.200000000000000000e+04 1.145185933637549169e-06 1.062676460605871398e-06 1.149786271525954362e-06 6.715994800288171973e-07 7.140706657082773745e-07 4.191595905922440579e-07 2.069733540110973991e-07 6.483168846216358361e-08 8.230173165202359087e-08 3.851039593882887857e-07 2.232882252428680658e-07 5.308008610427350504e-08 1.145185933637549169e-06 1.062676460605871398e-06 1.149786271525954362e-06 6.715994800288171973e-07 7.140706657082773745e-07 4.191595905922440579e-07 2.069733540110973991e-07 6.483168846216358361e-08 8.230173165202359087e-08 3.851039593882887857e-07 2.232882252428680658e-07 5.308008610427350504e-08
7.300000000000000000e+04 3.320921223348705098e-06 6.073901658965041861e-06 3.801562570515670814e-06 2.922686007877928205e-06 1.597977643541526049e-06 4.947193019688711502e-07 2.121999358450921136e-07 7.406843849366850918e-08 1.569366787634862703e-07 3.198663307557580993e-06 2.329897483832610305e-07 4.249271796652465127e-07 3.320921223348705098e-06 6.073901658965041861e-06 3.801562570515670814e-06 2.922686007877928205e-06 1.597977643541526049e-06 4.947193019688711502e-07 2.121999358450921136e-07 7.406843849366850918e-08 1.569366787634862703e-07 3.198663307557580993e-06 2.329897483832610305e-07 4.249271796652465127e-07
7.400000000000000000e+04 1.774033307810896076e-06 1.669486323407909367e-06 1.299397581533412449e-06 8.257516697085520718e-07 1.200878955387452152e-06 6.250799629015091341e-07 2.799183391744008986e-07 1.197942225417136797e-07 1.319571225621984922e-07 1.532995383968227543e-06 1.142763608186214697e-06 1.438624366301155533e-07 1.774033307810896076e-06 1.669486323407909367e-06 1.299397581533412449e-06 8.257516697085520718e-07 1.200878955387452152e-06 6.250799629015091341e-07 2.799183391744008986e-07 1.197942225417136797e-07 1.319571225621984922e-07 1.532995383968227543e-06 1.142763608186214697e-06 1.438624366301155533e-07
7.500000000000000000e+04 4.704338607552926987e-06 7.108631962182698771e-06 4.216932666167849675e-06 3.853497219097334892e-06 1.188835767607088201e-06 5.436780838863342069e-07 3.283524279140692670e-07 6.886924097670998890e-08 1.306955823565658648e-07 2.002057271965895779e-06 1.136490823228086811e-06 8.472271417758747702e-08 4.704338607552926987e-06 7.108631962182698771e-06 4.216932666167849675e-06 3.853497219097334892e-06 1.188835767607088201e-06 5.436780838863342069e-07 3.283524279140692670e-07 6.886924097670998890e-08 1.306955823565658648e-07 2.002057271965895779e-06 1.136490823228086811e-06 8.472271417758747702e-08
7.600000000000000000e+04 1.050937839863763656e-06 9.665450306783895940e-07 1.096761025110026821e-06 6.126068683443008922e-07 6.707203965561348014e-07 3.808740700605994789e-07 2.036788231407626881e-07 5.142343439956675866e-08 7.760473863527295180e-08 3.869738520734244958e-07 1.557414606168094906e-07 1.059135557035517650e-10 1.050937839863763656e-06 9.665450306783895940e-07 1.096761025110026821e-06 6.126068683443008922e-07 6.707203965561348014e-07 3.808740700605994789e-07 2.036788231407626881e-07 5.142343439956675866e-08 7.760473863527295180e-08 3.869738520734244958e-07 1.557414606168094906e-07 1.059135557035517650e-10
7.700000000000000000e+04 9.687001693237107247e-06 1.922651790664531291e-05 1.131017961597535759e-05 1.194350443256553262e-05 3.332547294121468440e-06 7.478400334548496176e-07 4.194851612737693358e-07 1.614525331206095871e-07 2.833496068888052832e-07 3.656885155578493141e-06 1.324918912359862588e-06 1.454636731068603694e-07 9.687001693237107247e-06 1.922651790664531291e-05 1.131017961597535759e-05 1.194350443256553262e-05 3.332547294121468440e-06 7.478400334548496176e-07 4.194851612737693358e-07 1.614525331206095871e-07 2.833496068888052832e-07 3.656885155578493141e-06 1.324918912359862588e-06 1.454636731068603694e-07
7.800000000000000000e+04 1.772376322151103523e-06 2.682225840544560924e-06 2.630130438774358481e-06 1.914172571559902281e-06 8.848097081681771670e-07 4.670267514939041575e-07 2.076123308825117419e-07 5.137350456152489642e-08 1.079509601709105482e-07 8.294671260955510661e-07 3.334556595291360281e-07 5.807772254229348619e-07 1.772376322151103523e-06 2.682225840544560924e-06 2.630130438774358481e-06 1.914172571559902281e-06 8.848097081681771670e-07 4.670267514939041575e-07 2.076123308825117419e-07 5.137350456152489642e-08 1.079509601709105482e-07 8.294671260955510661e-07 3.334556595291360281e-07 5.807772254229348619e-07
7.900000000000000000e+04 7.714313142059836537e-06 3.123834403595537879e-06 5.406483523984206840e-06 4.229448222758946940e-06 1.476688112234114669e-06 3.446887433256051736e-07 2.188503884781312081e-07 1.104246166505618021e-06 1.565444023299278342e-07 1.022411197482142597e-05 1.418384130147387623e-07 4.758370550916879438e-07 7.714313142059836537e-06 3.123834403595537879e-06 5.406483523984206840e-06 4.229448222758946940e-06 1.476688112234114669e-06 3.446887433256051736e-07 2.188503884781312081e-07 1.104246166505618021e-06 1.565444023299278342e-07 1.022411197482142597e-05 1.418384130147387623e-07 4.758370550916879438e-07
8.000000000000000000e+04 1.238837512573809363e-06 1.335962224402464926e-06 1.242811890733719338e-06 9.244254783880023751e-07 7.228168783512955997e-07 3.541885007507517003e-07 2.117750454999622889e-07 2.305761768184311222e-07 9.527830968636408215e-08 1.280029209738131613e-06 3.999744535576610360e-07 2.891465555876493454e-07 1.238837512573809363e-06 1.335962224402464926e-06 1.242811890733719338e-06 9.244254783880023751e-07 7.228168783512955997e-07 3.541885007507517003e-07 2.117750454999622889e-07 2.305761768184311222e-07 9.527830968636408215e-08 1.280029209738131613e-06 3.999744535576610360e-07 2.891465555876493454e-07
8.100000000000000000e+04 1.789049747458193451e-05 3.712496618391014636e-05 1.965778574231080711e-05 2.004837369895540178e-05 2.975330971821676940e-06 6.467980142588203307e-07 9.156282771982660051e-07 1.887870269001723500e-07 1.273982661587069742e-07 5.135610990691930056e-06 3.638554062490584329e-06 1.018702846522501204e-06 1.789049747458193451e-05 3.712496618391014636e-05 1.965778574231080711e-05 2.004837369895540178e-05 2.975330971821676940e-06 6.467980142588203307e-07 9.156282771982660051e-07 1.887870269001723500e-07 1.273982661587069742e-07 5.135610990691930056e-06 3.638554062490584329e-06 1.018702846522501204e-06
8.200000000000000000e+04 1.444224039914843161e-06 1.615207452232425567e-06 1.585825657457462512e-06 1.068872848009050358e-06 9.834963066168711521e-07 4.485357010253210319e-07 2.482317711383075221e-07 1.899494748158758739e-07 1.140286514100807835e-07 8.689258379490638617e-07 6.371242307068314403e-07 2.688551958840434963e-08 1.444224039914843161e-06 1.615207452232425567e-06 1.585825657457462512e-06 1.068872848009050358e-06 9.834963066168711521e-07 4.485357010253210319e-07 2.482317711383075221e-07 1.899494748158758739e-07 1.140286514100807835e-07 8.689258379490638617e-07 6.371242307068314403e-07 2.688551958840434963e-08
8.300000000000000000e+04 2.318138740520225838e-06 2.389314659012597986e-06 1.737918978506058920e-06 1.291768171540752519e-06 1.601560597919160500e-06 4.807067739420745056e-07 2.612475782370893285e-07 2.954620867967605591e-07 1.808850527140748454e-07 2.530130132072372362e-06 1.642344841457088478e-06 3.031012170140456874e-07 2.318138740520225838e-06 2.389314659012597986e-06 1.737918978506058920e-06 1.291768171540752519e-06 1.601560597919160500e-06 4.807067739420745056e-07 2.612475782370893285e-07 2.954620867967605591e-07 1.808850527140748454e-07 2.530130132072372362e-06 1.642344841457088478e-06 3.031012170140456874e-07
8.400000000000000000e+04 4.305683432903606445e-06 2.738923058132058941e-06 2.469333367116632871e-06 1.588608029123861343e-06 1.756852498147054575e-06 5.948304533376358449e-07 2.811075887620972935e-07 3.549074847342126304e-07 1.325785063954754150e-07 2.074339363389299251e-06 4.524233645497588441e-07 2.465514796767820371e-07 4.305683432903606445e-06 2.738923058132058941e-06 2.469333367116632871e-06 1.588608029123861343e-06 1.756852498147054575e-06 5.948304533376358449e-07 2.811075887620972935e-07 3.549074847342126304e-07 1.325785063954754150e-07 2.074339363389299251e-06 4.524233645497588441e-07 2.465514796767820371e-07
8.500000000000000000e+04 9.861123544396832585e-07 9.928497775035793893e-07 1.030546059155312832e-06 5.936110483162337914e-07 6.048653062862285879e-07 2.954816125111392466e-07 1.887061529259881354e-07 4.870868508533021668e-08 9.263986555652081734e-08 3.759956257454177830e-07 1.575663333142074407e-07 5.024699589739611838e-08 9.861123544396832585e-07 9.928497775035793893e-07 1.030546059155312832e-06 5.936110483162337914e-07 6.048653062862285879e-07 2.954816125111392466e-07 1.887061529259881354e-07 4.870868508533021668e-08 9.263986555652081734e-08 3.759956257454177830e-07 1.575663333142074407e-07 5.024699589739611838e-08
8.600000000000000000e+04 9.783863106349599548e-07 8.995536973088746890e-07 9.541693088976899162e-07 5.285778570396360010e-07 6.475953000517620239e-07 3.032985489426209824e-07 2.009105912748054834e-07 7.380812405699543888e-08 9.418107538294862024e-08 4.024175837002985645e-07 3.027960246981820092e-07 1.179312647536789882e-07 9.783863106349599548e-07 8.995536973088746890e-07 9.541693088976899162e-07 5.285778570396360010e-07 6.475953000517620239e-07 3.032985489426209824e-07 2.009105912748054834e-07 7.380812405699543888e-08 9.418107538294862024e-08 4.024175837002985645e-07 3.027960246981820092e-07 1.179312647536789882e-07
8.700000000000000000e+04 1.288886437578184996e-06 1.021472257889399771e-06 1.164789523500076029e-06 7.249992108881997410e-07 7.530317702730826568e-07 3.026236186087771785e-07 2.078164982322050491e-07 2.453983256600622553e-07 9.583013849123744876e-08 1.118086856877198443e-06 2.979015505388815654e-07 4.231255346098805603e-08 1.288886437578184996e-06 1.021472257889399771e-06 1.164789523500076029e-06 7.249992108881997410e-07 7.530317702730826568e-07 3.026236186087771785e-07 2.078164982322050491e-07 2.453983256600622553e-07 9.583013849123744876e-08 1.118086856877198443e-06 2.979015505388815654e-07 4.231255346098805603e-08
8.800000000000000000e+04 8.760010814512497745e-07 8.021615371944790240e-07 8.685801731189712882e-07 4.767156553953100229e-07 5.588458975580579136e-07 2.642222511894942727e-07 1.773545790229036356e-07 4.296561684213884291e-08 7.667699009061834658e-08 3.426704324738238938e-07 1.465066645778279053e-07 5.136533125921216580e-12 8.760010814512497745e-07 8.021615371944790240e-07 8.685801731189712882e-07 4.767156553953100229e-07 5.588458975580579136e-07 2.642222511894942727e-07 1.773545790229036356e-07 4.296561684213884291e-08 7.667699009061834658e-08 3.426704324738238938e-07 1.465066645778279053e-07 5.136533125921216580e-12
8.900000000000000000e+04 1.425522555109637324e-06 1.885577489701972809e-06 1.919287797136348672e-06 1.260162548533116933e-06 6.977867883506405633e-07 2.670390983894321835e-07 2.424605440864979755e-07 3.662551151251136616e-08 1.010724162142651039e-07 4.518817320331436349e-07 2.854822582776250783e-07 2.141564152680075495e-07 1.425522555109637324e-06 1.885577489701972809e-06 1.919287797136348672e-06 1.260162548533116933e-06 6.977867883506405633e-07 2.670390983894321835e-07 2.424605440864979755e-07 3.662551151251136616e-08 1.010724162142651039e-07 4.518817320331436349e-07 2.854822582776250783e-07 2.141564152680075495e-07
9.000000000000000000e+04 1.707519686533487402e-06 2.128483629348920658e-06 1.610588128642120864e-06 1.131917656493897084e-06 1.319789021181350108e-06 3.201968468147242675e-07 1.790879053942262544e-07 9.285326996177900583e-08 1.392704263025734690e-07 1.115192617362481542e-06 5.571837391471490264e-07 1.027968039579718607e-07 1.707519686533487402e-06 2.128483629348920658e-06 1.610588128642120864e-06 1.131917656493897084e-06 1.319789021181350108e-06 3.201968468147242675e-07 1.790879053942262544e-07 9.285326996177900583e-08 1.392704263025734690e-07 1.115192617362481542e-06 5.571837391471490264e-07 1.027968039579718607e-07
9.100000000000000000e+04 2.267560148538905196e-06 1.358794747829961125e-06 1.699279437161749229e-06 8.812704663796466775e-07 9.133812568506982643e-07 3.163472683809231967e-07 2.495786191047955072e-07 6.600384949706494808e-08 2.482757963662152179e-07 1.845817791945592035e-06 9.799466624826891348e-07 8.984277428680798039e-07 2.267560148538905196e-06 1.358794747829961125e-06 1.699279437161749229e-06 8.812704663796466775e-07 9.133812568506982643e-07 3.163472683809231967e-07 2.495786191047955072e-07 6.600384949706494808e-08 2.482757963662152179e-07 1.845817791945592035e-06 9.799466624826891348e-07 8.984277428680798039e-07
9.200000000000000000e+04 1.580468961037695408e-06 1.406331648468039930e-06 1.042007056639704388e-06 6.470363587141036987e-07 9.588568445906275883e-07 4.731234355404012604e-07 2.249694119882406085e-07 6.037940636360872304e-08 1.769515449723257916e-07 1.862886392700602300e-06 1.008477511277305894e-06 3.028679600447503617e-07 1.580468961037695408e-06 1.406331648468039930e-06 1.042007056639704388e-06 6.470363587141036987e-07 9.588568445906275883e-07 4.731234355404012604e-07 2.249694119882406085e-07 6.037940636360872304e-08 1.769515449723257916e-07 1.862886392700602300e-06 1.008477511277305894e-06 3.028679600447503617e-07
9.300000000000000000e+04 9.731096724863164127e-06 1.490411250415490940e-05 5.584995960816740990e-06 5.587171472143381834e-06 4.146453193243360147e-06 1.457209464206243865e-06 5.270755423225637060e-07 7.267780688380298670e-08 4.731027161142264958e-07 9.005219908431172371e-06 6.427924745366908610e-06 4.719760227089864202e-07 9.731096724863164127e-06 1.490411250415490940e-05 5.584995960816740990e-06 5.587171472143381834e-06 4.146453193243360147e-06 1.457209464206243865e-06 5.270755423225637060e-07 7.267780688380298670e-08 4.731027161142264958e-07 9.005219908431172371e-06 6.427924745366908610e-06 4.719760227089864202e-07
9.400000000000000000e+04 1.379024070047307760e-06 1.100645476981298998e-06 1.189680915558710694e-06 7.477325993932026904e-07 5.752725655838730745e-07 2.568297929883556208e-07 2.162167902497458272e-07 4.727352376221460872e-08 1.412195729244558606e-07 9.854586551227839664e-07 6.106949967943364754e-07 1.280652895729872398e-06 1.379024070047307760e-06 1.100645476981298998e-06 1.189680915558710694e-06 7.477325993932026904e-07 5.752725655838730745e-07 2.568297929883556208e-07 2.162167902497458272e-07 4.727352376221460872e-08 1.412195729244558606e-07 9.854586551227839664e-07 6.106949967943364754e-07 1.280652895729872398e-06
9.500000000000000000e+04 1.949458692251937464e-06 2.119764076269348152e-06 1.618840201444982085e-06 1.167389086731418502e-06 6.544001394104270730e-07 2.631249742535146652e-07 1.879151056982664159e-07 4.993978564016288146e-08 9.052206451087840833e-08 1.535851311018632259e-06 3.645240838068275480e-07 1.159127460681474986e-08 1.949458692251937464e-06 2.119764076269348152e-06 1.618840201444982085e-06 1.167389086731418502e-06 6.544001394104270730e-07 2.631249742535146652e-07 1.879151056982664159e-07 4.993978564016288146e-08 9.052206451087840833e-08 1.535851311018632259e-06 3.645240838068275480e-07 1.159127460681474986e-08
9.600000000000000000e+04 1.833389887906378135e-06 3.489731852823751979e-06 2.349367377973976545e-06 9.238802363142895047e-07 2.051257752100354992e-06 1.485757138652843423e-06 4.678898335441772360e-07 5.474165121199803252e-08 4.133183892918168567e-07 1.085520034393994138e-05 2.068188450721208937e-06 6.262846000026911497e-06 1.833389887906378135e-06 3.489731852823751979e-06 2.349367377973976545e-06 9.238802363142895047e-07 2.051257752100354992e-06 1.485757138652843423e-06 4.678898335441772360e-07 5.474165121199803252e-08 4.133183892918168567e-07 1.085520034393994138e-05 2.068188450721208937e-06 6.262846000026911497e-06
9.700000000000000000e+04 1.350481511508405674e-06 1.320604496868327260e-06 1.164083641924662516e-06 9.437915196031099185e-07 6.069268465580535121e-07 2.110549814915430034e-07 1.627747963084402727e-07 1.953631993956150836e-07 7.795634360263647977e-08 1.295850097449147142e-06 1.991681415347557049e-07 1.756357370652494865e-08 1.350481511508405674e-06 1.320604496868327260e-06 1.164083641924662516e-06 9.437915196031099185e-07 6.069268465580535121e-07 2.110549814915430034e-07 1.627747963084402727e-07 1.953631993956150836e-07 7.795634360263647977e-08 1.295850097449147142e-06 1.991681415347557049e-07 1.756357370652494865e-08
9.800000000000000000e+04 8.223556733355508186e-07 7.783055480103939772e-07 7.937534292068448849e-07 4.596764711095602252e-07 5.300382213135890197e-07 3.385065667771414155e-07 2.042401803237225977e-07 3.259985348336158495e-08 8.504732562641947879e-08 3.667670398499467410e-07 1.334821604359603953e-07 3.655559188686652305e-11 8.223556733355508186e-07 7.783055480103939772e-07 7.937534292068448849e-07 4.596764711095602252e-07 5.300382213135890197e-07 3.385065667771414155e-07 2.042401803237225977e-07 3.259985348336158495e-08 8.504732562641947879e-08 3.667670398499467410e-07 1.334821604359603953e-07 3.655559188686652305e-11
9.900000000000000000e+04 1.523143623671785463e-06 1.959601149792433716e-06 1.055603092936507892e-06 1.138973971137602348e-06 7.300949960153957363e-07 2.685303286398266209e-07 2.080037546647872659e-07 7.380599953421551618e-08 9.748880103188639623e-08 9.361941124552686233e-07 4.938422648592677433e-07 1.439380420409364092e-10 1.523143623671785463e-06 1.959601149792433716e-06 1.055603092936507892e-06 1.138973971137602348e-06 7.300949960153957363e-07 2.685303286398266209e-07 2.080037546647872659e-07 7.380599953421551618e-08 9.748880103188639623e-08 9.361941124552686233e-07 4.938422648592677433e-07 1.439380420409364092e-10
1.000000000000000000e+05 1.195132199427462183e-06 1.291202465836249758e-06 1.001596842797880527e-06 8.531123398825002369e-07 6.154568268357252236e-07 2.214967338431961252e-07 1.520996875115088187e-07 6.200954061341690249e-08 9.804011114056265797e-08 8.518753134012513328e-07 2.249354054129071301e-07 5.252339718708753935e-08 1.195132199427462183e-06 1.291202465836249758e-06 1.001596842797880527e-06 8.531123398825002369e-07 6.154568268357252236e-07 2.214967338431961252e-07 1.520996875115088187e-07 6.200954061341690249e-08 9.804011114056265797e-08 8.518753134012513328e-07 2.249354054129071301e-07 5.252339718708753935e-08
1.010000000000000000e+05 4.088979949301574379e-06 5.620473984890850261e-06 4.105353582417592406e-06 4.305026322981575504e-06 1.560811256240413059e-06 7.800103389854484703e-07 2.813349055941216648e-07 3.606031384606467327e-08 2.159652723321414669e-07 6.842049060651334003e-06 1.688030124569195323e-06 7.895462772466999013e-08 4.088979949301574379e-06 5.620473984890850261e-06 4.105353582417592406e-06 4.305026322981575504e-06 1.560811256240413059e-06 7.800103389854484703e-07 2.813349055941216648e-07 3.606031384606467327e-08 2.159652723321414669e-07 6.842049060651334003e-06 1.688030124569195323e-06 7.895462772466999013e-08
1.020000000000000000e+05 6.751728506060317159e-06 2.577802433734177612e-06 5.201626663620118052e-06 1.271822043236170430e-06 2.138451691280351952e-06 5.036902734900650103e-07 6.245332997423247434e-07 3.363187772720266366e-08 6.021911076459218748e-07 3.592105940697365440e-06 4.047767561132786795e-06 4.131731657253112644e-06 6.751728506060317159e-06 2.577802433734177612e-06 5.201626663620118052e-06 1.271822043236170430e-06 2.138451691280351952e-06 5.036902734900650103e-07 6.245332997423247434e-07 3.363187772720266366e-08 6.021911076459218748e-07 3.592105940697365440e-06 4.047767561132786795e-06 4.131731657253112644e-06
1.030000000000000000e+05 7.743776677671121433e-07 7.296155217773048207e-07 7.256892331497510895e-07 4.429738567068852717e-07 5.173416752768389415e-07 2.989439451539510628e-07 2.010851147815628792e-07 3.699984674199185974e-08 8.678475893475479097e-08 3.376526933607237879e-07 1.399888134301363607e-07 2.932095538588086470e-11 7.743776677671121433e-07 7.296155217773048207e-07 7.256892331497510895e-07 4.429738567068852717e-07 5.173416752768389415e-07 2.989439451539510628e-07 2.010851147815628792e-07 3.699984674199185974e-08 8.678475893475479097e-08 3.376526933607237879e-07 1.399888134301363607e-07 2.932095538588086470e-11
1.040000000000000000e+05 8.491866196891351137e-07 9.060943853000935633e-07 7.352358579737483524e-07 5.128121074449154548e-07 5.016478894503961783e-07 1.916781258159971912e-07 1.514831922122539254e-07 3.682055194076383486e-08 7.907621579761325847e-08 3.432857056395732798e-07 1.506056435118807713e-07 5.007289027858519148e-11 8.491866196891351137e-07 9.060943853000935633e-07 7.352358579737483524e-07 5.128121074449154548e-07 5.016478894503961783e-07 1.916781258159971912e-07 1.514831922122539254e-07 3.682055194076383486e-08 7.907621579761325847e-08 3.432857056395732798e-07 1.506056435118807713e-07 5.007289027858519148e-11
1.050000000000000000e+05 3.643008994913543575e-06 5.835977390233892947e-06 3.811020178545732051e-06 2.582373554105288349e-06 1.712757921268348582e-06 3.057442370391072473e-07 2.632185100992501248e-07 4.002378091172431596e-07 1.445584274506472866e-07 2.327038146177073941e-06 1.623177581677737180e-06 8.122874817217962118e-08 3.643008994913543575e-06 5.835977390233892947e-06 3.811020178545732051e-06 2.582373554105288349e-06 1.712757921268348582e-06 3.057442370391072473e-07 2.632185100992501248e-07 4.002378091172431596e-07 1.445584274506472866e-07 2.327038146177073941e-06 1.623177581677737180e-06 8.122874817217962118e-08
1.060000000000000000e+05 4.078947313246317208e-06 4.179542884230613708e-06 3.226190528948791325e-06 2.697673380680498667e-06 8.139920169014658313e-07 2.423887508484767750e-07 2.029522505608838401e-07 4.650693483654322335e-07 8.920174110471634776e-08 4.925397661281749606e-06 2.380227925868894090e-07 2.059028295087195204e-12 4.078947313246317208e-06 4.179542884230613708e-06 3.226190528948791325e-06 2.697673380680498667e-06 8.139920169014658313e-07 2.423887508484767750e-07 2.029522505608838401e-07 4.650693483654322335e-07 8.920174110471634776e-08 4.925397661281749606e-06 2.380227925868894090e-07 2.059028295087195204e-12
1.070000000000000000e+05 9.749618357091094367e-07 8.710983365745050833e-07 7.300698143808403984e-07 5.086151873001654167e-07 6.124777769400679972e-07 2.512690571165876463e-07 1.724011298165351036e-07 7.387594536112374044e-08 8.870316747788820066e-08 5.781011509498057421e-07 3.357584432706062216e-07 4.685413834693008539e-09 9.749618357091094367e-07 8.710983365745050833e-07 7.300698143808403984e-07 5.086151873001654167e-07 6.124777769400679972e-07 2.512690571165876463e-07 1.724011298165351036e-07 7.387594536112374044e-08 8.870316747788820066e-08 5.781011509498057421e-07 3.357584432706062216e-07 4.685413834693008539e-09
1.080000000000000000e+05 5.243774921837029979e-06 6.907445822434965521e-06 4.575946149998344481e-06 5.251911716186441481e-06 1.000907559500774369e-06 2.386017570188414538e-07 1.581421003038485651e-07 3.925889586753328331e-07 8.146854924007129739e-08 5.463791239890269935e-06 3.389583866919565480e-07 2.617848160468838614e-08 5.243774921837029979e-06 6.907445822434965521e-06 4.575946149998344481e-06 5.251911716186441481e-06 1.000907559500774369e-06 2.386017570188414538e-07 1.581421003038485651e-07 3.925889586753328331e-07 8.146854924007129739e-08 5.463791239890269935e-06 3.389583866919565480e-07 2.617848160468838614e-08
1.090000000000000000e+05 1.515050644229631871e-05 2.957030847028363496e-05 1.036475350701948628e-05 1.105322735384106636e-05 4.054758392157964408e-06 8.430195634900883306e-07 8.234354140768118668e-07 1.143391301638985169e-07 4.187629372154333396e-07 6.645279881922760978e-06 6.914907316968310624e-06 1.144879661296727136e-06 1.515050644229631871e-05 2.957030847028363496e-05 1.036475350701948628e-05 1.105322735384106636e-05 4.054758392157964408e-06 8.430195634900883306e-07 8.234354140768118668e-07 1.143391301638985169e-07 4.187629372154333396e-07 6.645279881922760978e-06 6.914907316968310624e-06 1.144879661296727136e-06
1.100000000000000000e+05 8.474301580463361461e-07 7.307489227059704717e-07 6.177401701279450208e-07 4.050065172123140655e-07 6.207003480085404590e-07 2.003242087766921031e-07 1.639354110238855355e-07 3.442108464923876454e-08 1.058223872973940161e-07 5.487428893502510618e-07 3.730327193807170261e-07 1.136402687507143128e-07 8.474301580463361461e-07 7.307489227059704717e-07 6.177401701279450208e-07 4.050065172123140655e-07 6.207003480085404590e-07 2.003242087766921031e-07 1.639354110238855355e-07 3.442108464923876454e-08 1.058223872973940161e-07 5.487428893502510618e-07 3.730327193807170261e-07 1.136402687507143128e-07
1.110000000000000000e+05 3.636000428741681390e-06 3.805669393841526471e-06 4.100042588106589392e-06 2.179234570576227270e-06 6.160145744615874719e-07 1.965972842299379408e-07 1.767501487393019488e-07 6.892330617347397492e-08 9.029197656218457269e-08 1.946867087099235505e-06 3.457598154454899486e-07 1.617221201399843267e-08 3.636000428741681390e-06 3.805669393841526471e-06 4.100042588106589392e-06 2.179234570576227270e-06 6.160145744615874719e-07 1.965972842299379408e-07 1.767501487393019488e-07 6.892330617347397492e-08 9.029197656218457269e-08 1.946867087099235505e-06 3.457598154454899486e-07 1.617221201399843267e-08
1.120000000000000000e+05 7.379610451607732102e-07 6.858187475700106006e-07 5.959890927442756947e-07 4.388479908357112436e-07 4.840989618060120847e-07 1.568888166048054700e-07 1.500546460420082440e-07 3.154259076154630748e-08 7.855462769157384173e-08 4.320665141221979866e-07 1.602802797151525738e-07 1.837060814580127044e-08 7.379610451607732102e-07 6.858187475700106006e-07 5.959890927442756947e-07 4.388479908357112436e-07 4.840989618060120847e-07 1.568888166048054700e-07 1.500546460420082440e-07 3.154259076154630748e-08 7.855462769157384173e-08 4.320665141221979866e-07 1.602802797151525738e-07 1.837060814580127044e-08
1.130000000000000000e+05 6.732565793754474726e-07 6.315721634564397391e-07 5.782260927844617981e-07 3.912622332791215740e-07 4.495072687404899625e-07 1.634530377714327187e-07 1.482513170003585401e-07 3.469680009970943502e-08 7.491572517892564065e-08 2.977567987727525178e-07 1.197999495161639061e-07 5.355858985478523238e-13 6.732565793754474726e-07 6.315721634564397391e-07 5.782260927844617981e-07 3.912622332791215740e-07 4.495072687404899625e-07 1.634530377714327187e-07 1.482513170003585401e-07 3.469680009970943502e-08 7.491572517892564065e-08 2.977567987727525178e-07 1.197999495161639061e-07 5.355858985478523238e-13
1.140000000000000000e+05 3.628487775131361559e-06 5.654015239997534081e-06 2.013923904087278061e-06 2.430592758173588663e-06 1.456002223676478025e-06 2.786103721064137062e-07 2.932834775037918007e-07 2.457168761793582235e-07 1.782426437557660392e-07 2.271950052090687677e-06 2.149477040802594274e-06 1.504870539292824105e-07 3.628487775131361559e-06 5.654015239997534081e-06 2.013923904087278061e-06 2.430592758173588663e-06 1.456002223676478025e-06 2.786103721064137062e-07 2.932834775037918007e-07 2.457168761793582235e-07 1.782426437557660392e-07 2.271950052090687677e-06 2.149477040802594274e-06 1.504870539292824105e-07
1.150000000000000000e+05 8.950912160798907280e-06 1.698312735243234783e-05 1.020514628180535510e-05 9.040989425557199866e-06 1.579161789777572267e-06 1.847237456331640715e-07 2.109885883783135796e-07 3.965898542901413748e-07 1.339606825467853923e-07 5.673239684256259352e-06 6.522827789012808353e-07 2.777147756205522455e-08 8.950912160798907280e-06 1.698312735243234783e-05 1.020514628180535510e-05 9.040989425557199866e-06 1.579161789777572267e-06 1.847237456331640715e-07 2.109885883783135796e-07 3.965898542901413748e-07 1.339606825467853923e-07 5.673239684256259352e-06 6.522827789012808353e-07 2.777147756205522455e-08
1.160000000000000000e+05 2.538994294809526764e-06 3.495514192763948813e-06 2.402696509307133965e-06 1.953934997800388373e-06 6.773409495508531108e-07 1.523066686104357359e-07 1.610228252957313089e-07 3.930907510607539734e-08 7.373364496743306518e-08 6.309978175522701349e-07 4.085605098680389347e-07 5.155023430347682734e-08 2.538994294809526764e-06 3.495514192763948813e-06 2.402696509307133965e-06 1.953934997800388373e-06 6.773409495508531108e-07 1.523066686104357359e-07 1.610228252957313089e-07 3.930907510607539734e-08 7.373364496743306518e-08 6.309978175522701349e-07 4.085605098680389347e-07 5.155023430347682734e-08
1.170000000000000000e+05 2.938668103524832986e-06 3.323764985907473601e-06 2.234317889815429226e-06 2.502017878214246593e-06 1.463926537326187827e-06 6.443360121011210140e-07 2.543253572184767108e-07 6.489186432645510649e-08 2.012411783880452276e-07 3.823868155450327322e-06 1.627573283258243464e-06 2.375423804323872901e-07 2.938668103524832986e-06 3.323764985907473601e-06 2.234317889815429226e-06 2.502017878214246593e-06 1.463926537326187827e-06 6.443360121011210140e-07 2.543253572184767108e-07 6.489186432645510649e-08 2.012411783880452276e-07 3.823868155450327322e-06 1.627573283258243464e-06 2.375423804323872901e-07
1.180000000000000000e+05 5.759141458838712424e-06 1.133288969867862761e-05 4.349737082520732656e-06 5.082478764961706474e-06 1.655039341130759567e-06 2.682585034108342370e-07 3.339699219395697583e-07 3.070708487484807847e-07 1.438441188383876579e-07 2.530693564040120691e-06 2.153215291400556453e-06 1.658222714695511968e-07 5.759141458838712424e-06 1.133288969867862761e-05 4.349737082520732656e-06 5.082478764961706474e-06 1.655039341130759567e-06 2.682585034108342370e-07 3.339699219395697583e-07 3.070708487484807847e-07 1.438441188383876579e-07 2.530693564040120691e-06 2.153215291400556453e-06 1.658222714695511968e-07
1.190000000000000000e+05 6.466062814070028253e-07 5.959694249213498551e-07 5.506813636202423368e-07 3.749598818103550002e-07 4.206722223898395896e-07 1.506105462567575159e-07 1.402949436624112423e-07 3.653318358942669875e-08 7.534739410175461671e-08 2.873279072446166538e-07 1.154065500941214850e-07 1.543759564626157044e-11 6.466062814070028253e-07 5.959694249213498551e-07 5.506813636202423368e-07 3.749598818103550002e-07 4.206722223898395896e-07 1.506105462567575159e-07 1.402949436624112423e-07 3.653318358942669875e-08 7.534739410175461671e-08 2.873279072446166538e-07 1.154065500941214850e-07 1.543759564626157044e-11
1.200000000000000000e+05 6.566627348547626752e-07 6.209267553458630573e-07 5.578793320637487341e-07 3.835552320197166409e-07 4.219728850785031682e-07 1.496147206125897355e-07 1.359577339599127299e-07 3.930881575797684491e-08 7.508418065071964520e-08 2.890486427986616036e-07 1.066384740511239215e-07 2.864453396700383792e-10 6.566627348547626752e-07 6.209267553458630573e-07 5.578793320637487341e-07 3.835552320197166409e-07 4.219728850785031682e-07 1.496147206125897355e-07 1.359577339599127299e-07 3.930881575797684491e-08 7.508418065071964520e-08 2.890486427986616036e-07 1.066384740511239215e-07 2.864453396700383792e-10
1.210000000000000000e+05 1.862737917690537870e-06 1.173234863927063998e-06 1.447152612854551990e-06 9.398556244377687108e-07 7.600363005622057244e-07 1.367594251178161358e-07 1.431219800451799529e-07 2.611464537949359510e-07 9.678989698613804649e-08 3.096659156653913669e-06 2.532045755287981592e-07 1.056036680324723420e-07 1.862737917690537870e-06 1.173234863927063998e-06 1.447152612854551990e-06 9.398556244377687108e-07 7.600363005622057244e-07 1.367594251178161358e-07 1.431219800451799529e-07 2.611464537949359510e-07 9.678989698613804649e-08 3.096659156653913669e-06 2.532045755287981592e-07 1.056036680324723420e-07
1.220000000000000000e+05 1.620100874788477086e-06 1.755814651005493943e-06 9.284079283133905847e-07 1.099134124160627834e-06 9.005197512124141213e-07 2.128338536522278446e-07 2.242664862706078566e-07 2.826359661867172690e-07 1.482052596202265704e-07 1.429417011422629002e-06 1.114579958993999753e-06 5.628410235658520833e-07 1.620100874788477086e-06 1.755814651005493943e-06 9.284079283133905847e-07 1.099134124160627834e-06 9.005197512124141213e-07 2.128338536522278446e-07 2.242664862706078566e-07 2.826359661867172690e-07 1.482052596202265704e-07 1.429417011422629002e-06 1.114579958993999753e-06 5.628410235658520833e-07
1.230000000000000000e+05 4.325509962654905394e-06 2.891513304348336533e-06 3.960494268540060148e-06 3.055979277633014135e-06 1.030047201311390381e-06 1.116674297918507364e-06 2.994086969465570292e-07 7.658479148631158751e-07 2.200114863626367878e-07 1.977738247660454363e-05 1.258623797184554860e-06 1.097376411962613929e-06 4.325509962654905394e-06 2.891513304348336533e-06 3.960494268540060148e-06 3.055979277633014135e-06 1.030047201311390381e-06 1.116674297918507364e-06 2.994086969465570292e-07 7.658479148631158751e-07 2.200114863626367878e-07 1.977738247660454363e-05 1.258623797184554860e-06 1.097376411962613929e-06
1.240000000000000000e+05 1.855320988397579640e-06 4.069546321261441335e-06 1.997956815102952532e-06 1.972682639461709186e-06 9.481934171162720304e-07 2.445694633479433833e-07 1.313693900328871678e-07 2.749683503111555183e-08 9.647207122043255367e-08 9.497424002802290488e-07 2.167924151308397995e-07 1.958976838523085462e-07 1.855320988397579640e-06 4.069546321261441335e-06 1.997956815102952532e-06 1.972682639461709186e-06 9.481934171162720304e-07 2.445694633479433833e-07 1.313693900328871678e-07 2.749683503111555183e-08 9.647207122043255367e-08 9.497424002802290488e-07 2.167924151308397995e-07 1.958976838523085462e-07
1.250000000000000000e+05 7.781475233059609309e-07 6.556674634339287877e-07 6.014839186718745623e-07 4.396570147946476936e-07 4.586244983784126816e-07 1.369148350249815849e-07 1.245842469188573887e-07 4.855846924556317390e-08 7.752556996365456143e-08 6.307829494289762806e-07 1.508528839622158557e-07 2.855944591928505361e-09 7.781475233059609309e-07 6.556674634339287877e-07 6.014839186718745623e-07 4.396570147946476936e-07 4.586244983784126816e-07 1.369148350249815849e-07 1.245842469188573887e-07 4.855846924556317390e-08 7.752556996365456143e-08 6.307829494289762806e-07 1.508528839622158557e-07 2.855944591928505361e-09
1.260000000000000000e+05 1.262345563191047404e-06 1.982581579795805737e-06 1.577637590344238561e-06 1.154706069428357296e-06 4.687473449394019553e-07 1.569624998865037924e-07 1.430847049732619780e-07 1.144975954048277345e-07 7.888143471745934221e-08 6.259680276343715377e-07 1.346717795058793854e-07 1.086742074107860390e-08 1.262345563191047404e-06 1.982581579795805737e-06 1.577637590344238561e-06 1.154706069428357296e-06 4.687473449394019553e-07 1.569624998865037924e-07 1.430847049732619780e-07 1.144975954048277345e-07 7.888143471745934221e-08 6.259680276343715377e-07 1.346717795058793854e-07 1.086742074107860390e-08
1.270000000000000000e+05 1.470522192903445102e-06 1.105400201595330145e-06 6.919653401382674929e-07 6.409470074686396401e-07 8.989063644548878074e-07 2.532021596834965749e-07 1.850674351544512319e-07 6.651981010463714483e-08 1.596470866616073181e-07 1.179797095574031118e-06 9.288649494010314811e-07 4.169285716670856345e-07 1.470522192903445102e-06 1.105400201595330145e-06 6.919653401382674929e-07 6.409470074686396401e-07 8.989063644548878074e-07 2.532021596834965749e-07 1.850674351544512319e-07 6.651981010463714483e-08 1.596470866616073181e-07 1.179797095574031118e-06 9.288649494010314811e-07 4.169285716670856345e-07
1.280000000000000000e+05 5.633066393784247339e-06 1.105652972910320386e-05 3.765305336855817586e-06 4.388481102068908513e-06 1.852689820225350559e-06 4.166816722772637149e-07 4.015798538148374064e-07 3.243827677579247393e-07 1.959364794856810477e-07 2.912049922088044696e-06 3.107156771875452250e-06 3.990049322055710945e-07 5.633066393784247339e-06 1.105652972910320386e-05 3.765305336855817586e-06 4.388481102068908513e-06 1.852689820225350559e-06 4.166816722772637149e-07 4.015798538148374064e-07 3.243827677579247393e-07 1.959364794856810477e-07 2.912049922088044696e-06 3.107156771875452250e-06 3.990049322055710945e-07
1.290000000000000000e+05 6.046442422302789055e-07 5.631202952827152330e-07 5.007158847547543701e-07 3.530969650000770343e-07 3.864121254082419910e-07 1.394547552990843542e-07 1.254788344340340700e-07 3.630918854469200596e-08 7.511880539823323488e-08 2.678043813375552418e-07 1.030498850695948931e-07 3.006980775488443669e-10 6.046442422302789055e-07 5.631202952827152330e-07 5.007158847547543701e-07 3.530969650000770343e-07 3.864121254082419910e-07 1.394547552990843542e-07 1.254788344340340700e-07 3.630918854469200596e-08 7.511880539823323488e-08 2.678043813375552418e-07 1.030498850695948931e-07 3.006980775488443669e-10
1.300000000000000000e+05 1.364188392471987754e-06 1.877245722425868735e-06 1.011450422083726153e-06 9.554046300763729960e-07 5.858735789843194652e-07 1.499566053553280653e-07 1.799847524353026529e-07 2.854982028566155350e-08 9.644389820095966570e-08 5.529504960577469319e-07 4.283209875666216249e-07 1.456780154285297613e-07 1.364188392471987754e-06 1.877245722425868735e-06 1.011450422083726153e-06 9.554046300763729960e-07 5.858735789843194652e-07 1.499566053553280653e-07 1.799847524353026529e-07 2.854982028566155350e-08 9.644389820095966570e-08 5.529504960577469319e-07 4.283209875666216249e-07 1.456780154285297613e-07
1.310000000000000000e+05 7.977225777722196653e-07 8.585080877310247160e-07 5.728723522224754561e-07 4.684836483193066670e-07 4.379029121537314495e-07 1.417419355220772559e-07 1.253987136351497611e-07 2.454595815493121336e-08 7.512704058854069444e-08 4.505395736487116665e-07 1.846817241357712192e-07 3.020218797278317879e-10 7.977225777722196653e-07 8.585080877310247160e-07 5.728723522224754561e-07 4.684836483193066670e-07 4.379029121537314495e-07 1.417419355220772559e-07 1.253987136351497611e-07 2.454595815493121336e-08 7.512704058854069444e-08 4.505395736487116665e-07 1.846817241357712192e-07 3.020218797278317879e-10
1.320000000000000000e+05 1.542971062917786185e-06 2.056963467111927457e-06 1.392456624671467580e-06 1.112300196837168187e-06 1.213009113598673139e-06 1.599834007492972887e-07 1.431055380862744641e-07 4.117860896712954855e-07 1.465472649897492374e-07 3.160190544804208912e-06 5.707067316507163923e-07 3.157674086651240941e-07 1.542971062917786185e-06 2.056963467111927457e-06 1.392456624671467580e-06 1.112300196837168187e-06 1.213009113598673139e-06 1.599834007492972887e-07 1.431055380862744641e-07 4.117860896712954855e-07 1.465472649897492374e-07 3.160190544804208912e-06 5.707067316507163923e-07 3.157674086651240941e-07
1.330000000000000000e+05 1.971886376850306988e-06 1.643443169996317010e-06 1.391869886901986320e-06 1.206611045745376032e-06 6.829768040006456431e-07 1.237395252928763512e-07 1.382332897037485964e-07 1.938821867497608764e-07 8.526616568360623205e-08 2.521646820241585374e-06 3.386530522675457178e-07 5.509601663788998849e-08 1.971886376850306988e-06 1.643443169996317010e-06 1.391869886901986320e-06 1.206611045745376032e-06 6.829768040006456431e-07 1.237395252928763512e-07 1.382332897037485964e-07 1.938821867497608764e-07 8.526616568360623205e-08 2.521646820241585374e-06 3.386530522675457178e-07 5.509601663788998849e-08
1.340000000000000000e+05 1.214108806379954331e-06 1.064360503733041696e-06 1.199674102281278465e-06 6.386238169397984166e-07 5.595243806055805180e-07 1.374057063685540925e-07 1.352294560774680576e-07 1.701919813967833761e-07 7.452354111592285335e-08 9.238687539436796214e-07 1.338054431698765256e-07 1.547960648551338636e-09 1.214108806379954331e-06 1.064360503733041696e-06 1.199674102281278465e-06 6.386238169397984166e-07 5.595243806055805180e-07 1.374057063685540925e-07 1.352294560774680576e-07 1.701919813967833761e-07 7.452354111592285335e-08 9.238687539436796214e-07 1.338054431698765256e-07 1.547960648551338636e-09
1.350000000000000000e+05 9.991164233724703081e-07 1.064623688762367237e-06 7.466966849278833251e-07 5.112743224344740156e-07 4.694877304700639797e-07 3.544793969467718853e-07 1.318001778827238013e-07 1.001664529098889034e-07 7.741396501614872250e-08 4.102429556951392442e-06 2.069622553335648263e-07 7.764050735659111524e-08 9.991164233724703081e-07 1.064623688762367237e-06 7.466966849278833251e-07 5.112743224344740156e-07 4.694877304700639797e-07 3.544793969467718853e-07 1.318001778827238013e-07 1.001664529098889034e-07 7.741396501614872250e-08 4.102429556951392442e-06 2.069622553335648263e-07 7.764050735659111524e-08
1.360000000000000000e+05 1.904278065012476873e-06 2.529141056584194303e-06 2.234401563327992335e-06 1.366764990962110460e-06 4.977949856765917502e-07 1.311324524522206048e-07 1.213105207398257335e-07 5.218229404135854566e-08 6.698896015677746618e-08 7.507451300625689328e-07 2.195478714384080376e-07 2.086796868638884916e-08 1.904278065012476873e-06 2.529141056584194303e-06 2.234401563327992335e-06 1.366764990962110460e-06 4.977949856765917502e-07 1.311324524522206048e-07 1.213105207398257335e-07 5.218229404135854566e-08 6.698896015677746618e-08 7.507451300625689328e-07 2.195478714384080376e-07 2.086796868638884916e-08
1.370000000000000000e+05 2.178413296860526316e-06 2.119524651789106429e-06 1.312085259996820241e-06 1.292960064347425941e-06 1.021124262479133904e-06 4.112015119517309358e-07 1.676081922141747782e-07 2.353913863828438480e-08 1.568304810461995658e-07 2.704179678403306752e-06 1.340036078545381315e-06 1.531880684524367098e-07 2.178413296860526316e-06 2.119524651789106429e-06 1.312085259996820241e-06 1.292960064347425941e-06 1.021124262479133904e-06 4.112015119517309358e-07 1.676081922141747782e-07 2.353913863828438480e-08 1.568304810461995658e-07 2.704179678403306752e-06 1.340036078545381315e-06 1.531880684524367098e-07
1.380000000000000000e+05 5.723229037357668858e-07 5.163297487342788372e-07 4.537398581305751577e-07 3.260756500367278932e-07 3.541426849551498890e-07 1.157052338385256007e-07 1.135217999603810313e-07 2.849101221613636881e-08 6.952323872155830031e-08 2.618864129999565193e-07 1.068995345576695399e-07 2.986479508138017991e-09 5.723229037357668858e-07 5.163297487342788372e-07 4.537398581305751577e-07 3.260756500367278932e-07 3.541426849551498890e-07 1.157052338385256007e-07 1.135217999603810313e-07 2.849101221613636881e-08 6.952323872155830031e-08 2.618864129999565193e-07 1.068995345576695399e-07 2.986479508138017991e-09
1.390000000000000000e+05 3.837189069599844515e-06 3.722052724697277881e-06 3.495879354886710644e-06 2.357267476327251643e-06 9.331163823844690342e-07 1.970661713812660309e-07 1.658427635220505181e-07 7.889335620347992517e-07 9.529365740945650032e-08 5.269703251542523503e-06 2.812708714827749645e-07 7.676287339108966989e-08 3.837189069599844515e-06 3.722052724697277881e-06 3.495879354886710644e-06 2.357267476327251643e-06 9.331163823844690342e-07 1.970661713812660309e-07 1.658427635220505181e-07 7.889335620347992517e-07 9.529365740945650032e-08 5.269703251542523503e-06 2.812708714827749645e-07 7.676287339108966989e-08
1.400000000000000000e+05 5.631970907415961847e-07 5.067216761744930409e-07 4.504712478592409752e-07 3.233489564991032239e-07 3.471552645351039246e-07 1.221907695025947760e-07 1.136734937290384551e-07 2.791246878075526183e-08 7.254396194866785663e-08 2.646667951466952218e-07 9.648843501963710878e-08 5.042766985235980215e-12 5.631970907415961847e-07 5.067216761744930409e-07 4.504712478592409752e-07 3.233489564991032239e-07 3.471552645351039246e-07 1.221907695025947760e-07 1.136734937290384551e-07 2.791246878075526183e-08 7.254396194866785663e-08 2.646667951466952218e-07 9.648843501963710878e-08 5.042766985235980215e-12
1.410000000000000000e+05 9.625581469663302414e-07 1.113244934458634816e-06 7.592513497911568265e-07 5.731553756049834192e-07 3.792141569647355936e-07 1.157771762905213109e-07 1.193541834254574496e-07 2.941649945853441750e-08 7.832893800241436111e-08 3.876556320392410271e-07 2.125716491718776524e-07 6.937512342375384833e-09 9.625581469663302414e-07 1.113244934458634816e-06 7.592513497911568265e-07 5.731553756049834192e-07 3.792141569647355936e-07 1.157771762905213109e-07 1.193541834254574496e-07 2.941649945853441750e-08 7.832893800241436111e-08 3.876556320392410271e-07 2.125716491718776524e-07 6.937512342375384833e-09
1.420000000000000000e+05 7.872658329688420054e-07 9.563112826072028838e-07 7.679088867007521912e-07 5.429903922049561515e-07 3.722872747857763898e-07 1.301472849490892258e-07 1.374688736177631654e-07 2.545757027405670669e-08 7.744269225895550335e-08 4.311629879794054432e-07 1.810718686101608910e-07 2.302141588472750300e-08 7.872658329688420054e-07 9.563112826072028838e-07 7.679088867007521912e-07 5.429903922049561515e-07 3.722872747857763898e-07 1.301472849490892258e-07 1.374688736177631654e-07 2.545757027405670669e-08 7.744269225895550335e-08 4.311629879794054432e-07 1.810718686101608910e-07 2.302141588472750300e-08
1.430000000000000000e+05 1.261893771697941702e-06 9.617120895200059749e-07 8.049483994909678586e-07 7.284046432687318884e-07 9.166768109025724698e-07 1.894089791676378809e-07 1.739885959750608890e-07 4.574898753162415233e-07 1.299289493772448623e-07 2.285326218043337576e-06 7.373442940661334433e-07 7.819562597433105111e-07 1.261893771697941702e-06 9.617120895200059749e-07 8.049483994909678586e-07 7.284046432687318884e-07 9.166768109025724698e-07 1.894089791676378809e-07 1.739885959750608890e-07 4.574898753162415233e-07 1.299289493772448623e-07 2.285326218043337576e-06 7.373442940661334433e-07 7.819562597433105111e-07
1.440000000000000000e+05 5.824283562105847523e-07 5.398654820965020917e-07 4.667930966206768062e-07 3.445024390202888753e-07 3.455224657500366447e-07 1.219548124709035619e-07 1.074311981597020349e-07 2.235433704811384814e-08 6.992777201730859815e-08 3.288247967248025816e-07 1.068622879074609955e-07 6.935432783627959452e-11 5.824283562105847523e-07 5.398654820965020917e-07 4.667930966206768062e-07 3.445024390202888753e-07 3.455224657500366447e-07 1.219548124709035619e-07 1.074311981597020349e-07 2.235433704811384814e-08 6.992777201730859815e-08 3.288247967248025816e-07 1.068622879074609955e-07 6.935432783627959452e-11
1.450000000000000000e+05 5.892361514270305634e-07 5.585377493844134733e-07 4.849525225836259779e-07 3.618288815232517663e-07 3.436693134517554427e-07 1.184921742947153689e-07 1.113145913222979289e-07 2.388082798177038057e-08 7.185303729784209281e-08 2.991102121541189263e-07 1.027297571454255376e-07 6.347763981118248466e-10 5.892361514270305634e-07 5.585377493844134733e-07 4.849525225836259779e-07 3.618288815232517663e-07 3.436693134517554427e-07 1.184921742947153689e-07 1.113145913222979289e-07 2.388082798177038057e-08 7.185303729784209281e-08 2.991102121541189263e-07 1.027297571454255376e-07 6.347763981118248466e-10
1.460000000000000000e+05 3.387513515917817131e-06 3.013270770679810084e-06 1.184066150017315522e-06 1.439613129150529858e-06 1.684874177954043262e-06 3.018899690232501598e-07 5.410826133811497129e-07 2.613420519992359914e-07 4.201636443212919403e-07 1.950166051756241359e-06 3.996347459178650752e-06 2.925567287093144841e-06 3.387513515917817131e-06 3.013270770679810084e-06 1.184066150017315522e-06 1.439613129150529858e-06 1.684874177954043262e-06 3.018899690232501598e-07 5.410826133811497129e-07 2.613420519992359914e-07 4.201636443212919403e-07 1.950166051756241359e-06 3.996347459178650752e-06 2.925567287093144841e-06
1.470000000000000000e+05 3.914666194759774953e-06 8.935900041251443326e-06 5.714397047995589674e-06 5.673007763107307255e-06 1.010019559544161893e-06 4.663276911287539406e-07 1.708493613250539056e-07 4.627704441872992902e-08 1.518215668738776003e-07 3.480524810584029183e-06 5.636792366203735583e-07 2.463791872742149280e-07 3.914666194759774953e-06 8.935900041251443326e-06 5.714397047995589674e-06 5.673007763107307255e-06 1.010019559544161893e-06 4.663276911287539406e-07 1.708493613250539056e-07 4.627704441872992902e-08 1.518215668738776003e-07 3.480524810584029183e-06 5.636792366203735583e-07 2.463791872742149280e-07
1.480000000000000000e+05 4.511087809078162536e-06 2.704753569560125470e-06 2.364592546655330807e-06 2.697038553378661163e-06 1.755017365212552249e-06 1.239018985188522493e-07 1.725397282825724687e-07 1.002099907054798678e-06 1.431876057722547557e-07 8.790529136604163796e-06 1.339817686130118091e-06 2.130772003283709637e-07 4.511087809078162536e-06 2.704753569560125470e-06 2.364592546655330807e-06 2.697038553378661163e-06 1.755017365212552249e-06 1.239018985188522493e-07 1.725397282825724687e-07 1.002099907054798678e-06 1.431876057722547557e-07 8.790529136604163796e-06 1.339817686130118091e-06 2.130772003283709637e-07
1.490000000000000000e+05 5.447672606351261493e-07 4.744297825709509198e-07 4.198162173452146817e-07 3.029724950920353876e-07 3.289407572992786299e-07 1.020026374476401543e-07 1.083799148204889207e-07 1.873545940611620608e-08 7.080209485366140143e-08 2.686753646230499726e-07 1.100487168059771648e-07 3.354990063542118151e-09 5.447672606351261493e-07 4.744297825709509198e-07 4.198162173452146817e-07 3.029724950920353876e-07 3.289407572992786299e-07 1.020026374476401543e-07 1.083799148204889207e-07 1.873545940611620608e-08 7.080209485366140143e-08 2.686753646230499726e-07 1.100487168059771648e-07 3.354990063542118151e-09
1.500000000000000000e+05 2.257152345919166692e-06 3.245524339945404790e-06 3.509994257910875604e-06 1.420142211827624124e-06 1.710265564724977594e-06 2.807612133892689599e-07 3.407651547604473308e-07 4.651038238989713136e-07 4.207350627893902129e-07 2.250753823318518698e-06 1.927439825522014871e-06 4.374573563836747780e-06 2.257152345919166692e-06 3.245524339945404790e-06 3.509994257910875604e-06 1.420142211827624124e-06 1.710265564724977594e-06 2.807612133892689599e-07 3.407651547604473308e-07 4.651038238989713136e-07 4.207350627893902129e-07 2.250753823318518698e-06 1.927439825522014871e-06 4.374573563836747780e-06
