# x y true_fields pred_fields error_fields
1.111111119389533997e-01 1.111111119389533997e-01 5.199013277888298035e-03 1.834546960890293121e-02 1.250389814376831055e-01 2.070720046758651733e-01 1.798106543719768524e-02 6.730788946151733398e-01 3.371332585811614990e-01 8.666957616806030273e-01 2.853902578353881836e-01 6.047793664038181305e-03 1.810953021049499512e-02 1.754657328128814697e-01 2.308239042758941650e-01 1.413225010037422180e-02 9.687605500221252441e-01 2.082746177911758423e-01 5.830410122871398926e-01 3.996929526329040527e-01 8.487803861498832703e-04 -2.359393984079360962e-04 5.042675137519836426e-02 2.375189960002899170e-02 -3.848815336823463440e-03 2.956816554069519043e-01 -1.288586407899856567e-01 -2.836547493934631348e-01 1.143026947975158691e-01
2.222222238779067993e-01 1.111111119389533997e-01 9.770948439836502075e-03 1.976666413247585297e-02 1.226828992366790771e-01 2.188857495784759521e-01 2.825987152755260468e-02 6.764907240867614746e-01 3.351877033710479736e-01 8.630257844924926758e-01 2.873768210411071777e-01 9.389852173626422882e-03 2.007328532636165619e-02 1.704370975494384766e-01 2.384492456912994385e-01 1.953317597508430481e-02 9.114598035812377930e-01 2.180588245391845703e-01 6.058608889579772949e-01 3.892141878604888916e-01 -3.810962662100791931e-04 3.066211938858032227e-04 4.775419831275939941e-02 1.956349611282348633e-02 -8.726695552468299866e-03 2.349690794944763184e-01 -1.171288788318634033e-01 -2.571648955345153809e-01 1.018373668193817139e-01
3.333333432674407959e-01 1.111111119389533997e-01 1.316436287015676498e-02 2.072950266301631927e-02 1.121711805462837219e-01 2.217943072319030762e-01 3.496995195746421814e-02 6.753002405166625977e-01 3.329732418060302734e-01 8.579144477844238281e-01 2.882634401321411133e-01 1.190789509564638138e-02 2.108746021986007690e-02 1.548675298690795898e-01 2.367012500762939453e-01 2.324892207980155945e-02 8.575862646102905273e-01 2.366248518228530884e-01 6.500842571258544922e-01 3.736600875854492188e-01 -1.256467774510383606e-03 3.579575568437576294e-04 4.269634932279586792e-02 1.490694284439086914e-02 -1.172102987766265869e-02 1.822860240936279297e-01 -9.634838998317718506e-02 -2.078301906585693359e-01 8.539664745330810547e-02
4.444444477558135986e-01 1.111111119389533997e-01 1.496996171772480011e-02 2.112803980708122253e-02 9.492533653974533081e-02 2.160123586654663086e-01 3.757469728589057922e-02 6.699374318122863770e-01 3.315275609493255615e-01 8.537524342536926270e-01 2.876039445400238037e-01 1.340099889785051346e-02 2.111647091805934906e-02 1.317278742790222168e-01 2.273059785366058350e-01 2.614640071988105774e-02 8.104748129844665527e-01 2.594169974327087402e-01 7.032218575477600098e-01 3.553889095783233643e-01 -1.568962819874286652e-03 -1.156888902187347412e-05 3.680253773927688599e-02 1.129361987113952637e-02 -1.142829656600952148e-02 1.405373811721801758e-01 -7.211056351661682129e-02 -1.505305767059326172e-01 6.778496503829956055e-02
5.555555820465087891e-01 1.111111119389533997e-01 1.496995985507965088e-02 2.095914073288440704e-02 7.373087853193283081e-02 2.037989944219589233e-01 3.596707433462142944e-02 6.622116565704345703e-01 3.315276801586151123e-01 8.523445725440979004e-01 2.854802906513214111e-01 1.372346002608537674e-02 2.048427052795886993e-02 1.054788455367088318e-01 2.110168635845184326e-01 2.728802338242530823e-02 7.686719894409179688e-01 2.787496447563171387e-01 7.460650801658630371e-01 3.382350504398345947e-01 -1.246499828994274139e-03 -4.748702049255371094e-04 3.174796700477600098e-02 7.217869162559509277e-03 -8.679050952196121216e-03 1.064603328704833984e-01 -5.277803540229797363e-02 -1.062794923782348633e-01 5.275475978851318359e-02
6.666666865348815918e-01 1.111111119389533997e-01 1.316436100751161575e-02 2.030183561146259308e-02 5.216872319579124451e-02 1.884678602218627930e-01 3.032080642879009247e-02 6.557849049568176270e-01 3.329736888408660889e-01 8.543267250061035156e-01 2.828742265701293945e-01 1.280388329178094864e-02 1.965233124792575836e-02 8.020121604204177856e-02 1.916486620903015137e-01 2.553116902709007263e-02 7.325756549835205078e-01 2.912841141223907471e-01 7.715871334075927734e-01 3.244579434394836426e-01 -3.604777157306671143e-04 -6.495043635368347168e-04 2.803249284625053406e-02 3.180801868438720703e-03 -4.789637401700019836e-03 7.679075002670288086e-02 -4.168957471847534180e-02 -8.273959159851074219e-02 4.158371686935424805e-02
7.777777910232543945e-01 1.111111119389533997e-01 9.770944714546203613e-03 1.928033865988254547e-02 3.368616476655006409e-02 1.730692386627197266e-01 2.108961716294288635e-02 6.554397940635681152e-01 3.351891338825225830e-01 8.591177463531494141e-01 2.815416753292083740e-01 1.065711770206689835e-02 1.885429769754409790e-02 5.931510776281356812e-02 1.757971644401550293e-01 2.055026963353157043e-02 7.097525000572204590e-01 2.999662160873413086e-01 7.887771129608154297e-01 3.147765100002288818e-01 8.861729875206947327e-04 -4.260409623384475708e-04 2.562894299626350403e-02 2.727925777435302734e-03 -5.393475294113159180e-04 5.431270599365234375e-02 -3.522291779518127441e-02 -7.034063339233398438e-02 3.323483467102050781e-02
8.888888955116271973e-01 1.111111119389533997e-01 5.199010483920574188e-03 1.802804507315158844e-02 2.020761743187904358e-02 1.589052528142929077e-01 9.134397841989994049e-03 6.599991917610168457e-01 3.371373116970062256e-01 8.642541170120239258e-01 2.817537784576416016e-01 7.382565177977085114e-03 1.800538040697574615e-02 4.586591571569442749e-02 1.628852188587188721e-01 1.263969764113426208e-02 6.971964836120605469e-01 2.976925671100616455e-01 7.818046808242797852e-01 3.131075203418731689e-01 2.183554694056510925e-03 -2.266466617584228516e-05 2.565829828381538391e-02 3.979966044425964355e-03 3.505299799144268036e-03 3.719729185104370117e-02 -3.944474458694458008e-02 -8.244943618774414062e-02 3.135374188423156738e-02
1.111111119389533997e-01 2.222222238779067993e-01 8.549579419195652008e-03 3.700836375355720520e-02 1.601393371820449829e-01 2.248333841562271118e-01 1.759892702102661133e-02 6.787198185920715332e-01 3.383609056472778320e-01 8.704370260238647461e-01 2.862552404403686523e-01 1.013121847063302994e-02 3.650529310107231140e-02 2.114980816841125488e-01 2.517960965633392334e-01 1.268728729337453842e-02 9.407975077629089355e-01 1.920609176158905029e-01 5.394722223281860352e-01 4.044299721717834473e-01 1.581639051437377930e-03 -5.030706524848937988e-04 5.135874450206756592e-02 2.696271240711212158e-02 -4.911639727652072906e-03 2.620776891708374023e-01 -1.462999880313873291e-01 -3.309648036956787109e-01 1.181747317314147949e-01
2.222222238779067993e-01 2.222222238779067993e-01 1.606795378029346466e-02 4.001965001225471497e-02 1.532635986804962158e-01 2.366030812263488770e-01 2.077314071357250214e-02 6.851307749748229980e-01 3.352167010307312012e-01 8.646354675292968750e-01 2.896665334701538086e-01 1.655256003141403198e-02 4.054985195398330688e-02 2.047977447509765625e-01 2.590774893760681152e-01 1.508620753884315491e-02 9.198081493377685547e-01 1.981271058320999146e-01 5.545635819435119629e-01 3.995146155357360840e-01 4.846062511205673218e-04 5.302019417285919189e-04 5.153414607048034668e-02 2.247440814971923828e-02 -5.686933174729347229e-03 2.346773743629455566e-01 -1.370895951986312866e-01 -3.100718855857849121e-01 1.098480820655822754e-01
3.333333432674407959e-01 2.222222238779067993e-01 2.164829708635807037e-02 4.188667237758636475e-02 1.330016851425170898e-01 2.344375848770141602e-01 2.123090066015720367e-02 6.828029751777648926e-01 3.313310146331787109e-01 8.555994629859924316e-01 2.911551296710968018e-01 2.111400663852691650e-02 4.255431890487670898e-02 1.814481317996978760e-01 2.510117292404174805e-01 1.501527056097984314e-02 8.872881531715393066e-01 2.106820940971374512e-01 5.856899023056030273e-01 3.899850249290466309e-01 -5.342904478311538696e-04 6.676465272903442383e-04 4.844644665718078613e-02 1.657414436340332031e-02 -6.215630099177360535e-03 2.044851779937744141e-01 -1.206489205360412598e-01 -2.699095606803894043e-01 9.882989525794982910e-02
4.444444477558135986e-01 2.222222238779067993e-01 2.461753226816654205e-02 4.242497682571411133e-02 1.019695773720741272e-01 2.195290029048919678e-01 1.957229152321815491e-02 6.704893708229064941e-01 3.287535607814788818e-01 8.477110862731933594e-01 2.892805039882659912e-01 2.347803488373756409e-02 4.251261800527572632e-02 1.448019444942474365e-01 2.299398481845855713e-01 1.391683146357536316e-02 8.447111248970031738e-01 2.286674529314041138e-01 6.292243003845214844e-01 3.758501708507537842e-01 -1.139497384428977966e-03 8.764117956161499023e-05 4.283236712217330933e-02 1.041084527969360352e-02 -5.655460059642791748e-03 1.742217540740966797e-01 -1.000861078500747681e-01 -2.184867858886718750e-01 8.656966686248779297e-02
5.555555820465087891e-01 2.222222238779067993e-01 2.461753226816654205e-02 4.174938052892684937e-02 6.389926373958587646e-02 1.954201012849807739e-01 1.638724841177463531e-02 6.411066055297851562e-01 3.288202583789825439e-01 8.424340486526489258e-01 2.809948027133941650e-01 2.352975308895111084e-02 4.106700047850608826e-02 1.018204316496849060e-01 1.983958780765533447e-01 1.245133951306343079e-02 7.811270356178283691e-01 2.471838295459747314e-01 6.707949042320251465e-01 3.568745851516723633e-01 -1.087779179215431213e-03 -6.823800504207611084e-04 3.792116791009902954e-02 2.975776791572570801e-03 -3.935908898711204529e-03 1.400204300880432129e-01 -8.163642883300781250e-02 -1.716391444206237793e-01 7.587978243827819824e-02
6.666666865348815918e-01 2.222222238779067993e-01 2.164829522371292114e-02 4.017600417137145996e-02 2.741012349724769592e-02 1.707857847213745117e-01 1.198695413768291473e-02 6.092614531517028809e-01 3.315677940845489502e-01 8.419670462608337402e-01 2.696755230426788330e-01 2.136183902621269226e-02 3.911919891834259033e-02 6.135525554418563843e-02 1.684767603874206543e-01 1.035867258906364441e-02 7.104746699333190918e-01 2.637416720390319824e-01 7.040998935699462891e-01 3.348287343978881836e-01 -2.864561975002288818e-04 -1.056805253028869629e-03 3.394513204693794250e-02 -2.309024333953857422e-03 -1.628281548619270325e-03 1.012132167816162109e-01 -6.782612204551696777e-02 -1.378671526908874512e-01 6.515321135520935059e-02
7.777777910232543945e-01 2.222222238779067993e-01 1.606794819235801697e-02 3.807435184717178345e-02 2.176783978939056396e-03 1.546825617551803589e-01 6.441341247409582138e-03 6.224513649940490723e-01 3.357439935207366943e-01 8.537335991859436035e-01 2.714055478572845459e-01 1.722751185297966003e-02 3.734434396028518677e-02 3.243114799261093140e-02 1.518518030643463135e-01 7.271442562341690063e-03 6.860306262969970703e-01 2.809401750564575195e-01 7.415896058082580566e-01 3.198356032371520996e-01 1.159563660621643066e-03 -7.300078868865966797e-04 3.025436401367187500e-02 -2.830758690834045410e-03 8.301013149321079254e-04 6.357926130294799805e-02 -5.480381846427917480e-02 -1.121439933776855469e-01 4.843005537986755371e-02
8.888888955116271973e-01 2.222222238779067993e-01 8.549575693905353546e-03 3.573866188526153564e-02 -1.443383097648620605e-02 1.428913325071334839e-01 -1.595416542841121554e-04 6.499303579330444336e-01 3.394104242324829102e-01 8.672623634338378906e-01 2.776012122631072998e-01 1.148222107440233231e-02 3.592969477176666260e-02 1.777739077806472778e-02 1.431148350238800049e-01 2.737309783697128296e-03 6.878114342689514160e-01 2.904084920883178711e-01 7.637369036674499512e-01 3.149355351924896240e-01 2.932645380496978760e-03 1.910328865051269531e-04 3.221122175455093384e-02 2.235025167465209961e-04 2.896851394325494766e-03 3.788107633590698242e-02 -4.900193214416503906e-02 -1.035254597663879395e-01 3.733432292938232422e-02
1.111111119389533997e-01 3.333333432674407959e-01 9.873271919786930084e-03 5.598868429660797119e-02 1.754754185676574707e-01 2.310776114463806152e-01 1.698016747832298279e-02 6.830290555953979492e-01 3.194404244422912598e-01 8.290737271308898926e-01 2.976968288421630859e-01 1.170916948467493057e-02 5.532343313097953796e-02 2.294965684413909912e-01 2.572073936462402344e-01 9.911209344863891602e-03 9.067096114158630371e-01 1.576020419597625732e-01 4.469123482704162598e-01 4.178508520126342773e-01 1.835897564888000488e-03 -6.652511656284332275e-04 5.402114987373352051e-02 2.612978219985961914e-02 -7.068958133459091187e-03 2.236805558204650879e-01 -1.618383824825286865e-01 -3.821613788604736328e-01 1.201540231704711914e-01
2.222222238779067993e-01 3.333333432674407959e-01 1.855568028986454010e-02 6.075897067785263062e-02 1.680027097463607788e-01 2.445410341024398804e-01 1.293124724179506302e-02 6.916645169258117676e-01 3.205935060977935791e-01 8.330686092376708984e-01 2.992599606513977051e-01 2.003103867173194885e-02 6.145866215229034424e-02 2.241313755512237549e-01 2.654215395450592041e-01 8.880065754055976868e-03 9.146669507026672363e-01 1.667576432228088379e-01 4.716122448444366455e-01 4.140648841857910156e-01 1.475358381867408752e-03 6.996914744377136230e-04 5.612866580486297607e-02 2.088050544261932373e-02 -4.051181487739086151e-03 2.230024337768554688e-01 -1.538358628749847412e-01 -3.614563643932342529e-01 1.148049235343933105e-01
3.333333432674407959e-01 3.333333432674407959e-01 2.500000223517417908e-02 6.347151100635528564e-02 1.437417119741439819e-01 2.403262406587600708e-01 6.981687620282173157e-03 6.883466839790344238e-01 3.201491236686706543e-01 8.315324783325195312e-01 2.986643314361572266e-01 2.573924139142036438e-02 6.437620520591735840e-02 1.982604563236236572e-01 2.546320557594299316e-01 5.398157984018325806e-03 9.044563770294189453e-01 1.789999902248382568e-01 5.037666559219360352e-01 4.071695208549499512e-01 7.392391562461853027e-04 9.046941995620727539e-04 5.451874434947967529e-02 1.430581510066986084e-02 -1.583529636263847351e-03 2.161096930503845215e-01 -1.411491334438323975e-01 -3.277658224105834961e-01 1.085051894187927246e-01
4.444444477558135986e-01 3.333333432674407959e-01 2.842895314097404480e-02 6.389081478118896484e-02 1.052174940705299377e-01 2.194444239139556885e-01 9.852466173470020294e-04 6.672764420509338379e-01 3.204940855503082275e-01 8.287920951843261719e-01 2.929913103580474854e-01 2.846460416913032532e-02 6.408491730690002441e-02 1.542887389659881592e-01 2.274820804595947266e-01 1.214178279042243958e-03 8.703336715698242188e-01 1.971149295568466187e-01 5.498355031013488770e-01 3.947079181671142578e-01 3.565102815628051758e-05 1.941025257110595703e-04 4.907124489545822144e-02 8.037656545639038086e-03 2.289316616952419281e-04 2.030572295188903809e-01 -1.233791559934616089e-01 -2.789565920829772949e-01 1.017166078090667725e-01
5.555555820465087891e-01 3.333333432674407959e-01 2.842894941568374634e-02 6.237072870135307312e-02 5.445099622011184692e-02 1.841934621334075928e-01 -3.710692515596747398e-03 5.978924632072448730e-01 3.234179317951202393e-01 8.220330476760864258e-01 2.708525955677032471e-01 2.817754074931144714e-02 6.158882752060890198e-02 1.009559407830238342e-01 1.864525973796844482e-01 -2.303129062056541443e-03 7.787204384803771973e-01 2.164527624845504761e-01 5.942949056625366211e-01 3.728052079677581787e-01 -2.514086663722991943e-04 -7.819011807441711426e-04 4.650494456291198730e-02 2.259135246276855469e-03 1.407563453540205956e-03 1.808279752731323242e-01 -1.069651693105697632e-01 -2.277381420135498047e-01 1.019526124000549316e-01
6.666666865348815918e-01 3.333333432674407959e-01 2.500000037252902985e-02 5.962250754237174988e-02 7.967282086610794067e-03 1.517322510480880737e-01 -6.607891991734504700e-03 5.153606534004211426e-01 3.290734589099884033e-01 8.139718174934387207e-01 2.367630600929260254e-01 2.512595430016517639e-02 5.831765010952949524e-02 5.253735929727554321e-02 1.504345834255218506e-01 -4.309799522161483765e-03 6.644399762153625488e-01 2.373842149972915649e-01 6.363676786422729492e-01 3.403749167919158936e-01 1.259539276361465454e-04 -1.304857432842254639e-03 4.457007721066474915e-02 -1.297667622566223145e-03 2.298092469573020935e-03 1.490793228149414062e-01 -9.168924391269683838e-02 -1.776041388511657715e-01 1.036118566989898682e-01
7.777777910232543945e-01 3.333333432674407959e-01 1.855567470192909241e-02 5.638204142451286316e-02 -1.531005650758743286e-02 1.406071782112121582e-01 -8.009299635887145996e-03 5.608739852905273438e-01 3.359513282775878906e-01 8.401167392730712891e-01 2.503548562526702881e-01 1.973953470587730408e-02 5.545591935515403748e-02 2.138740569353103638e-02 1.368131339550018311e-01 -4.663359373807907104e-03 6.752443909645080566e-01 2.618741691112518311e-01 6.956882476806640625e-01 3.282872736454010010e-01 1.183860003948211670e-03 -9.261220693588256836e-04 3.669746220111846924e-02 -3.794044256210327148e-03 3.345940262079238892e-03 1.143704056739807129e-01 -7.407715916633605957e-02 -1.444284915924072266e-01 7.793241739273071289e-02
8.888888955116271973e-01 3.333333432674407959e-01 9.873267263174057007e-03 5.313185602426528931e-02 -2.971149981021881104e-02 1.345020532608032227e-01 -8.734902366995811462e-03 6.358060836791992188e-01 3.416403830051422119e-01 8.692317605018615723e-01 2.721444070339202881e-01 1.253523398190736771e-02 5.346650257706642151e-02 6.278030574321746826e-03 1.337830126285552979e-01 -4.819396883249282837e-03 7.304735183715820312e-01 2.827210724353790283e-01 7.512432932853698730e-01 3.285944759845733643e-01 2.661966718733310699e-03 3.346465528011322021e-04 3.598953038454055786e-02 -7.190406322479248047e-04 3.915505483746528625e-03 9.466743469238281250e-02 -5.891931056976318359e-02 -1.179884672164916992e-01 5.645006895065307617e-02
1.111111119389533997e-01 4.444444477558135986e-01 9.356226772069931030e-03 7.528643310070037842e-02 1.741465926170349121e-01 2.356242686510086060e-01 1.949526928365230560e-02 6.921546459197998047e-01 3.257948458194732666e-01 8.448314666748046875e-01 2.965696752071380615e-01 1.074171159416437149e-02 7.457168400287628174e-02 2.314851880073547363e-01 2.582524716854095459e-01 1.129076257348060608e-02 9.004355072975158691e-01 1.460843682289123535e-01 4.157687127590179443e-01 4.230430424213409424e-01 1.385484822094440460e-03 -7.147490978240966797e-04 5.733859539031982422e-02 2.262820303440093994e-02 -8.204506710171699524e-03 2.082808613777160645e-01 -1.797104775905609131e-01 -4.290627539157867432e-01 1.264733672142028809e-01
2.222222238779067993e-01 4.444444477558135986e-01 1.758395321667194366e-02 8.198460936546325684e-02 1.687992513179779053e-01 2.498263120651245117e-01 8.009478449821472168e-03 7.019767165184020996e-01 3.180404305458068848e-01 8.289345502853393555e-01 3.031904101371765137e-01 1.910115405917167664e-02 8.280719816684722900e-02 2.280517220497131348e-01 2.675907909870147705e-01 4.764575511217117310e-03 9.198365211486816406e-01 1.491799503564834595e-01 4.245865643024444580e-01 4.230684936046600342e-01 1.517200842499732971e-03 8.225888013839721680e-04 5.925247073173522949e-02 1.776447892189025879e-02 -3.244902938604354858e-03 2.178598046302795410e-01 -1.688604801893234253e-01 -4.043479859828948975e-01 1.198780834674835205e-01
3.333333432674407959e-01 4.444444477558135986e-01 2.369079552590847015e-02 8.548400551080703735e-02 1.459837704896926880e-01 2.439892441034317017e-01 -4.369670525193214417e-03 6.983936429023742676e-01 3.119868338108062744e-01 8.146530389785766602e-01 3.055888712406158447e-01 2.474529668688774109e-02 8.655633777379989624e-02 2.038868665695190430e-01 2.553429901599884033e-01 -3.600023686885833740e-03 9.173955321311950684e-01 1.573892831802368164e-01 4.466265738010406494e-01 4.188596606254577637e-01 1.054501160979270935e-03 1.072332262992858887e-03 5.790309607982635498e-02 1.135374605655670166e-02 7.696468383073806763e-04 2.190018892288208008e-01 -1.545975506305694580e-01 -3.680264651775360107e-01 1.132707893848419189e-01
4.444444477558135986e-01 4.444444477558135986e-01 2.694017812609672546e-02 8.552554994821548462e-02 1.087772920727729797e-01 2.203150093555450439e-01 -1.457812078297138214e-02 6.791164278984069824e-01 3.088845014572143555e-01 8.046584129333496094e-01 3.025231659412384033e-01 2.736654877662658691e-02 8.582892268896102905e-02 1.606066524982452393e-01 2.265810370445251465e-01 -1.039542630314826965e-02 8.918759822845458984e-01 1.731970757246017456e-01 4.880021810531616211e-01 4.088060557842254639e-01 4.263706505298614502e-04 3.033727407455444336e-04 5.182936042547225952e-02 6.266027688980102539e-03 4.182694479823112488e-03 2.127595543861389160e-01 -1.356874257326126099e-01 -3.166562318801879883e-01 1.062828898429870605e-01
5.555555820465087891e-01 4.444444477558135986e-01 2.694017626345157623e-02 8.282317221164703369e-02 6.188413500785827637e-02 1.858423054218292236e-01 -2.082047425210475922e-02 6.313620805740356445e-01 3.126539289951324463e-01 8.050701022148132324e-01 2.874779701232910156e-01 2.698167786002159119e-02 8.203952759504318237e-02 1.075848117470741272e-01 1.871440708637237549e-01 -1.485116966068744659e-02 8.258933424949645996e-01 1.929422318935394287e-01 5.370087027549743652e-01 3.916307389736175537e-01 4.150159657001495361e-05 -7.836446166038513184e-04 4.570067673921585083e-02 1.301765441894531250e-03 5.969304591417312622e-03 1.945312619209289551e-01 -1.197116971015930176e-01 -2.680613994598388672e-01 1.041527688503265381e-01
6.666666865348815918e-01 4.444444477558135986e-01 2.369079366326332092e-02 7.864134013652801514e-02 1.822815090417861938e-02 1.551354378461837769e-01 -2.253338508307933807e-02 5.789321064949035645e-01 3.225668668746948242e-01 8.161254525184631348e-01 2.650485634803771973e-01 2.386373654007911682e-02 7.723908871412277222e-02 6.024146825075149536e-02 1.506215929985046387e-01 -1.631513796746730804e-02 7.448148727416992188e-01 2.186260819435119629e-01 5.974241495132446289e-01 3.663148581981658936e-01 1.729428768157958984e-04 -1.402251422405242920e-03 4.201331734657287598e-02 -4.513844847679138184e-03 6.218247115612030029e-03 1.658827662467956543e-01 -1.039407849311828613e-01 -2.187013030052185059e-01 1.012662947177886963e-01
7.777777910232543945e-01 4.444444477558135986e-01 1.758394762873649597e-02 7.420340180397033691e-02 -9.247064590454101562e-03 1.410590857267379761e-01 -2.025571092963218689e-02 6.016888618469238281e-01 3.354475498199462891e-01 8.486351370811462402e-01 2.649296820163726807e-01 1.845137402415275574e-02 7.318729907274246216e-02 2.801964432001113892e-02 1.366816461086273193e-01 -1.369604468345642090e-02 7.394092082977294922e-01 2.519943416118621826e-01 6.788630485534667969e-01 3.469807207584381104e-01 8.674263954162597656e-04 -1.016102731227874756e-03 3.726670891046524048e-02 -4.377439618110656738e-03 6.559666246175765991e-03 1.377203464508056641e-01 -8.345320820808410645e-02 -1.697720885276794434e-01 8.205103874206542969e-02
8.888888955116271973e-01 4.444444477558135986e-01 9.356222115457057953e-03 7.020761817693710327e-02 -2.641450613737106323e-02 1.355322897434234619e-01 -1.568151824176311493e-02 6.472718119621276855e-01 3.475084304809570312e-01 8.842749595642089844e-01 2.723071575164794922e-01 1.126238051801919937e-02 7.062086462974548340e-02 9.407855570316314697e-03 1.368584930896759033e-01 -9.303595870733261108e-03 7.865567207336425781e-01 2.869495153427124023e-01 7.675143480300903320e-01 3.373682796955108643e-01 1.906158402562141418e-03 4.132464528083801270e-04 3.582236170768737793e-02 1.326203346252441406e-03 6.377922371029853821e-03 1.392849087715148926e-01 -6.055891513824462891e-02 -1.167606115341186523e-01 6.506112217903137207e-02
1.111111119389533997e-01 5.555555820465087891e-01 7.484979461878538132e-03 9.490160644054412842e-02 1.968583166599273682e-01 2.933504283428192139e-01 3.163376078009605408e-02 8.685744404792785645e-01 4.256051778793334961e-01 1.097547769546508789e+00 2.893967032432556152e-01 7.982146926224231720e-03 9.425376355648040771e-02 2.559320032596588135e-01 3.092797100543975830e-01 2.009070292115211487e-02 1.071816205978393555e+00 2.422443777322769165e-01 6.758185625076293945e-01 3.949106931686401367e-01 4.971674643456935883e-04 -6.478428840637207031e-04 5.907368659973144531e-02 1.592928171157836914e-02 -1.154305785894393921e-02 2.032417654991149902e-01 -1.833608001470565796e-01 -4.217292070388793945e-01 1.055139899253845215e-01
2.222222238779067993e-01 5.555555820465087891e-01 1.406716089695692062e-02 1.036965698003768921e-01 1.937155425548553467e-01 3.167869150638580322e-01 8.819379843771457672e-03 8.783982992172241211e-01 4.245930016040802002e-01 1.097022533416748047e+00 2.918517589569091797e-01 1.474789250642061234e-02 1.045970097184181213e-01 2.532792389392852783e-01 3.273709416389465332e-01 5.225371569395065308e-03 1.093472719192504883e+00 2.489399760961532593e-01 6.941436529159545898e-01 3.941988945007324219e-01 6.807316094636917114e-04 9.004399180412292480e-04 5.956369638442993164e-02 1.058402657508850098e-02 -3.594008274376392365e-03 2.150744199752807617e-01 -1.756530255079269409e-01 -4.028788805007934570e-01 1.023471355438232422e-01
3.333333432674407959e-01 5.555555820465087891e-01 1.895263418555259705e-02 1.079241782426834106e-01 1.704490035772323608e-01 3.135376274585723877e-01 -1.588157005608081818e-02 8.749706149101257324e-01 4.220660030841827393e-01 1.090804815292358398e+00 2.922206819057464600e-01 1.934842392802238464e-02 1.090918183326721191e-01 2.305035889148712158e-01 3.180587291717529297e-01 -1.195185258984565735e-02 1.093897938728332520e+00 2.546560466289520264e-01 7.089539766311645508e-01 3.919835090637207031e-01 3.957897424697875977e-04 1.167640089988708496e-03 6.005458533763885498e-02 4.521101713180541992e-03 3.929717466235160828e-03 2.189273238182067871e-01 -1.674099564552307129e-01 -3.818508386611938477e-01 9.976282715797424316e-02
4.444444477558135986e-01 5.555555820465087891e-01 2.155214175581932068e-02 1.073291972279548645e-01 1.333785653114318848e-01 2.815499007701873779e-01 -3.393103182315826416e-02 8.595285415649414062e-01 4.003461897373199463e-01 1.039627909660339355e+00 2.984111905097961426e-01 2.157674357295036316e-02 1.077370941638946533e-01 1.906403303146362305e-01 2.839393317699432373e-01 -2.349402755498886108e-02 1.076049923896789551e+00 2.474662065505981445e-01 6.895393729209899902e-01 3.931989967823028564e-01 2.460181713104248047e-05 4.078969359397888184e-04 5.726176500320434570e-02 2.389430999755859375e-03 1.043700426816940308e-02 2.165213823318481445e-01 -1.528799831867218018e-01 -3.500885367393493652e-01 9.478780627250671387e-02
5.555555820465087891e-01 5.555555820465087891e-01 2.155213989317417145e-02 1.031067222356796265e-01 8.897254616022109985e-02 2.394276857376098633e-01 -4.232584685087203979e-02 8.372817039489746094e-01 3.883102238178253174e-01 1.008954763412475586e+00 2.991606593132019043e-01 2.142664045095443726e-02 1.024110615253448486e-01 1.421100199222564697e-01 2.389541566371917725e-01 -2.818889915943145752e-02 1.037930607795715332e+00 2.490595281124114990e-01 6.918410658836364746e-01 3.889069855213165283e-01 -1.254994422197341919e-04 -6.956607103347778320e-04 5.313747376203536987e-02 -4.735291004180908203e-04 1.413694769144058228e-02 2.006489038467407227e-01 -1.392506957054138184e-01 -3.171136975288391113e-01 8.974632620811462402e-02
6.666666865348815918e-01 5.555555820465087891e-01 1.895263232290744781e-02 9.723251312971115112e-02 4.707835614681243896e-02 2.011566609144210815e-01 -4.143312573432922363e-02 8.187743425369262695e-01 3.856348693370819092e-01 9.999201893806457520e-01 2.964599132537841797e-01 1.906194537878036499e-02 9.588069468736648560e-02 9.443300217390060425e-02 1.969154477119445801e-01 -2.766042575240135193e-02 9.914332628250122070e-01 2.629611790180206299e-01 7.248029112815856934e-01 3.781557381153106689e-01 1.093130558729171753e-04 -1.351818442344665527e-03 4.735464602708816528e-02 -4.241213202476501465e-03 1.377269998192787170e-02 1.726589202880859375e-01 -1.226736903190612793e-01 -2.751172780990600586e-01 8.169582486152648926e-02
7.777777910232543945e-01 5.555555820465087891e-01 1.406715530902147293e-02 9.153844416141510010e-02 1.599524915218353271e-02 1.755046993494033813e-01 -3.328879177570343018e-02 8.177821636199951172e-01 3.862319588661193848e-01 1.001093149185180664e+00 2.959739565849304199e-01 1.477240491658449173e-02 9.054288268089294434e-02 5.693389475345611572e-02 1.717909872531890869e-01 -2.136675827205181122e-02 9.703350067138671875e-01 2.871646583080291748e-01 7.841401100158691406e-01 3.653145134449005127e-01 7.052496075630187988e-04 -9.955614805221557617e-04 4.093864560127258301e-02 -3.713712096214294434e-03 1.192203350365161896e-02 1.525528430938720703e-01 -9.906730055809020996e-02 -2.169530391693115234e-01 6.934055685997009277e-02
8.888888955116271973e-01 5.555555820465087891e-01 7.484976202249526978e-03 8.696596324443817139e-02 -1.536905765533447266e-03 1.643528044223785400e-01 -2.204570733010768890e-02 8.309124708175659180e-01 3.875875174999237061e-01 1.006296873092651367e+00 2.981542646884918213e-01 8.926537819206714630e-03 8.740161359310150146e-02 3.652336448431015015e-02 1.668431460857391357e-01 -1.244801655411720276e-02 1.011849761009216309e+00 3.151408433914184570e-01 8.565031886100769043e-01 3.589212298393249512e-01 1.441561616957187653e-03 4.356503486633300781e-04 3.806027024984359741e-02 2.490341663360595703e-03 9.597690775990486145e-03 1.809372901916503906e-01 -7.244667410850524902e-02 -1.497936844825744629e-01 6.076696515083312988e-02
1.111111119389533997e-01 6.666666865348815918e-01 4.936635494232177734e-03 1.148342117667198181e-01 1.977649331092834473e-01 3.202438354492187500e-01 4.330871626734733582e-02 1.011513113975524902e+00 4.430852234363555908e-01 1.159894824028015137e+00 3.088845312595367432e-01 4.559454508125782013e-03 1.143687367439270020e-01 2.475181221961975098e-01 3.294630944728851318e-01 3.342336043715476990e-02 1.174669265747070312e+00 3.003355562686920166e-01 8.302482366561889648e-01 3.822011351585388184e-01 -3.771809861063957214e-04 -4.654750227928161621e-04 4.975318908691406250e-02 9.219259023666381836e-03 -9.885355830192565918e-03 1.631561517715454102e-01 -1.427496671676635742e-01 -3.296465873718261719e-01 7.331660389900207520e-02
2.222222238779067993e-01 6.666666865348815918e-01 9.277840144932270050e-03 1.258948594331741333e-01 2.003410160541534424e-01 3.561111688613891602e-01 1.360484957695007324e-02 1.020152211189270020e+00 4.657174050807952881e-01 1.212624073028564453e+00 3.018883764743804932e-01 9.085197933018207550e-03 1.268231868743896484e-01 2.485736012458801270e-01 3.598387539386749268e-01 1.025019213557243347e-02 1.188824415206909180e+00 3.245066404342651367e-01 8.923286795616149902e-01 3.749004304409027100e-01 -1.926422119140625000e-04 9.283274412155151367e-04 4.823258519172668457e-02 3.727585077285766602e-03 -3.354657441377639771e-03 1.686722040176391602e-01 -1.412107646465301514e-01 -3.202953934669494629e-01 7.301205396652221680e-02
3.333333432674407959e-01 6.666666865348815918e-01 1.250000018626451492e-02 1.307920217514038086e-01 1.814370900392532349e-01 3.623705804347991943e-01 -2.258942835032939911e-02 1.017151594161987305e+00 4.888442158699035645e-01 1.264033913612365723e+00 2.928800880908966064e-01 1.225067395716905594e-02 1.319735199213027954e-01 2.315153777599334717e-01 3.583921194076538086e-01 -1.676261052489280701e-02 1.182667970657348633e+00 3.488563597202301025e-01 9.528776407241821289e-01 3.657163679599761963e-01 -2.493262290954589844e-04 1.181498169898986816e-03 5.007828772068023682e-02 -3.978461027145385742e-03 5.826817825436592102e-03 1.655163764953613281e-01 -1.399878561496734619e-01 -3.111562728881835938e-01 7.283627986907958984e-02
4.444444477558135986e-01 6.666666865348815918e-01 1.421447470784187317e-02 1.293017268180847168e-01 1.529332250356674194e-01 3.227280974388122559e-01 -4.736566543579101562e-02 1.003909587860107422e+00 4.453314244747161865e-01 1.163894295692443848e+00 3.067730665206909180e-01 1.394201163202524185e-02 1.297991126775741577e-01 2.008547186851501465e-01 3.211389183998107910e-01 -3.463040664792060852e-02 1.163521051406860352e+00 3.099842667579650879e-01 8.541030287742614746e-01 3.776554167270660400e-01 -2.724630758166313171e-04 4.973858594894409180e-04 4.792149364948272705e-02 -1.589179039001464844e-03 1.273525878787040710e-02 1.596114635467529297e-01 -1.353471577167510986e-01 -3.097912669181823730e-01 7.088235020637512207e-02
5.555555820465087891e-01 6.666666865348815918e-01 1.421447470784187317e-02 1.232213601469993591e-01 1.144358813762664795e-01 2.746795415878295898e-01 -5.768366158008575439e-02 9.865901470184326172e-01 4.258495569229125977e-01 1.116856217384338379e+00 3.113272190093994141e-01 1.411700714379549026e-02 1.226978674530982971e-01 1.620312035083770752e-01 2.708371281623840332e-01 -4.029374569654464722e-02 1.137801289558410645e+00 2.925564944744110107e-01 8.083842992782592773e-01 3.815867602825164795e-01 -9.746756404638290405e-05 -5.234926939010620117e-04 4.759532213211059570e-02 -3.842413425445556641e-03 1.738991588354110718e-02 1.512111425399780273e-01 -1.332930624485015869e-01 -3.084719181060791016e-01 7.025954127311706543e-02
6.666666865348815918e-01 6.666666865348815918e-01 1.249999832361936569e-02 1.153960153460502625e-01 7.625566422939300537e-02 2.336207181215286255e-01 -5.551856011152267456e-02 9.732995033264160156e-01 4.271129071712493896e-01 1.117826700210571289e+00 3.085846602916717529e-01 1.280577201396226883e-02 1.142453104257583618e-01 1.219868734478950500e-01 2.297860682010650635e-01 -3.725436702370643616e-02 1.120157003402709961e+00 2.985420525074005127e-01 8.225512504577636719e-01 3.776137232780456543e-01 3.057736903429031372e-04 -1.150704920291900635e-03 4.573120921850204468e-02 -3.834649920463562012e-03 1.826419308781623840e-02 1.468575000762939453e-01 -1.285708546638488770e-01 -2.952754497528076172e-01 6.902906298637390137e-02
7.777777910232543945e-01 6.666666865348815918e-01 9.277836419641971588e-03 1.083871573209762573e-01 4.844866320490837097e-02 2.071126997470855713e-01 -4.270091280341148376e-02 9.703375697135925293e-01 4.307163655757904053e-01 1.125603675842285156e+00 3.066645860671997070e-01 1.010971609503030777e-02 1.075323820114135742e-01 9.260360896587371826e-02 2.071203589439392090e-01 -2.718889340758323669e-02 1.139715075492858887e+00 3.147925138473510742e-01 8.647611141204833984e-01 3.735413253307342529e-01 8.318796753883361816e-04 -8.547753095626831055e-04 4.415494576096534729e-02 7.659196853637695312e-06 1.551201939582824707e-02 1.693775057792663574e-01 -1.159238517284393311e-01 -2.608425617218017578e-01 6.687673926353454590e-02
8.888888955116271973e-01 6.666666865348815918e-01 4.936633165925741196e-03 1.034068763256072998e-01 3.489273041486740112e-02 1.985883116722106934e-01 -2.583448775112628937e-02 9.790291190147399902e-01 4.327132999897003174e-01 1.131446838378906250e+00 3.073862493038177490e-01 6.195184774696826935e-03 1.038209646940231323e-01 7.980685681104660034e-02 2.039543092250823975e-01 -1.464013382792472839e-02 1.229487776756286621e+00 3.362879157066345215e-01 9.245681762695312500e-01 3.746675550937652588e-01 1.258551608771085739e-03 4.140883684158325195e-04 4.491412639617919922e-02 5.365997552871704102e-03 1.119435392320156097e-02 2.504586577415466309e-01 -9.642538428306579590e-02 -2.068786621093750000e-01 6.728130578994750977e-02
1.111111119389533997e-01 7.777777910232543945e-01 2.442736178636550903e-03 1.350842267274856567e-01 1.655221432447433472e-01 3.092311918735504150e-01 5.742374435067176819e-02 1.011966705322265625e+00 4.419253170490264893e-01 1.157310366630554199e+00 3.093958497047424316e-01 1.611840911209583282e-03 1.349114179611206055e-01 2.011952102184295654e-01 3.135091364383697510e-01 4.997067525982856750e-02 1.114193797111511230e+00 3.478354215621948242e-01 9.451519846916198730e-01 3.586194515228271484e-01 -8.308952674269676208e-04 -1.728087663650512695e-04 3.567306697368621826e-02 4.277944564819335938e-03 -7.453069090843200684e-03 1.022270917892456055e-01 -9.408989548683166504e-02 -2.121583819389343262e-01 4.922360181808471680e-02
2.222222238779067993e-01 7.777777910232543945e-01 4.590842407196760178e-03 1.485794633626937866e-01 1.743043512105941772e-01 3.503247797489166260e-01 2.336815744638442993e-02 1.018378853797912598e+00 4.652641415596008301e-01 1.211321353912353516e+00 3.017566204071044922e-01 4.077089019119739532e-03 1.494747996330261230e-01 2.069171369075775146e-01 3.458944261074066162e-01 2.033287659287452698e-02 1.119731068611145020e+00 3.666105568408966064e-01 9.916107058525085449e-01 3.524034619331359863e-01 -5.137533880770206451e-04 8.953362703323364258e-04 3.261278569698333740e-02 -4.430353641510009766e-03 -3.035280853509902954e-03 1.013522148132324219e-01 -9.865358471870422363e-02 -2.197106480598449707e-01 5.064684152603149414e-02
3.333333432674407959e-01 7.777777910232543945e-01 6.185225211083889008e-03 1.540875136852264404e-01 1.646952480077743530e-01 3.607938587665557861e-01 -1.963832601904869080e-02 1.016152024269104004e+00 4.893527328968048096e-01 1.264995217323303223e+00 2.925187349319458008e-01 5.868081934750080109e-03 1.551865041255950928e-01 1.998556256294250488e-01 3.472978174686431885e-01 -1.468378677964210510e-02 1.113325953483581543e+00 3.842463791370391846e-01 1.033805489540100098e+00 3.452377021312713623e-01 -3.171432763338088989e-04 1.098990440368652344e-03 3.516037762165069580e-02 -1.349604129791259766e-02 4.954539239406585693e-03 9.717392921447753906e-02 -1.051063537597656250e-01 -2.311897277832031250e-01 5.271896719932556152e-02
4.444444477558135986e-01 7.777777910232543945e-01 7.033578585833311081e-03 1.514431536197662354e-01 1.477824300527572632e-01 3.235862851142883301e-01 -5.039503425359725952e-02 1.006327986717224121e+00 4.481666982173919678e-01 1.170708894729614258e+00 3.061087727546691895e-01 6.946776993572711945e-03 1.520023941993713379e-01 1.828140318393707275e-01 3.152206540107727051e-01 -3.842241689562797546e-02 1.101793289184570312e+00 3.371426165103912354e-01 9.178126454353332520e-01 3.611638247966766357e-01 -8.680159226059913635e-05 5.592405796051025391e-04 3.503160178661346436e-02 -8.365631103515625000e-03 1.197261735796928406e-02 9.546530246734619141e-02 -1.110240817070007324e-01 -2.528962492942810059e-01 5.505505204200744629e-02
5.555555820465087891e-01 7.777777910232543945e-01 7.033577654510736465e-03 1.431671082973480225e-01 1.202568635344505310e-01 2.772948145866394043e-01 -6.293251365423202515e-02 9.935035109519958496e-01 4.298925399780273438e-01 1.127109527587890625e+00 3.109200596809387207e-01 7.270880974829196930e-03 1.428968608379364014e-01 1.577275097370147705e-01 2.711399793624877930e-01 -4.624447599053382874e-02 1.091996312141418457e+00 3.118981719017028809e-01 8.543537259101867676e-01 3.696036636829376221e-01 2.373033203184604645e-04 -2.702474594116210938e-04 3.747064620256423950e-02 -6.154835224151611328e-03 1.668803766369819641e-02 9.849280118942260742e-02 -1.179943680763244629e-01 -2.727558016777038574e-01 5.868360400199890137e-02
6.666666865348815918e-01 7.777777910232543945e-01 6.185224745422601700e-03 1.331318467855453491e-01 9.227018058300018311e-02 2.380437552928924561e-01 -5.949009954929351807e-02 9.836792945861816406e-01 4.314952790737152100e-01 1.129353761672973633e+00 3.086514174938201904e-01 6.802660413086414337e-03 1.323411762714385986e-01 1.319441497325897217e-01 2.360885441303253174e-01 -4.173382371664047241e-02 1.102264285087585449e+00 3.106216192245483398e-01 8.518471121788024902e-01 3.711973726749420166e-01 6.174356676638126373e-04 -7.906705141067504883e-04 3.967396914958953857e-02 -1.955211162567138672e-03 1.775627583265304565e-02 1.185849905014038086e-01 -1.208736598491668701e-01 -2.775066494941711426e-01 6.254595518112182617e-02
7.777777910232543945e-01 7.777777910232543945e-01 4.590841010212898254e-03 1.247495487332344055e-01 7.339872419834136963e-02 2.147665023803710938e-01 -4.335199296474456787e-02 9.814524650573730469e-01 4.356179833412170410e-01 1.138424038887023926e+00 3.066770136356353760e-01 5.523589439690113068e-03 1.241704076528549194e-01 1.156035140156745911e-01 2.196127176284790039e-01 -2.890435978770256042e-02 1.156585931777954102e+00 3.188247084617614746e-01 8.759828805923461914e-01 3.737688660621643066e-01 9.327484294772148132e-04 -5.791410803794860840e-04 4.220478981733322144e-02 4.846215248107910156e-03 1.444763317704200745e-02 1.751334667205810547e-01 -1.167932748794555664e-01 -2.624411582946777344e-01 6.709185242652893066e-02
8.888888955116271973e-01 7.777777910232543945e-01 2.442735247313976288e-03 1.195303574204444885e-01 6.669191271066665649e-02 2.114276736974716187e-01 -2.360690571367740631e-02 9.878647923469543457e-01 4.392125904560089111e-01 1.147565484046936035e+00 3.063896000385284424e-01 3.446654416620731354e-03 1.198940575122833252e-01 1.117396205663681030e-01 2.216494977474212646e-01 -1.441025920212268829e-02 1.271635413169860840e+00 3.351087272167205811e-01 9.241473078727722168e-01 3.788767755031585693e-01 1.003919169306755066e-03 3.637000918388366699e-04 4.504770785570144653e-02 1.022182404994964600e-02 9.196646511554718018e-03 2.837706208229064941e-01 -1.041038632392883301e-01 -2.234181761741638184e-01 7.248717546463012695e-02
1.111111119389533997e-01 8.888888955116271973e-01 6.498763104900717735e-04 1.556516736745834351e-01 1.421992927789688110e-01 3.006437122821807861e-01 7.424833625555038452e-02 1.006410717964172363e+00 4.378705918788909912e-01 1.147231936454772949e+00 3.100126385688781738e-01 1.528207212686538696e-05 1.558720618486404419e-01 1.614507138729095459e-01 3.017658293247222900e-01 7.145954668521881104e-02 1.042768359184265137e+00 3.918852806091308594e-01 1.044775962829589844e+00 3.330124616622924805e-01 -6.345942383632063866e-04 2.203881740570068359e-04 1.925142109394073486e-02 1.122117042541503906e-03 -2.788789570331573486e-03 3.635764122009277344e-02 -4.598531126976013184e-02 -1.024559736251831055e-01 2.299982309341430664e-02
2.222222238779067993e-01 8.888888955116271973e-01 1.221367856487631798e-03 1.717504113912582397e-01 1.578019708395004272e-01 3.406964838504791260e-01 3.605251386761665344e-02 1.009822607040405273e+00 4.435868859291076660e-01 1.160792708396911621e+00 3.084163963794708252e-01 9.587714448571205139e-04 1.725349873304367065e-01 1.716486811637878418e-01 3.316334486007690430e-01 3.584876284003257751e-02 1.042656421661376953e+00 3.897086977958679199e-01 1.039603471755981445e+00 3.338212966918945312e-01 -2.625964116305112839e-04 7.845759391784667969e-04 1.384671032428741455e-02 -9.063035249710083008e-03 -2.037510275840759277e-04 3.283381462097167969e-02 -5.387818813323974609e-02 -1.211892366409301758e-01 2.540490031242370605e-02
3.333333432674407959e-01 8.888888955116271973e-01 1.645544543862342834e-03 1.778106987476348877e-01 1.575502306222915649e-01 3.484951555728912354e-01 -1.024960912764072418e-02 1.008637666702270508e+00 4.493914842605590820e-01 1.173842072486877441e+00 3.060350418090820312e-01 1.668454147875308990e-03 1.787105053663253784e-01 1.728893220424652100e-01 3.319534361362457275e-01 -6.633702665567398071e-03 1.039700388908386230e+00 3.814063370227813721e-01 1.019547939300537109e+00 3.365638554096221924e-01 2.290960401296615601e-05 8.998066186904907227e-04 1.533909142017364502e-02 -1.654171943664550781e-02 3.615906462073326111e-03 3.106272220611572266e-02 -6.798514723777770996e-02 -1.542941331863403320e-01 3.052881360054016113e-02
4.444444477558135986e-01 8.888888955116271973e-01 1.871244283393025398e-03 1.737534850835800171e-01 1.451618671417236328e-01 3.204237520694732666e-01 -4.671724140644073486e-02 1.003410339355468750e+00 4.370261728763580322e-01 1.144866466522216797e+00 3.098374307155609131e-01 2.158717252314090729e-03 1.743323355913162231e-01 1.646584570407867432e-01 3.046018481254577637e-01 -3.684616461396217346e-02 1.037992715835571289e+00 3.533419072628021240e-01 9.520024061203002930e-01 3.471404910087585449e-01 2.874729689210653305e-04 5.788505077362060547e-04 1.949658989906311035e-02 -1.582190394401550293e-02 9.871076792478561401e-03 3.458237648010253906e-02 -8.368426561355590820e-02 -1.928640604019165039e-01 3.730306029319763184e-02
5.555555820465087891e-01 8.888888955116271973e-01 1.871244050562381744e-03 1.629439592361450195e-01 1.239729300141334534e-01 2.779396772384643555e-01 -6.291540712118148804e-02 9.965866804122924805e-01 4.318402409553527832e-01 1.132013082504272461e+00 3.106849789619445801e-01 2.413866110146045685e-03 1.630074977874755859e-01 1.486785113811492920e-01 2.678684294223785400e-01 -4.831663146615028381e-02 1.046514034271240234e+00 3.351998031139373779e-01 9.085917472839355469e-01 3.552986681461334229e-01 5.426220595836639404e-04 6.353855133056640625e-05 2.470558136701583862e-02 -1.007124781608581543e-02 1.459877565503120422e-02 4.992735385894775391e-02 -9.664043784141540527e-02 -2.234213352203369141e-01 4.461368918418884277e-02
6.666666865348815918e-01 8.888888955116271973e-01 1.645544311031699181e-03 1.504400074481964111e-01 1.034293621778488159e-01 2.392389923334121704e-01 -5.823873355984687805e-02 9.913594126701354980e-01 4.329733848571777344e-01 1.133851408958435059e+00 3.093776702880859375e-01 2.394949086010456085e-03 1.501813381910324097e-01 1.338736116886138916e-01 2.389323413372039795e-01 -4.320611432194709778e-02 1.081873297691345215e+00 3.299118280410766602e-01 8.984133005142211914e-01 3.615960478782653809e-01 7.494047749787569046e-04 -2.586692571640014648e-04 3.044424951076507568e-02 -3.066509962081909180e-04 1.503261923789978027e-02 9.051388502120971680e-02 -1.030615568161010742e-01 -2.354381084442138672e-01 5.221837759017944336e-02
7.777777910232543945e-01 8.888888955116271973e-01 1.221367507241666317e-03 1.406256109476089478e-01 9.131317585706710815e-02 2.177510559558868408e-01 -3.910619020462036133e-02 9.901744723320007324e-01 4.351855814456939697e-01 1.138731122016906738e+00 3.083282113075256348e-01 2.049339003860950470e-03 1.404760777950286865e-01 1.276298463344573975e-01 2.270505130290985107e-01 -2.789926156401634216e-02 1.158273100852966309e+00 3.322881758213043213e-01 9.098571538925170898e-01 3.690784871578216553e-01 8.279714966192841530e-04 -1.495331525802612305e-04 3.631667047739028931e-02 9.299457073211669922e-03 1.120692864060401917e-02 1.680986285209655762e-01 -1.028974056243896484e-01 -2.288739681243896484e-01 6.075027585029602051e-02
8.888888955116271973e-01 8.888888955116271973e-01 6.498760194517672062e-04 1.353364288806915283e-01 9.004023671150207520e-02 2.180640250444412231e-01 -1.764380745589733124e-02 9.935863614082336426e-01 4.371336996555328369e-01 1.143678426742553711e+00 3.081564903259277344e-01 1.324580051004886627e-03 1.356386244297027588e-01 1.311432123184204102e-01 2.326482534408569336e-01 -1.187729090452194214e-02 1.275843381881713867e+00 3.434021770954132080e-01 9.453873634338378906e-01 3.765016496181488037e-01 6.747040315531194210e-04 3.021955490112304688e-04 4.110297560691833496e-02 1.458422839641571045e-02 5.766516551375389099e-03 2.822570204734802246e-01 -9.373152256011962891e-02 -1.982910633087158203e-01 6.834515929222106934e-02
