# step train_loss_terms
1.000000000000000000e+03 1.882660668343305588e-03 1.484563946723937988e-02 7.532344316132366657e-04 7.168290903791785240e-04 1.317137794103473425e-04 3.427439514780417085e-05 4.850052846450125799e-06 1.357226119580445811e-05 1.626487210160121322e-05 8.688709931448101997e-05 1.134935009758919477e-04
2.000000000000000000e+03 5.701323971152305603e-04 8.543392759747803211e-04 3.503269108477979898e-04 2.725031808950006962e-04 6.853276136098429561e-05 3.382592331035993993e-05 9.468141797697171569e-06 1.839642573031596839e-05 2.237027956653037108e-06 3.816648677457123995e-05 3.600349009502679110e-05
3.000000000000000000e+03 4.119350051041692495e-04 3.787072782870382071e-04 1.107859425246715546e-04 1.493419113103300333e-04 4.985053965356200933e-05 2.895382021961268038e-05 1.253279333468526602e-05 7.107814781193155795e-06 7.837642442609649152e-06 1.673403130553197116e-05 5.190770934859756380e-06
4.000000000000000000e+03 2.681399346329271793e-04 2.207715733675286174e-04 4.807015648111701012e-05 1.117173669626936316e-04 2.091894566547125578e-05 1.079557023331290111e-05 1.418525698682060465e-05 3.655447244454990141e-06 1.033394141813914757e-06 9.721185051603242755e-06 2.240648427687119693e-06
5.000000000000000000e+03 1.927170960698276758e-04 1.468238187953829765e-04 2.948077235487289727e-05 7.459289918188005686e-05 1.164176046586362645e-05 3.090039172093383968e-06 8.778022674960084260e-06 3.091324288106989115e-06 1.776113322193850763e-06 6.536791261169128120e-06 2.145658527297200635e-06
6.000000000000000000e+03 1.661892310949042439e-04 1.124507252825424075e-04 2.710119042603764683e-05 5.081632116343826056e-05 8.215306479542050511e-06 1.801489247554854956e-06 8.771515240368898958e-06 1.651908860367257148e-06 2.355100377826602198e-06 4.261523827153723687e-06 1.920775048347422853e-06
7.000000000000000000e+03 1.502072118455544114e-04 9.561359911458566785e-05 3.047475365747231990e-05 2.623600448714569211e-05 6.543258223246084526e-06 1.761946691658522468e-06 7.623303190484875813e-06 1.063014451574417762e-06 2.832213795045390725e-06 3.535243649821495637e-06 1.769251866790000349e-06
8.000000000000000000e+03 1.351761457044631243e-04 8.188100036932155490e-05 2.715593109314795583e-05 1.230145608133170754e-05 5.815140866616275162e-06 2.065324224531650543e-06 7.273096798598999158e-06 2.629040523061121348e-07 2.532897724449867383e-06 2.764401870081201196e-06 9.816441206567105837e-07
9.000000000000000000e+03 1.221168349729850888e-04 8.751509449211880565e-05 5.430780947790481150e-05 3.334179200464859605e-05 1.207948935189051554e-05 3.839858436549548060e-06 1.257031726709101349e-05 1.090301611839095131e-05 1.540410812594927847e-05 8.097290447039995342e-06 1.372560654999688268e-05
1.000000000000000000e+04 8.572667138651013374e-05 5.061856427346356213e-05 2.701716948649846017e-05 5.357769623515196145e-06 4.445295417099259794e-06 2.161078327844734304e-06 5.396409960667369887e-06 3.931573644422314828e-08 2.294045771122910082e-06 1.978304680960718542e-06 8.121751307044178247e-07
1.100000000000000000e+04 7.298251148313283920e-05 4.304732647142373025e-05 3.465212648734450340e-05 1.101812540582614020e-05 5.650884759234031662e-06 1.687959297669294756e-06 5.692952527169836685e-06 2.258615040773293003e-06 3.759107357836910523e-06 2.434692305541830137e-06 3.169039700878784060e-06
1.200000000000000000e+04 4.778614675160497427e-05 2.951193710032384843e-05 2.170434709114488214e-05 4.090353741048602387e-06 3.526474074533325620e-06 6.543641575262881815e-07 4.625215751730138436e-06 3.698815760344587034e-07 1.950177193066338077e-06 1.696623712632572278e-06 9.988790452553075738e-07
1.300000000000000000e+04 4.083635940332897007e-05 3.812320210272446275e-05 3.980808105552569032e-05 1.909844650072045624e-05 6.418679276976035908e-06 9.820359991863369942e-07 4.996128609491279349e-06 2.426174205538700335e-06 4.491987056098878384e-06 2.464432554916129448e-06 3.733289986485033296e-06
1.400000000000000000e+04 2.845764356607105583e-05 2.392670648987405002e-05 1.780044840415939689e-05 3.358370349815231748e-06 3.407676786082447506e-06 3.510649548843502998e-07 4.144884769630152732e-06 2.612160869830404408e-07 1.524233198324509431e-06 1.890359840217570309e-06 6.170203050714917481e-07
1.500000000000000000e+04 2.352091905777342618e-05 2.187320751545485109e-05 1.650614285608753562e-05 3.088026687692035921e-06 3.158979779982473701e-06 3.400368200345837977e-07 3.625993258538073860e-06 3.289873404810350621e-07 1.401308395543310326e-06 1.857497863966273144e-06 5.953559707450040150e-07
1.600000000000000000e+04 1.950347723322920501e-05 2.017048609559424222e-05 1.492171213612891734e-05 2.900985691667301580e-06 2.879010480683064088e-06 3.956398018090112600e-07 3.095665988439577632e-06 2.746823781762941508e-07 1.217124918184708804e-06 1.603262376193015371e-06 5.614376732410164550e-07
1.700000000000000000e+04 1.628264908504206687e-05 1.873611472547054291e-05 1.420703756593866274e-05 2.866479462682036683e-06 2.666485215740976855e-06 5.332817636372055858e-07 2.508218358343583532e-06 2.563143937095446745e-07 1.040377242134127300e-06 1.472974417993100360e-06 4.258467356521578040e-07
1.800000000000000000e+04 1.630485348869115114e-05 2.023753768298774958e-05 1.648518991714809090e-05 6.220167961146216840e-06 3.526241926010698080e-06 5.132961291565152351e-07 2.700171080505242571e-06 2.652284820214845240e-06 1.233464104188897181e-06 1.716040856081235688e-06 1.731146653582982253e-06
1.900000000000000000e+04 1.236070511367870495e-05 1.564295598655007780e-05 1.069614700099918991e-05 2.506555119907716289e-06 3.478186954453121871e-06 4.896552923128183465e-07 1.877040290310105775e-06 7.254357683450507466e-07 9.117262607105658390e-07 1.228820565302157775e-06 6.536323553518741392e-07
2.000000000000000000e+04 1.415041697327978909e-05 1.516786142019554973e-05 1.194736978504806757e-05 4.069905571668641642e-06 2.793362000375054777e-06 1.465724722038430627e-06 1.740538550620840397e-06 2.949545432784361765e-06 1.299090286011050921e-06 2.403763119218638167e-06 2.007351895372266881e-06
2.100000000000000000e+04 9.111014151130802929e-06 1.230846464750356972e-05 6.783981916669290513e-06 2.218748704763129354e-06 2.134670012310380116e-06 4.668902988669287879e-07 1.173329110315535218e-06 1.370155473523482215e-07 6.742866389686241746e-07 1.205124249281652737e-06 2.647899748353665927e-07
2.200000000000000000e+04 2.543625305406749249e-05 3.194392775185406208e-05 2.771377694443799555e-05 2.186347592214588076e-05 7.100801212800433859e-06 5.189749117562314495e-06 1.515598910373228136e-06 3.661963773993193172e-06 3.001777486133505590e-06 4.542657734418753535e-06 3.045821586056263186e-06
2.300000000000000000e+04 6.915933681739261374e-06 9.093971129914280027e-06 4.141524186707101762e-06 2.175925146730151027e-06 2.067419245577184483e-06 5.092889523439225741e-07 7.658036338398233056e-07 1.073358006919988838e-07 4.269569444659282453e-07 1.131552608057972975e-06 1.895009660302093835e-07
2.400000000000000000e+04 5.986079031572444364e-06 7.770408956275787205e-06 3.490255494398297742e-06 2.023216893576318398e-06 1.955731477210065350e-06 3.807810458056337666e-07 6.226614459592383355e-07 1.099099264934011444e-07 3.806440247444697889e-07 1.132017928284767549e-06 1.628640688977611717e-07
2.500000000000000000e+04 2.974800008814781904e-05 3.887151251547038555e-05 2.774238782876636833e-05 2.126257641066331416e-05 1.726065420371014625e-05 8.266841291515447665e-07 3.206499968655407429e-06 2.490395127097144723e-05 6.275026862567756325e-06 8.339524356415495276e-06 1.491306647949386388e-05
2.600000000000000000e+04 4.771834483108250424e-06 6.108613888500258327e-06 2.544475592003436759e-06 1.845661017796373926e-06 1.803757413654238917e-06 3.687834464471961837e-07 4.994230380361841526e-07 3.744790433302114252e-08 2.362870219485557755e-07 1.050980586114746984e-06 9.511054344102376490e-08
2.700000000000000000e+04 5.075402896181913093e-06 6.396414846676634625e-06 2.501718654457363300e-06 2.510909098418778740e-06 2.807624696288257837e-06 7.898803460193448700e-07 5.577689989877399057e-07 5.997969765303423628e-08 3.897174849498696858e-07 1.339621121587697417e-06 1.382389882564893924e-07
2.800000000000000000e+04 4.501302100834436715e-06 5.519364094652701169e-06 2.578827889010426588e-06 2.026720949288574047e-06 2.141418235623859800e-06 3.468718148269545054e-07 4.889623710369050968e-07 6.949044859538844321e-07 1.923297787698174943e-07 1.144455950452538673e-06 4.130431534576928243e-07
2.900000000000000000e+04 6.096460765547817573e-06 6.546316853928146884e-06 4.377116056275554001e-06 2.694257545954314992e-06 6.323577963485149667e-06 5.654487722495105118e-07 1.320457840847666375e-06 4.868800260737771168e-06 1.133158548327628523e-06 1.870390178737579845e-06 3.017378958247718401e-06
3.000000000000000000e+04 1.541445635666605085e-05 2.070750088023487478e-05 1.463669741497142240e-05 2.065506123472005129e-05 2.468995262461248785e-06 4.111077942070551217e-06 1.164107743534259498e-06 4.663224444811930880e-06 2.714558888783358270e-07 3.216156528651481494e-06 2.544641802160185762e-06
3.100000000000000000e+04 3.569514547052676789e-06 4.669766440201783553e-06 2.053239995802869089e-06 1.782578920028754510e-06 2.085574806187651120e-06 6.118599458204698749e-07 3.812580473550042370e-07 1.995124279119409039e-07 1.494521058020836790e-07 1.122402863984461874e-06 1.573984746983114746e-07
3.200000000000000000e+04 1.011791209748480469e-05 1.073241764970589429e-05 9.976167348213493824e-06 8.422167411481495947e-06 3.515009893817477860e-06 2.808917543006828055e-06 5.315854991749802139e-07 3.931767196263535880e-07 5.206912874200497754e-07 1.772523319232277572e-06 4.591053652802656870e-07
3.300000000000000000e+04 3.125293460470857099e-06 3.653060502983862534e-06 2.066379693133058026e-06 1.587404312886064872e-06 1.567927029100246727e-06 5.190361775930796284e-07 3.167224633671139600e-07 2.923003883381625201e-08 1.078846807445188460e-07 1.082888502423884347e-06 4.416503074367028603e-08
3.400000000000000000e+04 2.686072321012034081e-06 3.711812041728990152e-06 1.648974262025149073e-06 1.927931407408323139e-06 1.379687887492764276e-06 3.692244661124277627e-07 4.739285088817268843e-07 5.086465293402397947e-08 1.610744959634757834e-07 1.020716808852739632e-06 1.239199747260499862e-07
3.500000000000000000e+04 2.382069169470923953e-06 3.146474682580446824e-06 1.430606289432034828e-06 1.473944280405703466e-06 1.298787196901685093e-06 3.376252664111234481e-07 2.353099688434667769e-07 1.693784668077569222e-08 5.575376604838311323e-08 1.017783574752684217e-06 2.133388399272462266e-08
3.600000000000000000e+04 9.150233381660655141e-06 2.383130231464747339e-05 1.423765934305265546e-05 1.555075505166314542e-05 4.433429694472579286e-06 1.758174448696081527e-06 5.336547701517702080e-07 7.105608119672979228e-07 5.979709385428577662e-07 1.427047550350835081e-06 5.789026999991619959e-07
3.700000000000000000e+04 2.557882226028596051e-06 3.982549515058053657e-06 2.125535047525772825e-06 2.470704430379555561e-06 1.395605977450031787e-06 5.107129368298046757e-07 2.591473275970201939e-07 1.958772344323733705e-08 6.124506768401261070e-08 1.030519342748448253e-06 3.428855777087846946e-08
3.800000000000000000e+04 5.145805971551453695e-06 4.167694442003266886e-06 2.478381020409869961e-06 2.408821501376223750e-06 5.764282832387834787e-06 2.280441549373790622e-06 7.242084620884270407e-07 4.218715901060932083e-07 5.996427603349729907e-07 1.237070023307751399e-06 5.182760105526540428e-07
3.900000000000000000e+04 6.504579687316436321e-06 3.762472488233470358e-06 4.223213181830942631e-06 1.836795036069815978e-06 7.974293112056329846e-06 1.928903884618193842e-06 7.999493618626729585e-07 1.893901867333624978e-06 8.227741545852040872e-07 1.998025709326611832e-06 1.333295813310542144e-06
4.000000000000000000e+04 3.925405053450958803e-06 7.950680810608901083e-06 4.226334567647427320e-06 4.652602001442573965e-06 3.352285602886695415e-06 7.064965075187501498e-07 4.470882402074494166e-07 1.026691052175010554e-06 5.770002644567284733e-07 1.160660417554026935e-06 7.907592589617706835e-07
4.100000000000000000e+04 5.097589109936961904e-06 6.322748959064483643e-06 4.895824531558901072e-06 7.232275493151973933e-06 1.437422724848147482e-06 1.622219542696257122e-06 6.144140911601425614e-07 2.023326942435232922e-06 3.069558545121253701e-07 1.930045073095243424e-06 1.194955757455318235e-06
4.200000000000000000e+04 4.134964001423213631e-06 5.193640845391200855e-06 3.720612085089669563e-06 3.145462187603698112e-06 2.268905518576502800e-06 5.626467896036047023e-07 4.838964287046110258e-07 3.128665639451355673e-06 6.202054692039382644e-07 1.936365606525214389e-06 1.868195681709039491e-06
4.300000000000000000e+04 2.786862523862509988e-06 4.910958978143753484e-06 2.933064706667209975e-06 2.710062972255400382e-06 1.616278495930600911e-06 3.874492904287762940e-07 1.534391316226901836e-07 1.250768377758504357e-07 1.534164653094194364e-07 1.095669404094223864e-06 1.043145658741195803e-07
4.400000000000000000e+04 1.857406800809258129e-06 2.245360974484356120e-06 1.353820948679640424e-06 1.087570467461773660e-06 1.362368834634253290e-06 3.265431303134391783e-07 2.078972300978421117e-07 4.850058843430815614e-08 1.141803593895929225e-07 1.024877064992324449e-06 7.501363796791338245e-08
4.500000000000000000e+04 9.943827535607852042e-06 2.503049290680792183e-05 1.239081302628619596e-05 1.787298788258340210e-05 6.431688689190195873e-06 2.073783662126515992e-06 5.544542318602907471e-07 4.170599936514918227e-07 1.080610104509105440e-06 1.406266960657376330e-06 7.953942144922621083e-07
4.600000000000000000e+04 1.674409645602281671e-06 2.038796992565039545e-06 1.260900262423092499e-06 1.061327679963142145e-06 1.124571781474514864e-06 2.470036122304009041e-07 1.003275897915045789e-07 3.838982465254048293e-08 2.949026445264735230e-08 1.031727379086078145e-06 1.699740437288710382e-08
4.700000000000000000e+04 9.891662557492963970e-06 1.168162361864233389e-05 1.052092466125031933e-05 7.350173291342798620e-06 3.809559075307333842e-06 4.421829657985654194e-07 2.528260267808946082e-07 6.153199592517921701e-06 2.705798465285624843e-07 2.707397015910828486e-06 3.056609784835018218e-06
4.800000000000000000e+04 2.264797512907534838e-05 1.337175854132510722e-05 1.805336069082841277e-05 1.603444798092823476e-05 5.925850018684286624e-06 2.725599870245787315e-06 6.218456292117480189e-07 1.828593667596578598e-05 6.369658080984663684e-07 6.244955329748336226e-06 9.396035238751210272e-06
4.900000000000000000e+04 3.637286454249988310e-06 8.852068276610225439e-06 5.592457000602735206e-06 4.307045855966862291e-06 3.374800371602759697e-06 4.137199027809401741e-07 3.990702737155515933e-07 1.667246237957442645e-06 4.569519376218522666e-07 1.228364794769731816e-06 1.043713837134419009e-06
5.000000000000000000e+04 2.167342017855844460e-06 2.452114813422667794e-06 1.909532329591456801e-06 1.705504473648034036e-06 1.185218138743948657e-06 4.261350170509103918e-07 1.153825479605075088e-07 4.136907421070645796e-07 5.081287923758281977e-08 1.139319010690087453e-06 2.309441384795718477e-07
5.100000000000000000e+04 5.558702014241134748e-06 7.001147878327174112e-06 8.411495400650892407e-06 5.758960469393059611e-06 3.095545025644241832e-06 3.543212585555011174e-07 1.375970896333456039e-06 4.728141078658154584e-08 1.237380047314218245e-06 1.901303335216653068e-06 5.344166993381804787e-07
5.200000000000000000e+04 1.845790393417701125e-06 2.498627509339712560e-06 1.787570568012597505e-06 1.241628865500388201e-06 1.526843334431760013e-06 2.143360546824624180e-07 2.478154499385709642e-07 3.038740601368772332e-07 2.522232023238757392e-07 1.018095872495905496e-06 2.803846257393161068e-07
5.300000000000000000e+04 2.451253749313764274e-06 4.359226750239031389e-06 3.329116225359030068e-06 3.147120878566056490e-06 1.736768240334640723e-06 5.701432428395492025e-07 3.322560075957881054e-07 1.972520458082271944e-08 3.037366695934906602e-07 1.161108457381487824e-06 1.577460864155000309e-07
5.400000000000000000e+04 1.513144070486305282e-06 1.679091951700684149e-06 1.256117570846981835e-06 7.626834985785535537e-07 1.063052309291379061e-06 2.020854310558206635e-07 8.758619429727332317e-08 2.121256237330726435e-08 4.041648082875326509e-08 9.646546459407545626e-07 1.346783573552556845e-08
5.500000000000000000e+04 1.579153376951580867e-06 2.396352329014916904e-06 1.715682515168737154e-06 1.130534201365662739e-06 1.105638034459843766e-06 3.225959233077446697e-07 1.037866468323045410e-07 3.562524000244593481e-07 9.271292356061167084e-08 1.030940211421693675e-06 2.207218301464308752e-07
5.600000000000000000e+04 2.875819518521893770e-06 1.966928493857267313e-06 2.085562755382852629e-06 1.021972366288537160e-06 1.627523147362808231e-06 6.585184451068926137e-07 4.698758004906267161e-07 4.788975260794359201e-08 3.497351599435205571e-07 1.104404191210051067e-06 1.958651978384295944e-07
5.700000000000000000e+04 2.816556843754369766e-06 2.765519639069680125e-06 2.299261950611253269e-06 2.194419948864378966e-06 1.525528205092996359e-06 1.135409888775029685e-06 1.300653451608013711e-07 1.272344860581142711e-07 1.045872934923863795e-07 1.165383991974522360e-06 1.028160596661109594e-07
5.800000000000000000e+04 1.408374032507708762e-06 1.634152113183517940e-06 1.209031665894144680e-06 7.585045977975823916e-07 1.060117597262433264e-06 2.501049607417371590e-07 7.949724079026054824e-08 1.540600891303256503e-08 4.356439120556387934e-08 9.387258046444912907e-07 8.483423741267870355e-09
5.900000000000000000e+04 4.017623268737224862e-06 9.033812602865509689e-06 4.953582902089692652e-06 4.796249868377344683e-06 2.143418896594084799e-06 5.336132176125829574e-07 1.914637408617636538e-07 1.500355324424162973e-07 4.952228778165590484e-07 1.157752421931945719e-06 2.498234152881195769e-07
6.000000000000000000e+04 3.942107468901667744e-06 3.664715450213407166e-06 2.148390649381326512e-06 3.171037178617552854e-06 5.014263024349929765e-06 5.226963821769459173e-07 5.276353931549238041e-07 2.510307240299880505e-06 2.915845129791705403e-07 1.127623249885800760e-06 1.435970489183091559e-06
6.100000000000000000e+04 1.205109401780646294e-05 1.007227820082334802e-05 4.314415036787977442e-06 5.281442099658306688e-06 1.571045504533685744e-05 8.049994903558399528e-06 2.940692638730979525e-06 2.362084387641516514e-06 3.190364623151253909e-06 3.675450216178433038e-06 2.535996600272483192e-06
6.200000000000000000e+04 3.076906978094484657e-06 2.340539595024893060e-06 2.727755145315313712e-06 1.668499066909134854e-06 1.357487803943513427e-06 4.093392078630131437e-07 8.682091134915026487e-08 1.191642240883084014e-06 3.476139198710370692e-08 1.211940116263576783e-06 6.034523494236054830e-07
6.300000000000000000e+04 1.207361606248014141e-06 1.262588853023771662e-06 1.025012920763401780e-06 5.603001227427739650e-07 9.600286148270242848e-07 1.778428924126274069e-07 6.850959977100501419e-08 1.480349531846059108e-08 3.181900609661170165e-08 8.752925850785686634e-07 1.006980010487268373e-08
6.400000000000000000e+04 4.495077064348151907e-06 5.883198355149943382e-06 3.137603016512002796e-06 2.625864908623043448e-06 1.530242684566474054e-06 2.291751570737687871e-07 8.055920375227287877e-08 3.970044133438932477e-07 8.536092366284719901e-08 9.935605476130149327e-07 2.030388372986635659e-07
6.500000000000000000e+04 1.652513446970260702e-06 1.932726490849745460e-06 1.324465301877353340e-06 1.094053004635497928e-06 1.405755369887629058e-06 4.065485086357512046e-07 2.200768420834720018e-07 1.404019656092714285e-08 2.179816078751173336e-07 9.299504313275974710e-07 1.143500725220292225e-07
6.600000000000000000e+04 1.846357122303743381e-06 3.015234369740937836e-06 2.469469791321898811e-06 2.355774995521642268e-06 1.176420141746348236e-06 3.525776435253646923e-07 1.679226073747486225e-07 1.489077394722926329e-08 1.288184563463801169e-07 9.044650823852862231e-07 6.037755895249574678e-08
6.700000000000000000e+04 1.207485297527455259e-06 1.491386910856817849e-06 1.218527017954329494e-06 7.195214948296779767e-07 8.799200941211893223e-07 1.568608922752900980e-07 7.719091854596626945e-08 5.207560604958416661e-08 4.215995730305621692e-08 8.403023912251228467e-07 3.367443568436101486e-08
6.800000000000000000e+04 1.313708708039484918e-06 1.521684566796466243e-06 1.262937189494550694e-06 7.640794024155184161e-07 8.650735026094480418e-07 1.864532777062777313e-07 6.807866981262122863e-08 1.266462703597426298e-07 4.365971051356609678e-08 8.476357038489368279e-07 7.848811378607933875e-08
6.900000000000000000e+04 1.136127821155241691e-06 1.187388988910242915e-06 1.000394718175812159e-06 5.590039791059098206e-07 8.478878612550033722e-07 1.819799280156075838e-07 8.032913001443375833e-08 1.217655043461718378e-08 3.733532949468099105e-08 8.323353881678485777e-07 1.067379162833503869e-08
7.000000000000000000e+04 4.725654434878379107e-06 8.658897968416567892e-06 5.831816906720632687e-06 6.109165497036883608e-06 3.549503162503242493e-06 1.471688506171631161e-06 8.106661084639199544e-07 6.717222618135565426e-07 1.309982508246321231e-06 1.616112058400176466e-06 8.563608275835576933e-07
7.100000000000000000e+04 1.105663704947801307e-05 1.920478825923055410e-05 1.296578193432651460e-05 9.972266525437589735e-06 7.323785666812909767e-06 2.813461321693466743e-07 7.822642373866983689e-07 1.047981004376197234e-05 3.619051369696535403e-07 3.158091658406192437e-06 5.314867848937865347e-06
7.200000000000000000e+04 2.927537479990860447e-06 7.156271749408915639e-06 4.131719833821989596e-06 5.205373327044071630e-06 1.041323798744997475e-06 3.159773882543959189e-07 8.909722737371339463e-08 9.274051393504123553e-08 6.414997244519327069e-08 7.929605772005743347e-07 6.584853196045514778e-08
7.300000000000000000e+04 1.232073600476724096e-06 1.193275920741143636e-06 1.091149442800087854e-06 5.804748184345953632e-07 8.499550290252955165e-07 1.714835065058650798e-07 1.594928562553832307e-07 3.209673948845193081e-08 1.373805247339987545e-07 7.798361139066400938e-07 7.875848950789077207e-08
7.400000000000000000e+04 1.372661881759995595e-05 2.424391823296900839e-05 1.710547985567245632e-05 1.482435163779882714e-05 3.274371010775212198e-06 7.357309073086071294e-07 8.623034375432325760e-08 3.810401722148526460e-06 2.224611250767338788e-07 2.095082663799985312e-06 1.956312644324498251e-06
7.500000000000000000e+04 1.057596250575443264e-06 1.073186695066397078e-06 9.565682148604537360e-07 5.474071258504409343e-07 6.349997647703276016e-07 1.438522190255753230e-07 6.432642152276457637e-08 6.929735718586016446e-08 3.734972153779381188e-08 7.562786663584120106e-07 4.210251347558369162e-08
7.600000000000000000e+04 8.997996701509691775e-06 7.709982128289993852e-06 6.239674803509842604e-06 4.533022547548171133e-06 6.010380275256466120e-06 4.701888428826350719e-06 1.286389647248142865e-06 1.123096708965931612e-07 1.069149448085227050e-06 2.022967237280681729e-06 5.786099563920288347e-07
7.700000000000000000e+04 1.144372504313651007e-06 1.037820993587956764e-06 9.712472319733933546e-07 5.250342951512720902e-07 6.540723802572756540e-07 2.657485538293258287e-07 6.505788974209281150e-08 2.381233166204310692e-08 5.020872606564807938e-08 7.958512924233218655e-07 1.771297064578902791e-08
7.800000000000000000e+04 1.302174155171087477e-06 1.183007725558127277e-06 1.138024686042626854e-06 6.279196895775385201e-07 7.270654123203712516e-07 1.678243819469571463e-07 1.001961251745342452e-07 1.258793531633273233e-07 5.984654194435279351e-08 7.305871463358926121e-07 8.725821487587381853e-08
7.900000000000000000e+04 1.196734842778823804e-06 1.462815930608485360e-06 1.197742108161037322e-06 6.809131036789040081e-07 7.191045483523339499e-07 1.209904496590752387e-07 1.032156689007024397e-07 2.209427236721239751e-07 1.046927877723646816e-07 7.524846523665473796e-07 1.583202191568489070e-07
8.000000000000000000e+04 2.037854301306651905e-06 1.869472498583490960e-06 1.990990767808398232e-06 2.352554474782664329e-06 8.579032737543457188e-07 3.913964690127613721e-07 1.042516757365774538e-07 1.451696562071447261e-06 6.237711858148031752e-08 1.087799205379269551e-06 7.676190989513997920e-07
8.100000000000000000e+04 1.960282816071412526e-06 3.834943072433816269e-06 3.050741725019179285e-06 2.538056151024647988e-06 2.440943944748141803e-06 1.609369775223967736e-07 4.980921630703960545e-07 8.738368251215433702e-07 6.175160365273768548e-07 1.072314148586883675e-06 7.436307214447879232e-07
8.200000000000000000e+04 1.633833562664221972e-06 3.083531964875874110e-06 2.762184067250927910e-06 2.666754198799026199e-06 1.058993461811041925e-06 1.390318971061788034e-07 3.976713287556776777e-07 5.254019583844637964e-07 4.150696213400806300e-07 9.638057463234872557e-07 4.635591324131382862e-07
8.300000000000000000e+04 1.318612817158282269e-06 2.043423364739282988e-06 1.417907355971692596e-06 1.232122372130106669e-06 5.766196409240365028e-07 1.320478020261361962e-07 7.872238683148680138e-08 1.207537110303746886e-07 4.836493161519683781e-08 7.452666750396019779e-07 7.162014981076936238e-08
8.400000000000000000e+04 1.709864818622008897e-06 2.319487066415604204e-06 1.843648192334512714e-06 9.838297501119086519e-07 1.063701233761094045e-06 1.192726131193921901e-07 1.929889066332179937e-07 3.727263617747667013e-07 1.351510690028590034e-07 7.834818234186968766e-07 2.506526186607516138e-07
8.500000000000000000e+04 4.885576345259323716e-06 9.681425581220537424e-06 5.038923518441151828e-06 5.655448603647528216e-06 3.415528453842853196e-06 2.127360858139581978e-06 2.658300672919722274e-07 7.789484612885644310e-08 3.701583466408919776e-07 1.317526653110689949e-06 2.239352596689059283e-07
8.600000000000000000e+04 2.075361635434092022e-06 3.472774096735520288e-06 1.901535256365605164e-06 1.767645812833507080e-06 9.316486853094829712e-07 4.144095271385594970e-07 8.608609647353659966e-08 9.356151053907524329e-08 1.374698257450290839e-07 8.389338290726300329e-07 9.216881835527601652e-08
8.700000000000000000e+04 1.779116360012267251e-06 2.524750925658736378e-06 1.787277255971275736e-06 1.176605792352347635e-06 1.403895339535665698e-06 4.206810615414724452e-07 1.508827836005366407e-07 5.830744953527755570e-08 1.591819795976334717e-07 7.342134722421178594e-07 1.030098104592980235e-07
8.800000000000000000e+04 9.560399121255613863e-07 9.894591812553699128e-07 8.817222010293335188e-07 5.961981059954268858e-07 4.191577147594216513e-07 1.241931926188044599e-07 4.577864487487204315e-08 8.458789579890435562e-08 3.226477929274551570e-08 7.234483518914203160e-07 3.800044012791659043e-08
8.900000000000000000e+04 4.676509433920728043e-06 3.764874918488203548e-06 4.019197149318642914e-06 4.165427526459097862e-06 2.341633035030099563e-06 3.228917876185732894e-06 2.078946721439933754e-07 5.239016331870516296e-07 2.378437642391872942e-07 1.644502958697557915e-06 3.704920459313143510e-07
9.000000000000000000e+04 8.794939958534087054e-07 8.653213399156811647e-07 8.079796316451393068e-07 4.568054521314479643e-07 3.672377317798236618e-07 1.066404635707840498e-07 4.420384769332486030e-08 2.113768005074234679e-08 3.111967217250821705e-08 6.762593329767696559e-07 9.189998984027170081e-09
9.100000000000000000e+04 8.741988040128489956e-07 9.197976282848685514e-07 8.458169986624852754e-07 5.398209168561152183e-07 3.575941320832498604e-07 1.066138253236204037e-07 5.449618356578866951e-08 2.087430495123498986e-08 4.024461830454129085e-08 6.569733841388369910e-07 1.633620172469818499e-08
9.200000000000000000e+04 1.422787818228243850e-06 1.930052349052857608e-06 1.764322291819553357e-06 1.201265490635705646e-06 6.667499974355450831e-07 2.823861962042428786e-07 1.353827627781356568e-07 5.985000939290330280e-08 9.292068625654792413e-08 7.377645943051902577e-07 5.689306448175557307e-08
9.300000000000000000e+04 5.862820671609370038e-06 7.344426649069646373e-06 3.938365352951223031e-06 2.869983291020616889e-06 5.696697371604386717e-06 8.391639312321785837e-07 7.222396902761829551e-07 3.598164539653225802e-06 8.271787237390526570e-07 1.281607637793058529e-06 2.202237510573468171e-06
9.400000000000000000e+04 1.409873561897256877e-06 3.040749334104475565e-06 2.151846956621739082e-06 2.051858473350876011e-06 6.917255177540937439e-07 3.756073283511796035e-07 8.688667918477221974e-08 3.150496041826045257e-08 6.992382139969777199e-08 7.005870088505616877e-07 2.983438562864648702e-08
9.500000000000000000e+04 1.510307470198313240e-06 1.148422825281159021e-06 1.533398631181626115e-06 7.585218213534972165e-07 5.054478720012411941e-07 1.760497951863726485e-07 8.309489629709787550e-08 1.931965840640259557e-07 8.781547933267574990e-08 7.441545335495902691e-07 1.219730734192125965e-07
9.600000000000000000e+04 2.254799710499355569e-06 5.705862349714152515e-06 3.242884076826157980e-06 5.197070549911586568e-06 5.514874032996885944e-07 1.136550977776096261e-07 1.316619631097637466e-07 1.090108980861259624e-07 4.562674860153492773e-08 7.420923111567390151e-07 5.822819204581719532e-08
9.700000000000000000e+04 5.654338110616663471e-06 1.164258901553694159e-05 1.281532877328572795e-05 7.496842954424209893e-06 1.948429144249530509e-06 1.030300822435492591e-07 2.820608244746836135e-07 3.496762928989483044e-06 1.257631652151758317e-07 1.460676230635726824e-06 1.779528702172683552e-06
9.800000000000000000e+04 1.419179966433148365e-06 1.406036744810990058e-06 1.402460156896268018e-06 9.065768153959652409e-07 4.692129493832908338e-07 9.482597818077920238e-08 7.570895377284614369e-08 4.895782126368430909e-07 5.459767393745096342e-08 6.998043318162672222e-07 2.655698381204274483e-07
9.900000000000000000e+04 8.084459750534733757e-07 7.917593620732077397e-07 7.518357278968323953e-07 4.267652400358201703e-07 2.424235105991101591e-07 8.699869624706479954e-08 4.237105244442318508e-08 1.128010307382965038e-08 3.170893947412878333e-08 6.119595354903140105e-07 5.139879633020427718e-09
1.000000000000000000e+05 1.761964199431531597e-06 2.139414618795854039e-06 1.138171569436963182e-06 1.345476562164549250e-06 1.212250140270043630e-06 2.327360846265946748e-07 4.824136112802079879e-07 3.589690038552362239e-07 4.579897563417034689e-07 7.615886943312943913e-07 4.130127422286022920e-07
1.010000000000000000e+05 1.245282305717410054e-06 1.523181254015071318e-06 1.284427639802743215e-06 1.353920424662646838e-06 3.433341646541521186e-07 4.431375657532043988e-07 5.257053459217786440e-08 1.252876984381146031e-07 4.173662304651770683e-08 7.107399255801283289e-07 7.132963730782648781e-08
1.020000000000000000e+05 8.494931762470514514e-07 1.083833126358513255e-06 8.258069783551036380e-07 5.850413344887783751e-07 2.468825357482273830e-07 8.029932274666862213e-08 4.137208975407702383e-08 1.063206589435594651e-08 3.497154921205947176e-08 6.028840857652539853e-07 7.887962283348315395e-09
1.030000000000000000e+05 9.758697160577867180e-06 8.428403816651552916e-06 8.472025911032687873e-06 7.086599907779600471e-06 3.721084340213565156e-06 1.368858733030720032e-07 2.777819361199362902e-07 5.122072252561338246e-06 1.935471658498499892e-07 1.748614977259421721e-06 2.596590547909727320e-06
1.040000000000000000e+05 7.821534495633386541e-07 9.120972777054703329e-07 1.487803274358157068e-06 6.476487328654911835e-07 3.107792565515410388e-07 1.012966563962436339e-07 6.044142253358586458e-08 1.339252087007025693e-08 3.914252033609955106e-08 5.919404202359146439e-07 1.024044848918492789e-08
1.050000000000000000e+05 9.374923024552117568e-07 1.019889509734639432e-06 9.141411396740295459e-07 7.199662377388449386e-07 2.220877917125108070e-07 1.038065988723246846e-07 5.236373823436224484e-08 1.174526502722983423e-07 3.236425172303825093e-08 5.878966931049944833e-07 6.651816164549018140e-08
1.060000000000000000e+05 9.070171245184610598e-07 1.256365862900565844e-06 1.039426820170774590e-06 6.431365022763202433e-07 2.660102040863421280e-07 1.021863127448341402e-07 4.787656493476788455e-08 8.946636853579548188e-08 4.537315234642846917e-08 5.951557682237762492e-07 5.691006066399495467e-08
1.070000000000000000e+05 2.757539959929999895e-06 2.742648348430520855e-06 2.532470944061060436e-06 2.658832499946583994e-06 7.256536491695442237e-07 1.810337039387377445e-06 1.556682605041714851e-07 1.093084279091272037e-06 1.310259278852754505e-07 1.420220314685138874e-06 6.139894139778334647e-07
1.080000000000000000e+05 2.176883299398468807e-06 1.498136157351837028e-06 1.760403392836451530e-06 1.348279852209088858e-06 6.913156198606884573e-07 7.866368889608565951e-08 1.101505091583021567e-07 1.029533564178564120e-06 9.952599810958417947e-08 7.711946636845823377e-07 5.650186949424096383e-07
1.090000000000000000e+05 6.291638328548287973e-06 1.292815068154595792e-05 5.666330253006890416e-06 5.415883151727030054e-06 2.871147671612561680e-06 1.692484488557965960e-06 2.013676265733010950e-07 3.076901577969692880e-07 2.804831922276207479e-07 1.229039526151609607e-06 2.864218799913942348e-07
1.100000000000000000e+05 2.563277348599513061e-06 4.265229563316097483e-06 2.897261992984567769e-06 2.252773811051156372e-06 5.945187240286031738e-07 4.974114631295378786e-07 4.779241891128549469e-08 1.024554762807383668e-06 1.070733546271185332e-07 9.636223694542422891e-07 5.123673645357484929e-07
1.110000000000000000e+05 4.858625288761686534e-06 1.059098030964378268e-05 3.984213435614947230e-06 4.525099484453676268e-06 2.769246520983870141e-06 1.923244099089060910e-06 3.391423604170995532e-07 8.285887531656044303e-08 3.147932829961064272e-07 9.758164196682628244e-07 1.976024748273630394e-07
1.120000000000000000e+05 7.317219683500297833e-07 7.691753012295521330e-07 7.419430403388105333e-07 4.228827776842081221e-07 1.912308960072550690e-07 6.820996389933497994e-08 4.246060214541103051e-08 1.658904835721841664e-08 3.503392065340449335e-08 5.432666512206196785e-07 7.028175375012324366e-09
1.130000000000000000e+05 9.158921443486178759e-07 1.294095454795751721e-06 1.034571141644846648e-06 7.559218033748038579e-07 1.773801301396815688e-07 2.917884103226242587e-07 4.390831165324016183e-08 3.269302624175907113e-07 3.376948853883732227e-08 6.598020831916073803e-07 1.714820427878294140e-07
1.140000000000000000e+05 1.190808006867882796e-06 1.072106556421204004e-06 1.227461552844033577e-06 6.548626174662786070e-07 3.594183226596214809e-07 1.083890239783613652e-07 4.866102543132910796e-08 2.419860436475573806e-07 5.144539372281542455e-08 5.767427637692890130e-07 1.372138171973347198e-07
1.150000000000000000e+05 9.243748309017973952e-07 1.227332973030570429e-06 1.036147978084045462e-06 9.878706350718857720e-07 2.170831123748939717e-07 7.000777912935518543e-08 4.501164241332844540e-08 4.136445852509496035e-08 3.000731396696210140e-08 5.279724746287683956e-07 2.376635599432574963e-08
1.160000000000000000e+05 3.274879418313503265e-06 5.880342087039025500e-06 3.677797394630033523e-06 2.988897676914348267e-06 6.547772386511496734e-07 1.493916101935610641e-07 6.748998515604398563e-08 7.206348868749046233e-07 3.666878711783283507e-08 7.433003474943689071e-07 3.394582108739996329e-07
1.170000000000000000e+05 1.854606921369850170e-06 1.649166506467736326e-06 1.123761308008397464e-06 1.703864995761250611e-06 6.569773063347383868e-07 1.475754288549069315e-06 1.241611329305669642e-07 5.890101419936399907e-07 1.248037477807883988e-07 1.003721990855410695e-06 3.386709579444868723e-07
1.180000000000000000e+05 8.729432465770514682e-07 1.028024144034134224e-06 8.413335308432579041e-07 5.844465817972377408e-07 1.822187414290965535e-07 7.197333928843363537e-08 1.071059756441172794e-07 3.520370128740069049e-08 9.562058522760708001e-08 5.658624786519794725e-07 3.190227104710174899e-08
1.190000000000000000e+05 9.368789051222847775e-07 8.136099722833023407e-07 8.968135034592705779e-07 5.601565362667315640e-07 2.610920546430861577e-07 2.418119322555867257e-07 4.194436087345820852e-08 1.138357887953134195e-07 4.202212267045979388e-08 5.915078418183838949e-07 6.508238925562181976e-08
1.200000000000000000e+05 7.861374911044549663e-07 1.032087425301142503e-06 8.498857937411230523e-07 5.779214120593678672e-07 1.952623591705560102e-07 1.097208297551333089e-07 3.924528968468621315e-08 9.409291124029550701e-09 3.559667405284017150e-08 5.074875275568047073e-07 7.555810199733059562e-09
1.210000000000000000e+05 7.383688398476806469e-07 8.972419891506433487e-07 8.775693345342006069e-07 5.383239454204158392e-07 1.535839260213833768e-07 7.461812856490723789e-08 3.865386588586261496e-08 1.829451612422872131e-08 3.000817017095869232e-08 4.931415560349705629e-07 8.620371971801432665e-09
1.220000000000000000e+05 1.747447527122858446e-06 1.250164700650202576e-06 1.421085926267551258e-06 1.203304577757080551e-06 6.835142585259745829e-07 7.106255139888162375e-08 7.254481459995076875e-08 1.123833158089837525e-06 6.156366794130008202e-08 7.682394311814277899e-07 5.566146228375146165e-07
1.230000000000000000e+05 2.368318064327468164e-06 1.354051278212864418e-06 1.911947947519365698e-06 1.268854816771636251e-06 6.101768121880013496e-07 7.499595966464767116e-08 4.831207078836996516e-08 1.019424644255195744e-06 3.863580388951959321e-08 7.304707878574845381e-07 5.072000703876256011e-07
1.240000000000000000e+05 1.219213572767330334e-06 1.362069156130019110e-06 1.362486727884970605e-06 1.008264462143415585e-06 2.603595419259363553e-07 7.295727755263214931e-08 6.116726325444687973e-08 8.409221408101075212e-08 6.442868993872252759e-08 4.955784334015334025e-07 6.093546289775986224e-08
1.250000000000000000e+05 6.162117642816156149e-07 5.964632237009936944e-07 6.432592840610595886e-07 3.610718977142823860e-07 1.378371194959981949e-07 5.702217009684318327e-08 3.571261686374782585e-08 6.006801722691079704e-09 2.795757580997815239e-08 4.656497480937105138e-07 3.816143401280669423e-09
1.260000000000000000e+05 3.935993845516350120e-06 7.224572982522659004e-06 2.964825398521497846e-06 3.858716809190809727e-06 1.240213464370754082e-06 8.871297723089810461e-07 1.410629550946396193e-07 2.083477511405362748e-06 1.881414988247342990e-07 1.283666733797872439e-06 1.142403334597474895e-06
1.270000000000000000e+05 7.459101425411063246e-07 8.079281315076514147e-07 7.981725502759218216e-07 7.040333116492547560e-07 1.458603549053805182e-07 1.282863735241335235e-07 3.615224031250363623e-08 1.591517673205089523e-07 2.991210834579760558e-08 5.317693876349949278e-07 7.547617997261113487e-08
1.280000000000000000e+05 9.538080121274106205e-07 1.834791873989161104e-06 1.284273366763954982e-06 8.590150741838442627e-07 2.573511324044375215e-07 9.421710700507901493e-08 1.018294710775080603e-07 1.098434943003212538e-08 5.986262152646304457e-08 4.854895792050228920e-07 2.227980822055997123e-08
1.290000000000000000e+05 6.839681532255781349e-07 6.583375125046586618e-07 7.157230470511422027e-07 4.974645548827538732e-07 1.406005907256258070e-07 1.019653197431580338e-07 3.562139383461726538e-08 8.677171337012623553e-08 2.912792851361700741e-08 4.740234089695150033e-07 4.892976335213461425e-08
1.300000000000000000e+05 1.097698032026528381e-06 1.258665633940836415e-06 9.491722607890551444e-07 5.781560616924252827e-07 2.478823262208607048e-07 1.218886609422042966e-07 4.095307915008561395e-08 1.075586055776511785e-07 4.569278644339647144e-08 4.932549586555978749e-07 5.817318537992832717e-08
1.310000000000000000e+05 6.554048468387918547e-06 1.940746005857363343e-05 1.042714939103461802e-05 1.070064172381535172e-05 8.195589202841802035e-07 2.094971023325342685e-07 1.353870544562596478e-07 5.975769568067335058e-07 5.163374794392439071e-08 6.374070835590828210e-07 2.851087970157095697e-07
1.320000000000000000e+05 9.854130667008575983e-07 8.696655413586995564e-07 9.787422641238663346e-07 6.853332479295204394e-07 2.174906228447071044e-07 1.423370434849857702e-07 3.423722461093348102e-08 2.149322710920387181e-07 3.329637010551778076e-08 5.215085252530116122e-07 1.025098868012719322e-07
1.330000000000000000e+05 9.254499104827118572e-07 1.252179913535655942e-06 9.336592938780086115e-07 6.328121457954694051e-07 1.924960741916947882e-07 7.451070871411502594e-08 3.568067796777540934e-08 6.957561282661117730e-08 3.356804967324933386e-08 4.429918760706641478e-07 3.276191407053374860e-08
1.340000000000000000e+05 2.277331304867402650e-06 1.996686705751926638e-06 2.010992830037139356e-06 1.338206516265927348e-06 4.267134556812379742e-07 2.904514246893086238e-07 3.529103764776664320e-08 8.707809797670051921e-07 5.432729466292585130e-08 7.606784606650762726e-07 4.306087362238031346e-07
1.350000000000000000e+05 7.614216315232624765e-07 1.063056743078050204e-06 9.642060376791050658e-07 5.770598363596946001e-07 3.237299779357272200e-07 9.863130401299713412e-08 6.130521512659470318e-08 1.007476058134670893e-07 5.013535542275349144e-08 4.317561774769274052e-07 6.776770078431582078e-08
1.360000000000000000e+05 5.561053058045217767e-07 5.343035240912286099e-07 6.042791369509359356e-07 3.352679982526751701e-07 1.158099678377766395e-07 5.050378604209981859e-08 3.229466116749790672e-08 4.072873593941039871e-09 2.617815120231625770e-08 4.277162020116520580e-07 3.606009491008421719e-09
1.370000000000000000e+05 1.931510723807150498e-06 3.155823151246295311e-06 1.809239392969175242e-06 1.675154862823546864e-06 9.998191217164276168e-07 6.175781095407728571e-07 1.166644594263743784e-07 1.031413088270483058e-08 1.098253861187004077e-07 5.309684070198272821e-07 5.438548100755724590e-08
1.380000000000000000e+05 2.126090066667529754e-06 1.981486775548546575e-06 1.787622295523760840e-06 1.221002435158879962e-06 4.633306787127366988e-07 1.378108294147750712e-07 5.704363914560417470e-08 7.046152745715517085e-07 8.945476537292051944e-08 6.499945470750390086e-07 3.628315994319564197e-07
1.390000000000000000e+05 7.319342785194749013e-07 7.876242307247593999e-07 7.920235702840727754e-07 5.931491386945708655e-07 1.576958368332270766e-07 1.049863058710798214e-07 3.528553449427818123e-08 6.448139799886121182e-08 3.202780618494216469e-08 4.311083046104613459e-07 3.593951447555809864e-08
1.400000000000000000e+05 5.744793725170893595e-07 5.509792799784918316e-07 6.092250828260148410e-07 3.409145961086323950e-07 1.207514088719108258e-07 5.409472336737053411e-08 3.244390711643063696e-08 8.240763627043179440e-09 2.954378608421848185e-08 3.997043904746533372e-07 5.996338536817802378e-09
1.410000000000000000e+05 2.197405137849273160e-06 1.890126895887078717e-06 1.868041294983413536e-06 1.050985815709282178e-06 3.944226705243636388e-07 1.326705358906110632e-07 3.019368222112461808e-08 6.677068995486479253e-07 3.425797601153135474e-08 6.126240350567968562e-07 3.412248474887746852e-07
1.420000000000000000e+05 8.548487130610737950e-06 2.273111385875381529e-05 8.715976946405135095e-06 9.840033271757420152e-06 3.084234094785642810e-06 1.184943812404526398e-06 3.924467932847619522e-07 1.334987160817036056e-07 8.613957902525726240e-07 1.063659055944299325e-06 4.711708925242419355e-07
1.430000000000000000e+05 8.317255378642585129e-06 2.027564551099203527e-05 7.632550477865152061e-06 7.218468454084359109e-06 1.625655272619042080e-06 4.207725794458383461e-07 6.634639504454753478e-08 5.578979767051350791e-07 2.511149830297654262e-07 7.194329896265116986e-07 3.825388148470665328e-07
1.440000000000000000e+05 6.540317940562090371e-07 6.935528631402121391e-07 6.463765203079674393e-07 5.401518023973039817e-07 1.676326490951396408e-07 9.973376791094779037e-08 3.474798049296623503e-08 6.789079076696680204e-09 3.228950973266364599e-08 3.965271844208473340e-07 6.571592603421549939e-09
1.450000000000000000e+05 4.349010851001366973e-06 4.098561930732103065e-06 3.120736664641299285e-06 3.642448746177251451e-06 1.940170250236405991e-06 5.243958867140463553e-08 4.622896199180104304e-07 2.289532176291686483e-06 4.900132921648037154e-07 1.072206032404210418e-06 1.335338311037048697e-06
1.460000000000000000e+05 1.257717599401075859e-06 2.799554522425751202e-06 1.392651370224484708e-06 1.245579369424376637e-06 2.842579363004915649e-07 1.404491882794900448e-07 6.395873697329079732e-08 1.399172422367200852e-08 4.855890267663198756e-08 3.865653752654907294e-07 1.932947313321164984e-08
1.470000000000000000e+05 5.863416845386382192e-07 9.075012599168985616e-07 9.486399221714236774e-07 7.527666525675158482e-07 1.251878956054497394e-07 9.541093248799370485e-08 3.992282060494289908e-08 6.849034228650907608e-09 3.551975424898046185e-08 3.815315494648530148e-07 8.645996807388200978e-09
1.480000000000000000e+05 6.687225777568528429e-07 9.787354429136030376e-07 7.425858257192885503e-07 5.170266490495123435e-07 1.221754786229212186e-07 4.581411161552750855e-08 3.239696866330632474e-08 1.080915534856785598e-08 3.044106122729317576e-08 3.630067340054665692e-07 9.480189966382113198e-09
1.490000000000000000e+05 9.107521350415481720e-07 1.062446585819998290e-06 6.658573852291738149e-07 5.229809971751819830e-07 1.446857140763313510e-07 3.752852535399142653e-07 6.739829672142150230e-08 1.918117646937389509e-07 7.242412181085455813e-08 5.104704996483633295e-07 1.145481576259044232e-07
1.500000000000000000e+05 3.784096406889148057e-06 6.358752216328866780e-06 3.277250243627349846e-06 2.944538891824777238e-06 9.822690572036663070e-07 1.041891323438903783e-06 9.872967865476311999e-08 6.695344154650229029e-07 1.665095084035783657e-07 9.253068924408580642e-07 4.126990802433283534e-07
