# 预测结果数据
# 注意: PINN问题，无δ参数
# 列: x, y, ux_pred, uy_pred, Sxx_pred, Syy_pred, Sxy_pred, ux_true, uy_true, Sxx_true, Syy_true, Sxy_true
3.745404e-01	9.507134e-01	-1.114574e-01	7.623870e-01	1.863665e+00	5.656808e+00	1.528368e+00	-1.087348e-01	7.543164e-01	1.799369e+00	5.660213e+00	1.587057e+00
7.319934e-01	5.986583e-01	-1.102924e-01	9.596874e-02	1.255867e+01	7.362830e+00	-9.344569e-02	-1.075180e-01	9.581394e-02	1.253127e+01	7.225921e+00	-8.028238e-02
1.560193e-01	1.559952e-01	2.621622e-01	-1.230819e-03	-4.916782e+00	-2.512478e+00	7.561300e-01	2.620686e-01	2.787676e-04	-4.906121e+00	-2.442338e+00	7.724608e-01
5.808449e-02	8.661754e-01	3.855995e-01	1.027104e-01	-1.349724e+00	1.239154e-02	-4.226041e-01	3.812653e-01	1.021458e-01	-1.358840e+00	2.814454e-02	-4.700568e-01
6.011148e-01	7.080722e-01	-6.413897e-01	2.406948e-01	7.316945e+00	5.738865e+00	6.253860e-01	-6.389560e-01	2.387917e-01	7.269010e+00	5.657958e+00	6.455064e-01
2.058545e-02	9.699089e-01	1.013959e-01	5.605011e-02	5.963995e-02	3.627813e-01	-1.065726e-01	9.360462e-02	5.719147e-02	8.286774e-02	3.952288e-01	-1.635340e-01
8.324420e-01	2.123397e-01	3.049307e-01	1.705186e-03	6.792545e+00	3.528693e+00	5.882565e-01	3.063435e-01	1.021396e-03	6.774075e+00	3.415899e+00	6.082752e-01
1.818256e-01	1.834051e-01	2.269230e-01	-9.751748e-04	-6.226284e+00	-3.173552e+00	5.375850e-01	2.263067e-01	6.117451e-04	-6.214598e+00	-3.087286e+00	5.486190e-01
3.042426e-01	5.247564e-01	-3.315897e-01	6.468190e-02	-1.133981e+01	-5.057279e+00	1.142881e-01	-3.332465e-01	6.193493e-02	-1.133567e+01	-4.959680e+00	1.095152e-01
4.319452e-01	2.912295e-01	-7.196958e-01	7.510917e-03	-4.043760e+00	-1.913875e+00	-8.511640e-01	-7.211610e-01	7.029740e-03	-4.033360e+00	-1.871851e+00	-8.693023e-01
6.118526e-01	1.394946e-01	-3.236577e-01	1.616554e-03	3.467289e+00	1.805035e+00	-1.042898e+00	-3.237905e-01	3.555049e-04	3.456816e+00	1.743699e+00	-1.085523e+00
2.921451e-01	3.663621e-01	-2.371843e-01	1.359631e-02	-1.094148e+01	-5.338123e+00	-1.407647e-01	-2.389925e-01	1.430899e-02	-1.091885e+01	-5.225082e+00	-1.503799e-01
4.560701e-01	7.851754e-01	-6.017766e-01	3.819348e-01	-2.030562e-01	2.747806e+00	1.213604e+00	-6.011620e-01	3.764589e-01	-2.219563e-01	2.765772e+00	1.262148e+00
1.996744e-01	5.142344e-01	3.122244e-01	4.277100e-02	-1.162617e+01	-5.459064e+00	6.711504e-02	3.106512e-01	4.104414e-02	-1.161215e+01	-5.327182e+00	6.709325e-02
5.924144e-01	4.645132e-02	-1.229101e-01	7.916242e-07	1.012498e+00	5.435812e-01	-1.251635e+00	-1.215808e-01	4.460933e-06	1.002805e+00	5.019785e-01	-1.299389e+00
6.075446e-01	1.705248e-01	-3.979305e-01	2.351241e-03	4.041397e+00	2.108769e+00	-1.015606e+00	-3.982889e-01	7.977670e-04	4.030814e+00	2.043477e+00	-1.054355e+00
6.505246e-02	9.488847e-01	1.524050e-01	1.651871e-01	-1.241544e-01	9.725479e-01	-1.373512e-01	1.467226e-01	1.645280e-01	-1.050287e-01	9.878315e-01	-1.759301e-01
9.656311e-01	8.083968e-01	5.514480e-01	4.515471e-02	1.753344e+00	1.216544e+00	-1.871759e+00	5.530906e-01	4.602240e-02	1.752394e+00	1.217780e+00	-1.931573e+00
3.046142e-01	9.767291e-02	-1.007226e-01	-4.718732e-04	-3.586335e+00	-1.856896e+00	-4.924106e-01	-1.016285e-01	7.439758e-05	-3.571404e+00	-1.781132e+00	-5.037351e-01
6.842327e-01	4.401526e-01	-3.948544e-01	3.300060e-02	1.158962e+01	6.338596e+00	-1.566727e-01	-3.944913e-01	3.141993e-02	1.159137e+01	6.223989e+00	-1.501493e-01
1.220390e-01	4.951769e-01	7.218525e-01	2.280845e-02	-8.550480e+00	-4.086015e+00	1.136374e-01	7.200564e-01	2.249043e-02	-8.536245e+00	-3.995609e+00	1.047240e-01
3.438945e-02	9.093196e-01	2.792597e-01	7.329343e-02	-4.309460e-01	2.390096e-01	-3.654135e-01	2.745078e-01	7.372182e-02	-4.328924e-01	2.699955e-01	-4.047379e-01
2.587804e-01	6.625219e-01	-4.531726e-02	1.448753e-01	-1.012373e+01	-3.906849e+00	2.492099e-01	-4.810870e-02	1.399398e-01	-1.010211e+01	-3.783720e+00	2.503399e-01
3.117115e-01	5.200680e-01	-3.756986e-01	6.340016e-02	-1.114727e+01	-4.966360e+00	1.068623e-01	-3.773502e-01	6.072479e-02	-1.114333e+01	-4.871087e+00	1.014967e-01
5.467101e-01	1.848551e-01	-5.242087e-01	2.411501e-03	2.017672e+00	1.078389e+00	-1.219500e+00	-5.251826e-01	1.155135e-03	2.019512e+00	1.047249e+00	-1.257389e+00
9.695837e-01	7.751323e-01	6.348463e-01	3.412880e-02	1.723569e+00	1.125723e+00	-1.687455e+00	6.373137e-01	3.444274e-02	1.727203e+00	1.130209e+00	-1.737578e+00
9.394981e-01	8.948266e-01	3.014654e-01	1.180246e-01	2.081612e+00	1.862238e+00	-2.289353e+00	3.012716e-01	1.211313e-01	2.054243e+00	1.839333e+00	-2.368727e+00
5.978998e-01	9.218734e-01	-1.999528e-01	6.889356e-01	4.825132e+00	6.894068e+00	8.464208e-01	-1.984464e-01	6.883543e-01	4.748776e+00	6.854533e+00	9.009725e-01
8.849332e-02	1.959835e-01	4.909870e-01	-1.282139e-03	-3.825029e+00	-1.940595e+00	1.071870e+00	4.905326e-01	4.048826e-04	-3.822295e+00	-1.898752e+00	1.091408e+00
4.522819e-02	3.253307e-01	8.199404e-01	4.204977e-04	-2.996854e+00	-1.501922e+00	7.875059e-01	8.189636e-01	1.586342e-03	-2.986432e+00	-1.463959e+00	8.039042e-01
3.886775e-01	2.713495e-01	-5.745525e-01	4.910069e-03	-6.034680e+00	-2.965332e+00	-7.689409e-01	-5.761178e-01	5.093273e-03	-6.016160e+00	-2.895459e+00	-7.881214e-01
8.287368e-01	3.567536e-01	4.255875e-01	9.759562e-03	1.006796e+01	5.289500e+00	2.981301e-01	4.275130e-01	8.300948e-03	1.005164e+01	5.165427e+00	3.025572e-01
2.809350e-01	5.426960e-01	-1.896594e-01	7.000525e-02	-1.173108e+01	-5.229973e+00	1.282236e-01	-1.914136e-01	6.699752e-02	-1.172518e+01	-5.121870e+00	1.271160e-01
1.409249e-01	8.021964e-01	3.724695e-01	1.815533e-01	-4.797939e+00	-1.128165e+00	-2.073633e-01	3.684880e-01	1.774104e-01	-4.779461e+00	-1.062795e+00	-2.205715e-01
7.455149e-02	9.868859e-01	4.351953e-02	2.218019e-01	5.863069e-01	1.660189e+00	8.859840e-02	3.675085e-02	2.201386e-01	6.585810e-01	1.667674e+00	4.891992e-02
7.722442e-01	1.987163e-01	8.040971e-02	1.306074e-03	7.322066e+00	3.808414e+00	1.599871e-01	8.142930e-02	1.022921e-03	7.294232e+00	3.678002e+00	1.757042e-01
5.523106e-03	8.154608e-01	5.507090e-01	7.611306e-03	-2.025485e-01	-5.614242e-02	-5.723873e-01	5.474824e-01	7.672269e-03	-2.012118e-01	-4.415485e-02	-6.188477e-01
7.068569e-01	7.290067e-01	-2.038844e-01	2.242519e-01	1.041111e+01	7.147398e+00	-4.060045e-03	-2.014073e-01	2.248697e-01	1.034074e+01	7.021134e+00	8.722901e-03
7.712698e-01	7.404550e-02	3.104851e-02	-1.568897e-03	2.885993e+00	1.529323e+00	1.881784e-01	3.071672e-02	1.978919e-05	2.872145e+00	1.437676e+00	2.036274e-01
3.584660e-01	1.158698e-01	-2.229761e-01	-2.894830e-04	-3.482257e+00	-1.789646e+00	-9.007494e-01	-2.242874e-01	1.627256e-04	-3.468986e+00	-1.726067e+00	-9.245893e-01
8.631027e-01	6.232979e-01	5.995464e-01	6.209697e-02	9.248428e+00	5.296088e+00	-5.981936e-01	6.039944e-01	6.292965e-02	9.222765e+00	5.217157e+00	-6.025493e-01
3.308983e-01	6.355922e-02	-9.570363e-02	6.242283e-05	-2.190380e+00	-1.146294e+00	-7.273223e-01	-9.653684e-02	1.407051e-05	-2.176563e+00	-1.086953e+00	-7.492914e-01
3.109827e-01	3.251837e-01	-3.170382e-01	8.155243e-03	-9.851938e+00	-4.855186e+00	-2.868411e-01	-3.188794e-01	9.267679e-03	-9.827146e+00	-4.742574e+00	-2.967233e-01
7.296057e-01	6.375571e-01	-1.187243e-01	1.239113e-01	1.214046e+01	7.353045e+00	-1.005850e-01	-1.160429e-01	1.240726e-01	1.209599e+01	7.215630e+00	-8.732060e-02
8.872120e-01	4.722150e-01	7.531465e-01	1.722075e-02	8.293935e+00	4.439149e+00	2.680454e-02	7.563388e-01	1.725225e-02	8.293486e+00	4.365951e+00	3.071550e-02
1.195950e-01	7.132444e-01	5.752743e-01	9.790094e-02	-6.207779e+00	-2.363705e+00	-3.151255e-01	5.727780e-01	9.496202e-02	-6.192180e+00	-2.297244e+00	-3.345429e-01
7.607845e-01	5.612771e-01	6.303808e-02	6.816329e-02	1.280482e+01	7.263083e+00	-1.467545e-01	6.645837e-02	6.775948e-02	1.278883e+01	7.118757e+00	-1.342528e-01
7.709666e-01	4.937956e-01	1.284483e-01	4.021336e-02	1.277461e+01	7.007918e+00	-7.368308e-02	1.313316e-01	3.918273e-02	1.277252e+01	6.862361e+00	-6.621991e-02
5.227328e-01	4.275412e-01	-9.629098e-01	3.447892e-02	2.049347e+00	1.525050e+00	-3.494821e-01	-9.642818e-01	3.332754e-02	2.054474e+00	1.494947e+00	-3.546249e-01
2.542008e-02	1.078922e-01	3.277627e-01	-7.153880e-04	-6.694933e-01	-3.434263e-01	1.424159e+00	3.282681e-01	1.080999e-05	-6.641228e-01	-3.314603e-01	1.462780e+00
3.143012e-02	6.364101e-01	8.944578e-01	1.659543e-02	-2.146636e+00	-9.607854e-01	-3.701466e-01	8.918928e-01	1.617105e-02	-2.140931e+00	-9.180068e-01	-3.836368e-01
3.143564e-01	5.085707e-01	-3.916078e-01	5.828060e-02	-1.111353e+01	-4.990199e+00	7.982263e-02	-3.932905e-01	5.583844e-02	-1.110957e+01	-4.896014e+00	7.450756e-02
9.075657e-01	2.492927e-01	5.879571e-01	1.853721e-03	4.890984e+00	2.526953e+00	9.072752e-01	5.898502e-01	1.105860e-03	4.882320e+00	2.467776e+00	9.248486e-01
4.103831e-01	7.555506e-01	-5.871240e-01	3.187788e-01	-2.992362e+00	9.646095e-01	1.049004e+00	-5.874231e-01	3.130472e-01	-3.002411e+00	9.847739e-01	1.097697e+00
2.287987e-01	7.698075e-02	3.146955e-02	3.440864e-05	-3.005866e+00	-1.572202e+00	1.953603e-01	3.180881e-02	2.312431e-05	-2.981675e+00	-1.489035e+00	2.026002e-01
2.897519e-01	1.612220e-01	-1.187729e-01	-9.777378e-04	-5.914270e+00	-3.024842e+00	-3.329010e-01	-1.199102e-01	5.335144e-04	-5.893723e+00	-2.927006e+00	-3.388707e-01
9.296967e-01	8.081198e-01	5.107378e-01	9.172715e-02	3.519984e+00	2.485261e+00	-1.767090e+00	5.125389e-01	9.343114e-02	3.508254e+00	2.447820e+00	-1.823384e+00
6.334035e-01	8.714598e-01	-2.643917e-01	5.266629e-01	6.145486e+00	6.735386e+00	5.526841e-01	-2.627957e-01	5.268379e-01	6.089114e+00	6.671836e+00	5.973835e-01
8.036715e-01	1.865707e-01	1.819399e-01	8.630920e-04	6.597479e+00	3.435770e+00	4.093622e-01	1.830188e-01	7.008308e-04	6.574483e+00	3.309780e+00	4.314308e-01
8.925582e-01	5.393422e-01	7.709404e-01	2.759589e-02	8.007791e+00	4.377990e+00	-2.764549e-01	7.747041e-01	2.802219e-02	8.001356e+00	4.312416e+00	-2.765921e-01
8.074396e-01	8.960905e-01	1.112291e-01	3.645836e-01	5.452636e+00	5.208779e+00	-1.312357e+00	1.132364e-01	3.666945e-01	5.406973e+00	5.158782e+00	-1.358455e+00
3.180038e-01	1.100527e-01	-1.393196e-01	-5.974602e-04	-3.885987e+00	-2.004020e+00	-5.980738e-01	-1.404367e-01	1.233598e-04	-3.871309e+00	-1.928929e+00	-6.122902e-01
2.279357e-01	4.271079e-01	1.360414e-01	2.194710e-02	-1.193386e+01	-5.774526e+00	9.950647e-02	1.345829e-01	2.184446e-02	-1.191632e+01	-5.651291e+00	8.870815e-02
8.180141e-01	8.607299e-01	1.734422e-01	2.950113e-01	6.266202e+00	5.245117e+00	-1.266507e+00	1.756065e-01	2.969834e-01	6.225733e+00	5.183086e+00	-1.314749e+00
6.953117e-03	5.107473e-01	9.995451e-01	6.047655e-04	-5.374278e-01	-2.530554e-01	6.632069e-02	9.984764e-01	1.486343e-03	-5.368682e-01	-2.509733e-01	5.389105e-02
4.174112e-01	2.221084e-01	-5.565995e-01	2.561705e-03	-3.981654e+00	-1.967021e+00	-1.018045e+00	-5.579298e-01	2.352200e-03	-3.961917e+00	-1.917416e+00	-1.044224e+00
1.198661e-01	3.376155e-01	6.380608e-01	3.480123e-03	-7.461451e+00	-3.718487e+00	5.707941e-01	6.366537e-01	4.777741e-03	-7.443640e+00	-3.636912e+00	5.785587e-01
9.429088e-01	3.232033e-01	7.931257e-01	2.336996e-03	3.784012e+00	1.974189e+00	7.459728e-01	7.955945e-01	1.946664e-03	3.772602e+00	1.922439e+00	7.586987e-01
5.187905e-01	7.030185e-01	-7.988123e-01	2.475730e-01	2.605353e+00	3.383917e+00	8.772359e-01	-7.978138e-01	2.438428e-01	2.576606e+00	3.369410e+00	9.061520e-01
3.636299e-01	9.717811e-01	-6.227204e-02	8.194078e-01	2.566070e+00	6.255629e+00	1.539394e+00	-5.797601e-02	8.112142e-01	2.498224e+00	6.257735e+00	1.606528e+00
9.624463e-01	2.517828e-01	6.896875e-01	1.068490e-03	2.098347e+00	1.082854e+00	1.045697e+00	6.913536e-01	4.730404e-04	2.096370e+00	1.059458e+00	1.067609e+00
4.972485e-01	3.008787e-01	-8.092997e-01	9.246783e-03	-6.863640e-02	1.252676e-01	-9.031814e-01	-8.105155e-01	8.195015e-03	-6.715344e-02	1.298449e-01	-9.195305e-01
2.848409e-01	3.688787e-02	-2.508441e-02	8.154083e-04	-1.446190e+00	-7.734630e-01	-3.253975e-01	-2.511057e-02	1.444424e-06	-1.418184e+00	-7.088568e-01	-3.388366e-01
6.095641e-01	5.026790e-01	-7.721459e-01	6.179334e-02	8.466231e+00	5.044610e+00	-3.101312e-02	-7.722290e-01	6.010511e-02	8.461551e+00	4.948193e+00	-2.363507e-02
5.147965e-02	2.786469e-01	7.289432e-01	-2.857279e-04	-3.061225e+00	-1.545933e+00	9.428144e-01	7.279807e-01	9.707503e-04	-3.052770e+00	-1.505482e+00	9.635559e-01
9.082651e-01	2.395624e-01	5.713205e-01	1.670973e-03	4.704355e+00	2.430194e+00	9.371034e-01	5.731087e-01	9.361184e-04	4.696991e+00	2.371941e+00	9.563398e-01
1.448956e-01	4.894528e-01	6.148479e-01	2.581917e-02	-9.729192e+00	-4.657478e+00	1.180157e-01	6.130887e-01	2.523161e-02	-9.712676e+00	-4.547034e+00	1.128916e-01
9.856495e-01	2.420558e-01	6.848011e-01	8.732248e-04	7.809174e-01	3.855926e-01	1.104007e+00	6.864408e-01	1.547147e-04	7.824572e-01	3.950636e-01	1.128083e+00
6.721352e-01	7.616191e-01	-3.225883e-01	2.881130e-01	9.135193e+00	6.919313e+00	2.450149e-01	-3.199592e-01	2.884617e-01	9.066910e+00	6.805943e+00	2.686000e-01
2.376381e-01	7.282159e-01	6.171772e-02	1.964812e-01	-8.410449e+00	-2.728608e+00	2.573175e-01	5.849091e-02	1.909794e-01	-8.395018e+00	-2.623969e+00	2.441548e-01
3.677834e-01	6.323056e-01	-6.159227e-01	1.506319e-01	-7.571984e+00	-2.472400e+00	5.298040e-01	-6.169121e-01	1.462559e-01	-7.564076e+00	-2.394204e+00	5.290240e-01
6.335294e-01	5.357746e-01	-6.645659e-01	7.670654e-02	9.859656e+00	5.867296e+00	6.180722e-02	-6.639986e-01	7.525573e-02	9.851851e+00	5.768695e+00	6.500050e-02
9.029058e-02	8.353018e-01	4.216618e-01	1.382346e-01	-2.689753e+00	-3.937611e-01	-3.814005e-01	4.171493e-01	1.362468e-01	-2.687706e+00	-3.651874e-01	-4.171768e-01
3.207804e-01	1.865191e-01	-2.366033e-01	-4.598331e-04	-6.274923e+00	-3.186878e+00	-5.475781e-01	-2.379091e-01	1.023478e-03	-6.251356e+00	-3.092754e+00	-5.620250e-01
4.077606e-02	5.908928e-01	9.301965e-01	1.570852e-02	-2.952754e+00	-1.359611e+00	-2.227744e-01	9.281881e-01	1.557404e-02	-2.950068e+00	-1.316893e+00	-2.381000e-01
6.775640e-01	1.658880e-02	-2.484503e-02	-2.471916e-05	6.167963e-01	3.172253e-01	-6.607308e-01	-2.289834e-02	6.424835e-08	5.879829e-01	2.940147e-01	-6.895499e-01
5.120931e-01	2.264963e-01	-6.498771e-01	3.789382e-03	6.626109e-01	4.086087e-01	-1.158967e+00	-6.511312e-01	2.629850e-03	6.693645e-01	4.043483e-01	-1.186359e+00
6.451725e-01	1.743671e-01	-3.187234e-01	2.330618e-03	5.212648e+00	2.703016e+00	-7.920651e-01	-3.187572e-01	8.299123e-04	5.194625e+00	2.625870e+00	-8.213706e-01
6.909374e-01	3.867356e-01	-3.401602e-01	2.023663e-02	1.117705e+01	5.994404e+00	-2.235723e-01	-3.399252e-01	1.846428e-02	1.116833e+01	5.870629e+00	-2.182798e-01
9.367291e-01	1.375217e-01	3.850041e-01	3.644396e-04	2.037390e+00	1.069815e+00	1.277113e+00	3.860676e-01	7.062763e-05	2.039185e+00	1.022674e+00	1.314670e+00
3.410667e-01	1.134743e-01	-1.876973e-01	-4.670452e-04	-3.695619e+00	-1.901838e+00	-7.769591e-01	-1.889673e-01	1.455603e-04	-3.681837e+00	-1.833222e+00	-7.969444e-01
9.246928e-01	8.773386e-01	3.341070e-01	1.357995e-01	2.811701e+00	2.375606e+00	-2.126015e+00	3.345864e-01	1.388660e-01	2.785673e+00	2.342522e+00	-2.200406e+00
2.579421e-01	6.599838e-01	-4.093143e-02	1.423599e-01	-1.018685e+01	-3.956282e+00	2.417807e-01	-4.371233e-02	1.374637e-01	-1.016546e+01	-3.833029e+00	2.431559e-01
8.172215e-01	5.552007e-01	3.996660e-01	5.165495e-02	1.167698e+01	6.520928e+00	-2.446260e-01	4.037704e-01	5.161083e-02	1.166198e+01	6.388741e+00	-2.364197e-01
5.296505e-01	2.418528e-01	-6.756281e-01	4.769521e-03	1.657907e+00	9.306614e-01	-1.094802e+00	-6.768603e-01	3.406572e-03	1.659537e+00	9.142802e-01	-1.119578e+00
9.310358e-02	8.972149e-01	2.694357e-01	1.887252e-01	-1.360638e+00	5.542823e-01	-2.245282e-01	2.645611e-01	1.868495e-01	-1.368909e+00	5.650756e-01	-2.672488e-01
9.004172e-01	6.331012e-01	7.362883e-01	4.871775e-02	7.060023e+00	4.047629e+00	-7.491515e-01	7.407192e-01	4.944460e-02	7.037953e+00	3.987571e+00	-7.571217e-01
3.390301e-01	3.492099e-01	-4.701746e-01	1.263578e-02	-9.349428e+00	-4.542995e+00	-3.626011e-01	-4.722325e-01	1.300984e-02	-9.329034e+00	-4.440986e+00	-3.689627e-01
7.259552e-01	8.971094e-01	-5.002496e-02	4.899078e-01	6.187048e+00	6.395777e+00	-4.299919e-01	-4.780608e-02	4.912592e-01	6.136533e+00	6.353880e+00	-4.389150e-01
8.870857e-01	7.798749e-01	4.812795e-01	1.266409e-01	5.904590e+00	3.988240e+00	-1.420344e+00	4.838514e-01	1.284849e-01	5.879466e+00	3.928237e+00	-1.462868e+00
6.420314e-01	8.414079e-02	-1.642813e-01	7.327367e-04	2.566336e+00	1.329597e+00	-9.150187e-01	-1.639558e-01	4.521442e-05	2.558401e+00	1.282425e+00	-9.515296e-01
1.616294e-01	8.985534e-01	1.689267e-01	3.220572e-01	-1.938443e+00	1.095037e+00	1.319943e-01	1.651765e-01	3.169713e-01	-1.934933e+00	1.149078e+00	1.084375e-01
6.064288e-01	9.198033e-03	-2.566573e-02	-3.760885e-04	2.426812e-01	1.462644e-01	-1.183766e+00	-2.266962e-02	6.761419e-09	2.250996e-01	1.125542e-01	-1.231965e+00
1.014723e-01	6.635014e-01	7.018570e-01	6.266138e-02	-6.156550e+00	-2.589419e+00	-3.083561e-01	6.998510e-01	6.074129e-02	-6.148605e+00	-2.525023e+00	-3.311103e-01
5.062574e-03	1.608087e-01	4.836511e-01	-3.580879e-04	-1.887005e-01	-1.120500e-01	1.341172e+00	4.837337e-01	1.063509e-05	-1.931611e-01	-9.618372e-02	1.374927e+00
5.487337e-01	6.918948e-01	-7.868700e-01	2.296611e-01	4.463074e+00	4.217948e+00	7.725873e-01	-7.854047e-01	2.264906e-01	4.429652e+00	4.178916e+00	7.943100e-01
6.519610e-01	2.242699e-01	-3.741852e-01	4.036801e-03	6.707687e+00	3.495739e+00	-6.752614e-01	-3.742247e-01	2.246937e-03	6.683324e+00	3.401775e+00	-6.932926e-01
7.121788e-01	2.372496e-01	-1.603483e-01	3.622191e-03	8.358747e+00	4.348701e+00	-2.757613e-01	-1.596586e-01	2.490073e-03	8.325265e+00	4.225606e+00	-2.748098e-01
3.254001e-01	7.464910e-01	-3.241132e-01	2.711406e-01	-6.587810e+00	-1.240246e+00	7.364185e-01	-3.261392e-01	2.649708e-01	-6.573975e+00	-1.157256e+00	7.554638e-01
6.496326e-01	8.492227e-01	-2.708994e-01	4.632458e-01	6.869044e+00	6.757589e+00	4.159439e-01	-2.689782e-01	4.636843e-01	6.813807e+00	6.682964e+00	4.541846e-01
6.576126e-01	5.683085e-01	-5.370934e-01	9.281351e-02	1.092780e+01	6.532022e+00	1.028404e-01	-5.358512e-01	9.178410e-02	1.091293e+01	6.425491e+00	1.055963e-01
9.367558e-02	3.677161e-01	7.622337e-01	4.169362e-03	-6.341345e+00	-3.146217e+00	5.461370e-01	7.609337e-01	5.303221e-03	-6.325089e+00	-3.076012e+00	5.549387e-01
2.652029e-01	2.439902e-01	-6.456086e-02	5.660821e-04	-8.657444e+00	-4.369426e+00	-9.720549e-02	-6.615654e-02	2.622745e-03	-8.633692e+00	-4.252349e+00	-1.041746e-01
9.730096e-01	3.930979e-01	9.271841e-01	2.363103e-03	2.026601e+00	1.070342e+00	4.619482e-01	9.305892e-01	2.022280e-03	2.022965e+00	1.042349e+00	4.728800e-01
8.920458e-01	6.311384e-01	7.090652e-01	5.198802e-02	7.582605e+00	4.343679e+00	-7.173005e-01	7.134928e-01	5.278736e-02	7.559788e+00	4.281724e+00	-7.248021e-01
7.948107e-01	5.026371e-01	2.745066e-01	3.914763e-02	1.238052e+01	6.792562e+00	-9.204611e-02	2.778395e-01	3.835457e-02	1.237638e+01	6.646029e+00	-8.375826e-02
5.769037e-01	4.925177e-01	-8.846968e-01	5.882235e-02	6.306465e+00	3.936139e+00	-6.255320e-02	-8.852679e-01	5.713301e-02	6.300926e+00	3.846475e+00	-5.480743e-02
1.952436e-01	7.224516e-01	2.612971e-01	1.617800e-01	-8.201124e+00	-2.878303e+00	2.726345e-02	2.582285e-01	1.568120e-01	-8.188569e+00	-2.791952e+00	9.050280e-03
2.807728e-01	2.431692e-02	-1.481345e-02	1.144247e-03	-9.758655e-01	-5.325222e-01	-2.870997e-01	-1.466472e-02	2.699506e-07	-9.411443e-01	-4.705055e-01	-3.009460e-01
6.454720e-01	1.771113e-01	-3.224286e-01	2.403574e-03	5.294443e+00	2.746041e+00	-7.863092e-01	-3.224632e-01	8.829961e-04	5.276111e+00	2.667969e+00	-8.150793e-01
9.404577e-01	9.539277e-01	1.372348e-01	1.497175e-01	1.351615e+00	1.636523e+00	-2.625403e+00	1.342588e-01	1.539932e-01	1.308105e+00	1.622637e+00	-2.724881e+00
9.148635e-01	3.701590e-01	7.867285e-01	5.291598e-03	5.944458e+00	3.110665e+00	4.995319e-01	7.897197e-01	4.961673e-03	5.934091e+00	3.047471e+00	5.076306e-01
1.545759e-02	9.283177e-01	2.277243e-01	3.486206e-02	-1.215387e-01	1.272025e-01	-3.221651e-01	2.222456e-01	3.605017e-02	-1.167674e-01	1.746195e-01	-3.587356e-01
4.281843e-01	9.666539e-01	-9.833311e-02	8.576240e-01	3.042427e+00	6.750602e+00	1.638930e+00	-9.410218e-02	8.510119e-01	2.948455e+00	6.756440e+00	1.712646e+00
9.636190e-01	8.530087e-01	4.334165e-01	5.871619e-02	1.563197e+00	1.202213e+00	-2.124586e+00	4.339584e-01	6.037987e-02	1.551871e+00	1.200643e+00	-2.195898e+00
2.944493e-01	3.850980e-01	-2.560821e-01	1.721920e-02	-1.113853e+01	-5.395715e+00	-1.235216e-01	-2.579007e-01	1.756461e-02	-1.111853e+01	-5.285602e+00	-1.321454e-01
8.511360e-01	3.169224e-01	4.958839e-01	5.825656e-03	8.562706e+00	4.459445e+00	4.855664e-01	4.980479e-01	4.547817e-03	8.543657e+00	4.357928e+00	4.930144e-01
1.694934e-01	5.568011e-01	4.785361e-01	5.090900e-02	-1.047952e+01	-4.821779e+00	4.759431e-05	4.768463e-01	4.879584e-02	-1.046757e+01	-4.707969e+00	-5.020961e-03
9.361539e-01	6.960294e-01	7.474356e-01	4.641809e-02	4.289017e+00	2.589750e+00	-1.176115e+00	7.514810e-01	4.676041e-02	4.274210e+00	2.540195e+00	-1.196604e+00
5.700610e-01	9.717730e-02	-2.720714e-01	6.080437e-04	1.621330e+00	8.557303e-01	-1.304660e+00	-2.719158e-01	8.702688e-05	1.613100e+00	8.119230e-01	-1.355363e+00
6.150070e-01	9.900528e-01	-2.617019e-02	8.980535e-01	4.008421e+00	7.398098e+00	6.106216e-01	-2.343618e-02	8.987681e-01	3.890859e+00	7.392219e+00	6.441475e-01
1.400847e-01	5.183296e-01	6.376941e-01	3.169776e-02	-9.446523e+00	-4.462547e+00	5.342409e-02	6.359578e-01	3.075065e-02	-9.433456e+00	-4.360770e+00	4.499022e-02
8.773723e-01	7.407681e-01	5.185475e-01	1.116542e-01	7.005631e+00	4.470190e+00	-1.182359e+00	5.218974e-01	1.131544e-01	6.976711e+00	4.404872e+00	-1.211890e+00
6.970153e-01	7.024837e-01	-2.653725e-01	1.979909e-01	1.075020e+01	7.165157e+00	6.884477e-02	-2.628775e-01	1.983500e-01	1.068288e+01	7.035570e+00	8.302636e-02
3.594914e-01	2.935923e-01	-5.043147e-01	6.113129e-03	-7.666984e+00	-3.776198e+00	-5.833702e-01	-5.060758e-01	6.717642e-03	-7.646041e+00	-3.685735e+00	-5.973891e-01
8.093605e-01	8.101127e-01	2.023446e-01	2.413392e-01	7.818621e+00	5.763478e+00	-9.933021e-01	2.047084e-01	2.428084e-01	7.773189e+00	5.684925e+00	-1.032313e+00
8.670716e-01	9.132397e-01	1.799745e-01	2.783557e-01	3.791937e+00	3.768569e+00	-1.946297e+00	1.806404e-01	2.821040e-01	3.743838e+00	3.725347e+00	-2.013823e+00
5.113424e-01	5.015163e-01	-9.958780e-01	6.457444e-02	1.400970e+00	1.483106e+00	1.324028e-03	-9.974503e-01	6.322144e-02	1.399036e+00	1.455881e+00	3.923344e-03
7.982946e-01	6.499636e-01	2.624224e-01	1.050989e-01	1.137624e+01	6.771353e+00	-4.424319e-01	2.662559e-01	1.056719e-01	1.133612e+01	6.643549e+00	-4.389496e-01
7.019665e-01	7.957921e-01	-1.803772e-01	3.220737e-01	8.866421e+00	6.939217e+00	-1.211224e-02	-1.778785e-01	3.229938e-01	8.803689e+00	6.837107e+00	6.482005e-04
8.900046e-01	3.379955e-01	6.701926e-01	5.165594e-03	7.061525e+00	3.673394e+00	5.619179e-01	6.728711e-01	4.420689e-03	7.046942e+00	3.601946e+00	5.704687e-01
3.755832e-01	9.398274e-02	-2.053001e-01	-1.238100e-05	-2.582144e+00	-1.335472e+00	-1.037748e+00	-2.065096e-01	7.213342e-05	-2.573056e+00	-1.281923e+00	-1.066498e+00
5.782800e-01	3.594320e-02	-1.010387e-01	-2.630781e-04	6.791103e-01	3.743413e-01	-1.325801e+00	-9.932230e-02	1.618824e-06	6.688781e-01	3.347093e-01	-1.375780e+00
4.655981e-01	5.426446e-01	-9.660263e-01	8.800091e-02	-2.035318e+00	-8.669063e-02	2.139847e-01	-9.679773e-01	8.620262e-02	-2.035586e+00	-6.465411e-02	2.196227e-01
2.865417e-01	5.908331e-01	-2.164432e-01	9.945120e-02	-1.110681e+01	-4.692203e+00	2.185634e-01	-2.183829e-01	9.547072e-02	-1.109541e+01	-4.578186e+00	2.195919e-01
3.050119e-02	3.734911e-02	1.150521e-01	-7.549357e-04	-2.886875e-01	-1.381290e-01	1.479903e+00	1.149234e-01	1.861757e-07	-2.801864e-01	-1.400633e-01	1.531439e+00
8.225999e-01	3.601909e-01	3.968520e-01	1.041140e-02	1.032528e+01	5.431699e+00	2.679380e-01	3.986913e-01	8.902563e-03	1.030953e+01	5.303061e+00	2.717997e-01
1.270613e-01	5.222432e-01	6.979449e-01	2.967666e-02	-8.767952e+00	-4.136109e+00	4.275864e-02	6.961865e-01	2.891072e-02	-8.756701e+00	-4.046198e+00	3.111699e-02
7.699930e-01	2.158216e-01	7.751206e-02	1.968997e-03	7.876206e+00	4.096400e+00	1.370300e-01	7.858863e-02	1.434818e-03	7.846800e+00	3.963289e+00	1.507179e-01
6.228902e-01	8.534829e-02	-1.901775e-01	7.399488e-04	2.333569e+00	1.215053e+00	-1.042890e+00	-1.897993e-01	4.915593e-05	2.324983e+00	1.165947e+00	-1.085167e+00
5.168261e-02	5.313545e-01	9.446527e-01	1.262100e-02	-3.893429e+00	-1.838100e+00	-4.134744e-03	9.431422e-01	1.288612e-02	-3.892913e+00	-1.800948e+00	-2.283644e-02
5.406350e-01	6.374296e-01	-8.793088e-01	1.665501e-01	3.936945e+00	3.542263e+00	5.864282e-01	-8.787935e-01	1.637497e-01	3.910003e+00	3.496345e+00	6.029900e-01
7.260908e-01	9.758511e-01	-1.256514e-02	6.855744e-01	3.855290e+00	6.113533e+00	-6.834153e-01	-1.134329e-02	6.875498e-01	3.759975e+00	6.107373e+00	-6.944166e-01
5.163003e-01	3.229568e-01	-8.436080e-01	1.207765e-02	1.226225e+00	8.245405e-01	-8.127407e-01	-8.448186e-01	1.086446e-02	1.225676e+00	8.146816e-01	-8.258477e-01
7.951856e-01	2.708327e-01	2.092861e-01	4.485028e-03	9.144520e+00	4.766145e+00	2.745237e-01	2.105983e-01	3.227917e-03	9.117335e+00	4.630178e+00	2.833497e-01
4.389715e-01	7.845722e-02	-2.257421e-01	4.183818e-04	-1.145605e+00	-5.949426e-01	-1.371686e+00	-2.262733e-01	3.719634e-05	-1.145208e+00	-5.697595e-01	-1.412685e+00
2.535169e-02	9.626474e-01	1.228086e-01	6.742293e-02	2.791990e-02	4.163073e-01	-1.473292e-01	1.155951e-01	6.832296e-02	5.053341e-02	4.511108e-01	-1.955922e-01
8.359795e-01	6.959738e-01	4.160805e-01	1.145163e-01	9.501356e+00	5.819625e+00	-7.728001e-01	4.198914e-01	1.156186e-01	9.462563e+00	5.728031e+00	-7.872611e-01
4.089531e-01	1.732950e-01	-4.341809e-01	9.420086e-04	-3.523285e+00	-1.773309e+00	-1.100055e+00	-4.354627e-01	8.652275e-04	-3.503487e+00	-1.721787e+00	-1.129364e+00
1.564377e-01	2.502434e-01	3.936778e-01	1.189280e-04	-7.380523e+00	-3.721677e+00	6.148844e-01	3.924535e-01	1.850614e-03	-7.370134e+00	-3.640695e+00	6.209533e-01
5.492265e-01	7.145955e-01	-7.458396e-01	2.609281e-01	4.465301e+00	4.414528e+00	8.446261e-01	-7.441529e-01	2.576481e-01	4.430462e+00	4.378536e+00	8.709468e-01
6.601971e-01	2.799343e-01	-4.119141e-01	7.333772e-03	8.286446e+00	4.354212e+00	-5.351111e-01	-4.119852e-01	5.379388e-03	8.257142e+00	4.243871e+00	-5.402419e-01
9.548644e-01	7.378964e-01	7.008655e-01	4.168190e-02	2.809008e+00	1.767501e+00	-1.450375e+00	7.041783e-01	4.189811e-02	2.806162e+00	1.743764e+00	-1.486066e+00
5.543540e-01	6.117205e-01	-8.852608e-01	1.404277e-01	4.879067e+00	3.844105e+00	4.605448e-01	-8.848049e-01	1.379906e-01	4.854414e+00	3.780674e+00	4.715022e-01
4.196002e-01	2.477315e-01	-6.129738e-01	3.913419e-03	-4.227862e+00	-2.065991e+00	-9.538929e-01	-6.143592e-01	3.646879e-03	-4.210656e+00	-2.017001e+00	-9.774086e-01
3.559730e-01	7.578456e-01	-4.244690e-01	3.029108e-01	-5.250912e+00	-3.282323e-01	8.927839e-01	-4.259007e-01	2.966610e-01	-5.247559e+00	-2.750614e-01	9.293470e-01
1.439446e-02	1.160734e-01	3.546989e-01	-4.567932e-04	-4.062264e-01	-2.137558e-01	1.422435e+00	3.551697e-01	8.205935e-06	-4.044864e-01	-2.018190e-01	1.461798e+00
4.600355e-02	4.072972e-02	1.223784e-01	-1.091762e-03	-4.701881e-01	-2.291188e-01	1.445948e+00	1.223136e-01	3.963455e-07	-4.570411e-01	-2.284622e-01	1.493328e+00
8.554599e-01	7.036574e-01	4.896224e-01	1.062942e-01	8.593055e+00	5.273759e+00	-9.043952e-01	4.935096e-01	1.075362e-01	8.558861e+00	5.196378e+00	-9.230103e-01
4.741739e-01	9.783496e-02	-2.980176e-01	5.284119e-04	-6.099089e-01	-3.070073e-01	-1.433857e+00	-2.985667e-01	9.131566e-05	-6.104879e-01	-2.996438e-01	-1.477503e+00
4.916159e-01	4.734718e-01	-9.933496e-01	5.133964e-02	-2.412519e-01	5.189307e-01	-1.245024e-01	-9.951468e-01	5.023725e-02	-2.349619e-01	5.191431e-01	-1.284994e-01
1.732025e-01	4.338518e-01	4.557276e-01	1.833977e-02	-1.074454e+01	-5.233484e+00	2.030563e-01	4.540408e-01	1.834100e-02	-1.072298e+01	-5.107840e+00	1.979979e-01
3.985049e-01	6.158499e-01	-7.497625e-01	1.402999e-01	-6.103929e+00	-1.780958e+00	5.178300e-01	-7.508308e-01	1.365959e-01	-6.104237e+00	-1.721314e+00	5.200934e-01
6.350933e-01	4.530492e-02	-9.492007e-02	2.970863e-04	1.345887e+00	7.059226e-01	-9.899422e-01	-9.374437e-02	3.839144e-06	1.338128e+00	6.695727e-01	-1.027601e+00
3.746129e-01	6.258597e-01	-6.499754e-01	1.458724e-01	-7.320496e+00	-2.373490e+00	5.204594e-01	-6.509593e-01	1.416785e-01	-7.314586e+00	-2.299047e+00	5.192822e-01
5.031363e-01	8.564891e-01	-4.370051e-01	5.426899e-01	2.656963e+00	5.080825e+00	1.344817e+00	-4.356485e-01	5.381041e-01	2.620964e+00	5.080086e+00	1.405233e+00
6.586933e-01	1.629351e-01	-2.659205e-01	1.894610e-03	5.203319e+00	2.691780e+00	-7.174861e-01	-2.658416e-01	6.189991e-04	5.184932e+00	2.615260e+00	-7.437925e-01
7.056960e-02	6.424190e-01	8.165858e-01	3.843625e-02	-4.633577e+00	-2.025310e+00	-3.336011e-01	8.143816e-01	3.745221e-02	-4.627288e+00	-1.963851e+00	-3.528810e-01
2.651226e-02	5.857754e-01	9.525474e-01	9.749444e-03	-1.945447e+00	-9.023188e-01	-2.152860e-01	9.505687e-01	9.795323e-03	-1.941573e+00	-8.704544e-01	-2.280871e-01
9.402294e-01	5.754740e-01	8.996255e-01	2.048435e-02	4.631930e+00	2.583815e+00	-5.084516e-01	9.042772e-01	2.047320e-02	4.622495e+00	2.524705e+00	-5.125013e-01
3.881702e-01	6.432879e-01	-6.862390e-01	1.650701e-01	-6.313819e+00	-1.716558e+00	6.075326e-01	-6.871111e-01	1.607863e-01	-6.312122e+00	-1.656394e+00	6.141413e-01
4.582530e-01	5.456167e-01	-9.539398e-01	8.975090e-02	-2.581645e+00	-3.531481e-01	2.298541e-01	-9.558945e-01	8.786273e-02	-2.581004e+00	-3.242993e-01	2.348714e-01
9.414639e-01	3.861029e-01	8.707978e-01	4.246848e-03	4.280792e+00	2.258340e+00	4.707544e-01	8.740221e-01	4.063824e-03	4.274249e+00	2.200276e+00	4.790308e-01
9.611896e-01	9.053498e-01	2.852797e-01	7.902087e-02	1.274288e+00	1.173555e+00	-2.422565e+00	2.843216e-01	8.171206e-02	1.249967e+00	1.166512e+00	-2.504919e+00
1.957917e-01	6.936216e-02	7.167372e-02	-9.076111e-05	-2.588553e+00	-1.355648e+00	4.986409e-01	7.221804e-02	1.335658e-05	-2.559856e+00	-1.278773e+00	5.123504e-01
1.007788e-01	1.822279e-02	4.713759e-02	-1.236541e-03	-4.467574e-01	-2.320037e-01	1.223977e+00	4.612466e-02	3.433195e-08	-4.254597e-01	-2.127185e-01	1.264193e+00
9.444377e-02	6.830064e-01	6.980169e-01	6.552239e-02	-5.537015e+00	-2.269696e+00	-3.605937e-01	6.957548e-01	6.362553e-02	-5.524630e+00	-2.203384e+00	-3.812351e-01
7.118951e-02	3.189760e-01	7.607346e-01	9.768475e-04	-4.563703e+00	-2.284748e+00	7.620261e-01	7.597045e-01	2.295997e-03	-4.551017e+00	-2.232320e+00	7.785696e-01
8.448746e-01	2.327289e-02	4.307306e-02	-2.798660e-03	8.135723e-01	4.482144e-01	8.420004e-01	4.101193e-02	1.373740e-07	7.596553e-01	3.798631e-01	8.795387e-01
8.144678e-01	2.818552e-01	3.035571e-01	4.836218e-03	9.015015e+00	4.697832e+00	3.751784e-01	3.051006e-01	3.473745e-03	8.991073e+00	4.569484e+00	3.835119e-01
1.181656e-01	6.967368e-01	6.027632e-01	8.823590e-02	-6.446329e+00	-2.546664e+00	-3.045823e-01	6.005004e-01	8.548591e-02	-6.433561e+00	-2.480613e+00	-3.257055e-01
6.289426e-01	8.774713e-01	-2.603842e-01	5.447625e-01	5.959408e+00	6.737260e+00	5.904043e-01	-2.588597e-01	5.448534e-01	5.901964e+00	6.676598e+00	6.366359e-01
7.350706e-01	8.034803e-01	-5.669674e-02	3.071297e-01	8.835371e+00	6.784943e+00	-3.158072e-01	-5.422416e-02	3.081971e-01	8.777058e+00	6.689995e+00	-3.207365e-01
2.820350e-01	1.774402e-01	-1.045643e-01	-9.333324e-04	-6.517857e+00	-3.325747e+00	-2.607624e-01	-1.057646e-01	7.678389e-04	-6.496335e+00	-3.222203e+00	-2.655146e-01
7.506142e-01	8.068342e-01	-2.654791e-04	2.979800e-01	8.704558e+00	6.639548e+00	-4.630722e-01	2.201014e-03	2.990766e-01	8.649032e+00	6.548591e+00	-4.765851e-01
9.905041e-01	4.126179e-01	9.570870e-01	1.369970e-03	7.288250e-01	3.866543e-01	3.678485e-01	9.608430e-01	8.645908e-04	7.296400e-01	3.773923e-01	3.795489e-01
3.720184e-01	7.764124e-01	-4.470475e-01	3.408176e-01	-4.119452e+00	4.871518e-01	1.007965e+00	-4.482007e-01	3.344089e-01	-4.124498e+00	5.220134e-01	1.055130e+00
3.408039e-01	9.307564e-01	-1.177474e-01	6.669006e-01	5.940189e-01	4.519041e+00	1.340281e+00	-1.165628e-01	6.585693e-01	5.477083e-01	4.519235e+00	1.393681e+00
8.584120e-01	4.289942e-01	6.114110e-01	1.521816e-02	9.659897e+00	5.133094e+00	1.650364e-01	6.141021e-01	1.457353e-02	9.656002e+00	5.031829e+00	1.707981e-01
7.508705e-01	7.545424e-01	1.452655e-03	2.276561e-01	1.003374e+01	6.916883e+00	-3.626699e-01	3.812136e-03	2.285749e-01	9.969660e+00	6.802421e+00	-3.671753e-01
1.031247e-01	9.025521e-01	2.451500e-01	2.136263e-01	-1.343282e+00	7.163469e-01	-1.645126e-01	2.402983e-01	2.112406e-01	-1.349634e+00	7.294718e-01	-2.060830e-01
5.052524e-01	8.264568e-01	-5.196524e-01	4.710396e-01	2.501841e+00	4.622986e+00	1.277164e+00	-5.183085e-01	4.664676e-01	2.472701e+00	4.622862e+00	1.330243e+00
3.200500e-01	8.955225e-01	-1.367951e-01	5.510291e-01	-1.207024e+00	3.010715e+00	1.131557e+00	-1.373475e-01	5.430757e-01	-1.239125e+00	3.019044e+00	1.174712e+00
3.892019e-01	1.083863e-02	-2.729228e-02	6.125141e-04	-3.052862e-01	-1.701861e-01	-1.160873e+00	-2.612220e-02	1.297294e-08	-2.743406e-01	-1.371631e-01	-1.204585e+00
9.053811e-01	9.128749e-02	2.342888e-01	-5.792212e-04	2.002445e+00	1.056948e+00	1.202573e+00	2.343389e-01	2.034031e-05	1.991874e+00	9.972740e-01	1.248034e+00
3.193140e-01	9.500611e-01	-6.810132e-02	6.953740e-01	1.156773e+00	4.891071e+00	1.282859e+00	-6.591585e-02	6.869448e-01	1.112061e+00	4.894351e+00	1.342594e+00
9.506062e-01	5.734378e-01	9.221509e-01	1.692607e-02	3.860799e+00	2.155923e+00	-5.054092e-01	9.269965e-01	1.671179e-02	3.852561e+00	2.101139e+00	-5.098435e-01
6.318370e-01	4.484456e-01	-6.668953e-01	3.878976e-02	9.466551e+00	5.330695e+00	-2.083060e-01	-6.672397e-01	3.702309e-02	9.468222e+00	5.229463e+00	-1.968185e-01
2.932112e-01	3.286649e-01	-2.284736e-01	8.005576e-03	-1.030685e+01	-5.087423e+00	-1.942071e-01	-2.302597e-01	9.291565e-03	-1.028116e+01	-4.970957e+00	-2.048691e-01
6.725181e-01	7.523740e-01	-3.309749e-01	2.742125e-01	9.323011e+00	6.932151e+00	2.414287e-01	-3.283288e-01	2.745098e-01	9.254050e+00	6.816175e+00	2.638523e-01
7.915785e-01	7.896175e-01	1.561392e-01	2.355381e-01	8.703098e+00	6.214742e+00	-7.758155e-01	1.585491e-01	2.367397e-01	8.651464e+00	6.124626e+00	-8.046280e-01
9.120692e-02	4.944203e-01	8.417953e-01	1.674588e-02	-6.686149e+00	-3.196043e+00	1.265322e-01	8.401113e-01	1.688899e-02	-6.675981e+00	-3.133035e+00	1.131728e-01
5.755964e-02	5.495288e-01	9.256768e-01	1.634710e-02	-4.273585e+00	-1.999573e+00	-6.693214e-02	9.240119e-01	1.640062e-02	-4.273205e+00	-1.957533e+00	-8.677252e-02
4.415306e-01	8.877034e-01	-3.233342e-01	6.169584e-01	1.227020e+00	4.698947e+00	1.494354e+00	-3.224623e-01	6.105248e-01	1.191569e+00	4.722330e+00	1.553863e+00
3.509153e-01	1.170678e-01	-2.117001e-01	-3.827047e-04	-3.648027e+00	-1.874826e+00	-8.460963e-01	-2.130041e-01	1.675963e-04	-3.634212e+00	-1.808516e+00	-8.682211e-01
1.429924e-01	7.615101e-01	4.275037e-01	1.500891e-01	-5.948497e+00	-1.883062e+00	-2.262549e-01	4.241945e-01	1.460357e-01	-5.928924e+00	-1.813835e+00	-2.405213e-01
6.182178e-01	1.011235e-01	-2.302860e-01	9.535719e-04	2.668313e+00	1.388509e+00	-1.055613e+00	-2.300894e-01	9.744088e-05	2.658752e+00	1.335158e+00	-1.099192e+00
8.410763e-02	7.009687e-01	6.996976e-01	6.479107e-02	-4.771151e+00	-1.905133e+00	-4.150726e-01	6.971050e-01	6.305426e-02	-4.754807e+00	-1.837685e+00	-4.345961e-01
7.276385e-02	8.218594e-01	4.805681e-01	1.047626e-01	-2.444824e+00	-4.955612e-01	-4.558494e-01	4.763620e-01	1.033872e-01	-2.441709e+00	-4.660745e-01	-4.964352e-01
7.062418e-01	8.134962e-02	-6.865624e-02	-1.456570e-04	3.067960e+00	1.586790e+00	-4.012370e-01	-6.863118e-02	3.491914e-05	3.059112e+00	1.532131e+00	-4.126459e-01
8.483854e-02	9.866385e-01	4.231679e-02	2.518045e-01	6.713072e-01	1.882768e+00	1.208587e-01	3.614166e-02	2.495866e-01	7.438929e-01	1.889746e+00	8.428466e-02
3.742711e-01	3.706424e-01	-6.443548e-01	1.776238e-02	-8.026039e+00	-3.808269e+00	-4.222734e-01	-6.465344e-01	1.741897e-02	-8.011369e+00	-3.723704e+00	-4.256397e-01
8.127989e-01	9.472477e-01	6.281102e-02	4.437510e-01	3.871541e+00	4.760068e+00	-1.599253e+00	6.341690e-02	4.466652e-01	3.799920e+00	4.729200e+00	-1.647756e+00
9.860001e-01	7.533777e-01	6.938353e-01	1.434590e-02	8.397050e-01	5.104007e-01	-1.577307e+00	6.968591e-01	1.416398e-02	8.474943e-01	5.365510e-01	-1.623639e+00
3.762598e-01	8.350154e-02	-1.836993e-01	4.841574e-05	-2.291946e+00	-1.189932e+00	-1.051311e+00	-1.848194e-01	4.498848e-05	-2.283873e+00	-1.138704e+00	-1.081150e+00
7.771464e-01	5.584041e-01	1.631349e-01	6.299843e-02	1.264102e+01	7.131968e+00	-1.774072e-01	1.668911e-01	6.264502e-02	1.262489e+01	6.985559e+00	-1.654477e-01
4.242222e-01	9.063535e-01	-2.587771e-01	6.627271e-01	1.268326e+00	4.933603e+00	1.527848e+00	-2.577216e-01	6.557916e-01	1.224049e+00	4.953321e+00	1.586077e+00
1.111983e-01	4.926251e-01	7.672684e-01	2.027776e-02	-7.930311e+00	-3.793922e+00	1.250150e-01	7.654868e-01	2.015787e-02	-7.916930e+00	-3.712950e+00	1.147855e-01
1.135462e-02	4.686607e-01	9.933894e-01	6.932486e-04	-8.746208e-01	-4.193543e-01	2.406912e-01	9.926257e-01	1.720539e-03	-8.767419e-01	-4.163438e-01	2.297423e-01
5.630416e-02	1.188187e-01	3.417539e-01	-1.321806e-03	-1.595353e+00	-8.124925e-01	1.341646e+00	3.420886e-01	3.507213e-05	-1.586397e+00	-7.914274e-01	1.372358e+00
1.175270e-01	6.492100e-01	6.615548e-01	6.633790e-02	-7.156234e+00	-3.048091e+00	-2.399681e-01	6.597455e-01	6.410849e-02	-7.151451e+00	-2.983235e+00	-2.645673e-01
7.460444e-01	5.833686e-01	-2.711585e-02	8.314933e-02	1.272470e+01	7.344646e+00	-1.301835e-01	-2.400364e-02	8.290631e-02	1.270254e+01	7.203969e+00	-1.169244e-01
9.621716e-01	3.748708e-01	8.946497e-01	2.624886e-03	2.764711e+00	1.456714e+00	5.429699e-01	8.977548e-01	2.341377e-03	2.758066e+00	1.416508e+00	5.539888e-01
2.857125e-01	8.685983e-01	-8.768390e-02	4.523102e-01	-2.851950e+00	1.600573e+00	8.551222e-01	-8.926785e-02	4.450279e-01	-2.865649e+00	1.641286e+00	8.776363e-01
2.235964e-01	9.632216e-01	1.841715e-02	5.634511e-01	8.896856e-01	3.877146e+00	7.495627e-01	1.903814e-02	5.561565e-01	8.807361e-01	3.904720e+00	7.743750e-01
1.215545e-02	9.698779e-01	1.021188e-01	3.212129e-02	3.419329e-02	1.992212e-01	-1.067924e-01	9.421472e-02	3.378187e-02	4.872485e-02	2.333488e-01	-1.703082e-01
4.316083e-02	8.911424e-01	3.275180e-01	8.518738e-02	-7.389132e-01	1.787630e-01	-4.003006e-01	3.231029e-01	8.525040e-02	-7.462375e-01	2.008662e-01	-4.442194e-01
5.277010e-01	9.929638e-01	-2.664608e-02	9.708589e-01	4.080744e+00	7.828467e+00	1.335306e+00	-2.176914e-02	9.684719e-01	3.949438e+00	7.826726e+00	1.413961e+00
7.379741e-02	5.538542e-01	8.833723e-01	2.181120e-02	-5.385032e+00	-2.506845e+00	-7.121089e-02	8.816409e-01	2.162097e-02	-5.383852e+00	-2.457702e+00	-9.271163e-02
9.693016e-01	5.230978e-01	9.738590e-01	7.677453e-03	2.455655e+00	1.352062e+00	-2.275229e-01	9.788727e-01	7.209812e-03	2.457640e+00	1.311518e+00	-2.288367e-01
6.293984e-01	6.957483e-01	-5.639609e-01	2.163339e-01	8.746502e+00	6.305360e+00	4.617565e-01	-5.613817e-01	2.152233e-01	8.693003e+00	6.202546e+00	4.773140e-01
4.545411e-01	6.275578e-01	-8.823948e-01	1.566943e-01	-2.267304e+00	3.125098e-01	6.008259e-01	-8.834698e-01	1.535221e-01	-2.281632e+00	3.269892e-01	6.226097e-01
5.843141e-01	9.011572e-01	-2.651666e-01	6.377136e-01	4.833380e+00	6.666352e+00	9.578104e-01	-2.636739e-01	6.364807e-01	4.765499e+00	6.620506e+00	1.019461e+00
4.544729e-02	2.809636e-01	7.421305e-01	-3.098976e-04	-2.729949e+00	-1.379957e+00	9.460709e-01	7.411601e-01	8.867102e-04	-2.721662e+00	-1.341895e+00	9.668868e-01
9.504106e-01	8.902630e-01	3.219474e-01	9.474339e-02	1.763455e+00	1.542062e+00	-2.302947e+00	3.216878e-01	9.746606e-02	1.739869e+00	1.526815e+00	-2.381957e+00
4.556569e-01	6.201324e-01	-8.925952e-01	1.494948e-01	-2.254702e+00	2.677161e-01	5.684159e-01	-8.937742e-01	1.464569e-01	-2.268162e+00	2.829411e-01	5.887911e-01
2.773816e-01	1.881218e-01	-9.413275e-02	-8.470844e-04	-6.900099e+00	-3.515244e+00	-2.176859e-01	-9.538948e-02	9.584204e-04	-6.878150e+00	-3.408507e+00	-2.220356e-01
4.636985e-01	3.533525e-01	-8.711040e-01	1.624848e-02	-2.374075e+00	-9.460317e-01	-6.647494e-01	-8.725392e-01	1.548825e-02	-2.369879e+00	-9.219457e-01	-6.774729e-01
5.836560e-01	7.773548e-02	-2.096967e-01	3.914405e-04	1.536027e+00	8.113443e-01	-1.268636e+00	-2.091533e-01	3.526165e-05	1.526376e+00	7.659095e-01	-1.318452e+00
9.743938e-01	9.862098e-01	4.943976e-02	7.285811e-02	4.029374e-01	6.618723e-01	-2.892803e+00	4.275031e-02	7.601554e-02	3.954991e-01	6.602204e-01	-3.030176e+00
6.981613e-01	5.360963e-01	-3.194803e-01	6.796302e-02	1.233513e+01	7.033241e+00	-2.564752e-02	-3.179284e-01	6.710280e-02	1.232988e+01	6.915955e+00	-1.877863e-02
3.095280e-01	8.137944e-01	-1.995152e-01	3.692836e-01	-4.672023e+00	2.805799e-01	8.465564e-01	-2.017492e-01	3.623833e-01	-4.678020e+00	3.327947e-01	8.665692e-01
6.847308e-01	1.626176e-01	-1.951961e-01	1.476126e-03	5.669461e+00	2.930339e+00	-5.311760e-01	-1.949415e-01	5.848136e-04	5.649162e+00	2.846158e+00	-5.469120e-01
9.109263e-01	8.225366e-01	4.467263e-01	1.241740e-01	4.163800e+00	3.040843e+00	-1.761626e+00	4.483608e-01	1.264262e-01	4.144591e+00	2.994513e+00	-1.820621e+00
9.497990e-01	7.257190e-01	7.179404e-01	4.333748e-02	3.204799e+00	1.992000e+00	-1.371754e+00	7.214952e-01	4.356463e-02	3.198689e+00	1.959522e+00	-1.402684e+00
6.134149e-01	4.182432e-01	-7.311302e-01	3.057142e-02	8.221432e+00	4.617635e+00	-3.303002e-01	-7.318383e-01	2.867771e-02	8.220754e+00	4.521779e+00	-3.186974e-01
9.327276e-01	8.660632e-01	3.719153e-01	1.153346e-01	2.672196e+00	2.172390e+00	-2.098788e+00	3.725189e-01	1.180177e-01	2.650671e+00	2.142951e+00	-2.171659e+00
4.521957e-02	2.636792e-02	7.994172e-02	-1.050783e-03	-2.991865e-01	-1.429379e-01	1.451184e+00	7.942524e-02	6.844129e-08	-2.914545e-01	-1.457117e-01	1.502650e+00
3.764636e-01	8.105527e-01	-3.989574e-01	4.063841e-01	-2.949713e+00	1.451987e+00	1.131713e+00	-4.000658e-01	3.995416e-01	-2.964052e+00	1.475524e+00	1.184742e+00
9.872751e-01	1.504176e-01	4.521857e-01	7.974077e-04	4.501479e-01	2.375515e-01	1.368477e+00	4.537050e-01	2.045885e-05	4.573614e-01	2.294968e-01	1.393382e+00
5.941305e-01	3.808911e-01	-7.716941e-01	2.206816e-02	6.737067e+00	3.765788e+00	-4.923342e-01	-7.726961e-01	2.013401e-02	6.733081e+00	3.683702e+00	-4.862659e-01
9.699134e-01	8.421182e-01	4.666706e-01	4.614176e-02	1.356317e+00	1.006374e+00	-2.074578e+00	4.674333e-01	4.746440e-02	1.349278e+00	1.012818e+00	-2.143340e+00
8.383280e-01	4.686932e-01	5.214432e-01	2.407445e-02	1.083046e+01	5.836330e+00	9.188503e-03	5.243809e-01	2.346949e-02	1.082897e+01	5.714931e+00	1.504311e-02
4.148197e-01	2.734075e-01	-6.497841e-01	5.629199e-03	-4.788506e+00	-2.321174e+00	-8.601683e-01	-6.512715e-01	5.388930e-03	-4.773756e+00	-2.268617e+00	-8.803058e-01
5.637638e-02	8.647217e-01	3.910072e-01	9.903277e-02	-1.332661e+00	-3.513247e-03	-4.299945e-01	3.867133e-01	9.850982e-02	-1.341497e+00	1.277673e-02	-4.776921e-01
8.129004e-01	9.997166e-01	2.963871e-03	5.498955e-01	2.366001e+00	4.440762e+00	-1.861856e+00	3.427200e-04	5.538958e-01	2.226535e+00	4.437584e+00	-1.910451e+00
9.966358e-01	5.554316e-01	9.792502e-01	1.894133e-03	2.666997e-01	1.559066e-01	-4.135015e-01	9.846553e-01	1.005863e-03	2.688290e-01	1.452803e-01	-4.215949e-01
7.689869e-01	9.447649e-01	1.913601e-02	5.268160e-01	4.461491e+00	5.578500e+00	-1.090194e+00	2.054877e-02	5.287668e-01	4.392970e+00	5.554570e+00	-1.120232e+00
8.496467e-01	2.473486e-01	4.091051e-01	2.753632e-03	7.184479e+00	3.724539e+00	6.364851e-01	4.108902e-01	1.703057e-03	7.167628e+00	3.625126e+00	6.510319e-01
4.505442e-01	1.291602e-01	-3.747445e-01	7.741619e-04	-1.517274e+00	-7.667205e-01	-1.336936e+00	-3.758208e-01	2.749483e-04	-1.508149e+00	-7.413022e-01	-1.374059e+00
9.540501e-01	6.061744e-01	9.008747e-01	1.972939e-02	3.522020e+00	1.995517e+00	-6.949805e-01	9.057766e-01	1.942294e-02	3.508831e+00	1.946666e+00	-7.028816e-01
2.286433e-01	6.717003e-01	1.177416e-01	1.387732e-01	-9.903782e+00	-3.859528e+00	1.379183e-01	1.147893e-01	1.339676e-01	-9.887371e+00	-3.747012e+00	1.328138e-01
6.181280e-01	3.581630e-01	-6.641901e-01	1.742943e-02	7.847411e+00	4.268782e+00	-5.140424e-01	-6.650081e-01	1.533572e-02	7.835814e+00	4.174813e+00	-5.083053e-01
1.135584e-01	6.715729e-01	6.508676e-01	7.339717e-02	-6.643816e+00	-2.747984e+00	-2.870206e-01	6.488719e-01	7.103785e-02	-6.635344e+00	-2.683002e+00	-3.102005e-01
5.203077e-01	7.723178e-01	-6.520165e-01	3.591892e-01	2.916553e+00	4.211938e+00	1.099618e+00	-6.505007e-01	3.550584e-01	2.887654e+00	4.202213e+00	1.140534e+00
5.201634e-01	8.521808e-01	-4.457434e-01	5.303552e-01	3.220584e+00	5.310264e+00	1.279966e+00	-4.442860e-01	5.263262e-01	3.181621e+00	5.296547e+00	1.340746e+00
5.519067e-01	5.609379e-01	-9.296576e-01	9.968127e-02	4.666281e+00	3.442675e+00	2.487126e-01	-9.299802e-01	9.769200e-02	4.649200e+00	3.369550e+00	2.578798e-01
8.766528e-01	4.034831e-01	6.790320e-01	1.057734e-02	8.498743e+00	4.477631e+00	2.900685e-01	6.818212e-01	1.001512e-02	8.491164e+00	4.394512e+00	2.965340e-01
1.340160e-01	2.878362e-02	6.060621e-02	-7.684063e-04	-8.778394e-01	-4.650457e-01	1.012990e+00	6.013625e-02	2.805309e-07	-8.465188e-01	-4.232009e-01	1.041779e+00
7.551367e-01	6.203093e-01	2.674067e-02	1.028670e-01	1.237414e+01	7.306761e+00	-1.988415e-01	2.999197e-02	1.029901e-01	1.233745e+01	7.164907e+00	-1.857896e-01
7.040793e-01	2.129647e-01	-1.770775e-01	2.667682e-03	7.532347e+00	3.910805e+00	-3.495671e-01	-1.764839e-01	1.648503e-03	7.502946e+00	3.797917e+00	-3.525307e-01
1.363722e-01	1.454564e-02	3.093758e-02	-5.815458e-04	-4.640600e-01	-2.558554e-01	9.964044e-01	2.991255e-02	1.859682e-08	-4.338447e-01	-2.169147e-01	1.027515e+00
3.505878e-01	5.899175e-01	-5.661322e-01	1.118890e-01	-9.013170e+00	-3.494524e+00	3.531174e-01	-5.673548e-01	1.080074e-01	-9.004849e+00	-3.403890e+00	3.447173e-01
3.922442e-01	4.374751e-01	-7.622644e-01	3.574409e-02	-7.418009e+00	-3.308197e+00	-2.190338e-01	-7.644363e-01	3.454920e-02	-7.405491e+00	-3.228901e+00	-2.198394e-01
9.041579e-01	3.482558e-01	7.294073e-01	4.895227e-03	6.387681e+00	3.327937e+00	5.632511e-01	7.322128e-01	4.362318e-03	6.374700e+00	3.262507e+00	5.719296e-01
5.139895e-01	7.836524e-01	-6.275678e-01	3.810776e-01	2.644300e+00	4.198108e+00	1.147585e+00	-6.261145e-01	3.767683e-01	2.616513e+00	4.192966e+00	1.190985e+00
3.965430e-01	6.220865e-01	-7.372078e-01	1.457532e-01	-6.140114e+00	-1.760667e+00	5.398982e-01	-7.382210e-01	1.419216e-01	-6.140258e+00	-1.701301e+00	5.430523e-01
8.623630e-01	9.495198e-01	1.031239e-01	3.362655e-01	3.015320e+00	3.655477e+00	-2.095304e+00	1.024603e-01	3.406297e-01	2.945118e+00	3.624993e+00	-2.165655e+00
1.470742e-01	9.265867e-01	1.414769e-01	3.332717e-01	-8.752506e-01	1.658710e+00	1.477896e-01	1.377417e-01	3.285991e-01	-8.740245e-01	1.690791e+00	1.150348e-01
4.921163e-01	2.582449e-01	-7.230376e-01	5.470471e-03	-3.891504e-01	-9.662846e-02	-1.058239e+00	-7.242935e-01	4.446248e-03	-3.823504e-01	-8.787215e-02	-1.080082e+00
4.591359e-01	9.800316e-01	-6.580988e-02	9.202448e-01	3.647908e+00	7.367832e+00	1.616438e+00	-6.063613e-02	9.148958e-01	3.534090e+00	7.368268e+00	1.701830e+00
4.926181e-01	3.287520e-01	-8.565818e-01	1.265110e-02	-3.593404e-01	2.779302e-02	-7.894191e-01	-8.578161e-01	1.167768e-02	-3.582508e-01	3.400218e-02	-8.036041e-01
6.334006e-01	2.401461e-01	-4.577007e-01	5.038755e-03	6.470465e+00	3.388806e+00	-7.488000e-01	-4.580602e-01	3.038027e-03	6.448895e+00	3.300352e+00	-7.676315e-01
7.586417e-02	1.288805e-01	3.498105e-01	-1.526577e-03	-2.277519e+00	-1.160591e+00	1.257091e+00	3.500069e-01	6.513517e-05	-2.269199e+00	-1.131567e+00	1.283270e+00
1.280466e-01	1.519034e-01	3.185178e-01	-1.449240e-03	-4.161217e+00	-2.122879e+00	9.495964e-01	3.185052e-01	2.084542e-04	-4.153208e+00	-2.068370e+00	9.683301e-01
1.388279e-01	6.408744e-01	5.829023e-01	7.399274e-02	-8.255819e+00	-3.530238e+00	-1.693861e-01	5.811228e-01	7.126258e-02	-8.251352e+00	-3.458501e+00	-1.924359e-01
1.818807e-01	3.456676e-01	3.690307e-01	6.507771e-03	-1.004835e+01	-4.991309e+00	3.297504e-01	3.672202e-01	7.721045e-03	-1.002579e+01	-4.878874e+00	3.227313e-01
8.967876e-01	4.739617e-01	7.910130e-01	1.597490e-02	7.700553e+00	4.121161e+00	2.372411e-02	7.943243e-01	1.607746e-02	7.700310e+00	4.053684e+00	2.715748e-02
6.675574e-01	1.723205e-01	-2.553079e-01	2.001004e-03	5.663986e+00	2.930984e+00	-6.455634e-01	-2.551499e-01	7.623859e-04	5.643663e+00	2.848377e+00	-6.672537e-01
1.922896e-01	4.086953e-02	4.511866e-02	3.388692e-04	-1.539620e+00	-8.212246e-01	5.395404e-01	4.541824e-02	1.584751e-06	-1.504254e+00	-7.518945e-01	5.525960e-01
1.689357e-01	2.785908e-01	3.758818e-01	1.372593e-03	-8.393100e+00	-4.216267e+00	4.982099e-01	3.743247e-01	3.048986e-03	-8.378685e+00	-4.123677e+00	4.989872e-01
1.770111e-01	8.870336e-02	1.212400e-01	-6.146859e-04	-3.123050e+00	-1.620951e+00	6.510717e-01	1.217754e-01	3.268071e-05	-3.098071e+00	-1.546825e+00	6.686407e-01
1.206366e-01	4.607789e-01	7.225081e-01	1.655321e-02	-8.446232e+00	-4.090169e+00	2.106258e-01	7.207187e-01	1.667832e-02	-8.428566e+00	-3.997108e+00	2.059888e-01
2.063343e-01	3.642701e-01	2.484136e-01	9.609180e-03	-1.092000e+01	-5.393899e+00	2.096246e-01	2.466708e-01	1.063074e-02	-1.089650e+01	-5.273147e+00	1.980674e-01
5.034173e-01	6.903945e-01	-8.267287e-01	2.309440e-01	1.565982e+00	2.751439e+00	8.501656e-01	-8.261929e-01	2.271769e-01	1.539170e+00	2.743908e+00	8.804929e-01
3.931306e-02	7.994098e-01	5.750281e-01	5.098750e-02	-1.562925e+00	-4.291712e-01	-5.463190e-01	5.713980e-01	5.031065e-02	-1.558876e+00	-4.018293e-01	-5.939518e-01
6.279001e-01	8.175987e-02	-1.767443e-01	7.050205e-04	2.308294e+00	1.200836e+00	-1.013758e+00	-1.763313e-01	4.112595e-05	2.300119e+00	1.153077e+00	-1.054556e+00
8.735778e-01	9.208716e-01	1.720977e-01	2.741490e-01	3.464626e+00	3.559181e+00	-2.038097e+00	1.724128e-01	2.781576e-01	3.413909e+00	3.519309e+00	-2.108567e+00
6.107884e-02	2.768781e-01	7.095840e-01	-2.264511e-04	-3.588492e+00	-1.809557e+00	9.282054e-01	7.086347e-01	1.120796e-03	-3.579548e+00	-1.765486e+00	9.484555e-01
8.062007e-01	7.482592e-01	2.431544e-01	1.781479e-01	9.392951e+00	6.206511e+00	-7.631086e-01	2.458698e-01	1.792832e-01	9.341374e+00	6.108290e+00	-7.859415e-01
1.845216e-01	2.093499e-01	2.454632e-01	-6.699990e-04	-7.032713e+00	-3.570456e+00	4.924785e-01	2.444584e-01	1.052171e-03	-7.020632e+00	-3.480160e+00	4.996600e-01
3.704724e-01	4.845230e-01	-6.839600e-01	5.256422e-02	-8.714636e+00	-3.813464e+00	-1.508886e-02	-6.858962e-01	5.061306e-02	-8.706284e+00	-3.726384e+00	-1.816322e-02
6.182545e-01	3.689139e-01	-6.740569e-01	1.932289e-02	7.987122e+00	4.364489e+00	-4.810221e-01	-6.748620e-01	1.725894e-02	7.977670e+00	4.269534e+00	-4.735965e-01
4.625348e-01	7.474704e-01	-6.936141e-01	3.149600e-01	-4.087979e-01	2.261804e+00	1.086346e+00	-6.930479e-01	3.099994e-01	-4.299278e-01	2.273424e+00	1.129051e+00
3.668413e-02	2.524374e-01	6.945438e-01	-6.281268e-04	-2.043425e+00	-1.041714e+00	1.056561e+00	6.936578e-01	4.669618e-04	-2.038107e+00	-1.007955e+00	1.079371e+00
7.133492e-01	8.952060e-01	-7.592168e-02	5.019724e-01	6.255662e+00	6.518855e+00	-2.855300e-01	-7.379558e-02	5.032932e-01	6.204358e+00	6.475435e+00	-2.873784e-01
5.116774e-01	5.321134e-01	-9.907782e-01	8.173640e-02	1.527333e+00	1.693160e+00	1.451221e-01	-9.922384e-01	8.011698e-02	1.518760e+00	1.662763e+00	1.531602e-01
1.071728e-01	4.474125e-01	7.727731e-01	1.281856e-02	-7.628885e+00	-3.710379e+00	2.649763e-01	7.710704e-01	1.323824e-02	-7.611793e+00	-3.628366e+00	2.613498e-01
5.326172e-01	2.424710e-01	-6.745150e-01	4.833179e-03	1.820819e+00	1.014564e+00	-1.088757e+00	-6.757420e-01	3.438391e-03	1.821778e+00	9.959728e-01	-1.113448e+00
2.692437e-01	3.772844e-01	-1.100974e-01	1.446285e-02	-1.142006e+01	-5.573455e+00	-3.819522e-02	-1.117644e-01	1.516663e-02	-1.139822e+01	-5.457911e+00	-5.014299e-02
2.007216e-02	3.220795e-01	8.419973e-01	-3.678035e-04	-1.338903e+00	-6.745235e-01	8.279520e-01	8.410770e-01	6.781229e-04	-1.331658e+00	-6.531963e-01	8.432463e-01
2.114486e-01	3.274977e-01	2.073230e-01	5.605953e-03	-1.038725e+01	-5.169668e+00	2.192165e-01	2.054948e-01	7.091919e-03	-1.036487e+01	-5.052508e+00	2.085662e-01
1.197629e-01	8.905265e-01	2.508855e-01	2.343211e-01	-1.854632e+00	6.033547e-01	-1.243841e-01	2.461379e-01	2.310810e-01	-1.857965e+00	6.279457e-01	-1.607284e-01
5.935923e-01	6.791019e-01	-7.058949e-01	2.056945e-01	7.136760e+00	5.423187e+00	5.877149e-01	-7.037525e-01	2.035588e-01	7.095437e+00	5.346201e+00	6.003520e-01
7.891706e-01	4.984422e-01	2.404223e-01	3.883852e-02	1.249567e+01	6.850266e+00	-8.263049e-02	2.436366e-01	3.795847e-02	1.249217e+01	6.703008e+00	-7.458300e-02
8.692111e-02	5.371065e-01	8.504584e-01	2.266796e-02	-6.319554e+00	-2.963015e+00	-1.020086e-02	8.487353e-01	2.244429e-02	-6.315448e+00	-2.907000e+00	-3.024025e-02
5.868409e-01	7.454390e-01	-6.153561e-01	2.996021e-01	6.319842e+00	5.596401e+00	7.721212e-01	-6.130308e-01	2.973593e-01	6.272606e+00	5.529733e+00	8.050492e-01
4.316597e-01	1.275810e-01	-3.535965e-01	6.309915e-04	-2.043739e+00	-1.039996e+00	-1.279964e+00	-3.547424e-01	2.588555e-04	-2.033071e+00	-1.004362e+00	-1.314918e+00
2.837763e-01	3.630826e-01	-1.896879e-01	1.267232e-02	-1.103978e+01	-5.399635e+00	-1.101270e-01	-1.914466e-01	1.352113e-02	-1.101647e+01	-5.284796e+00	-1.208186e-01
6.459169e-01	5.707782e-01	-5.945350e-01	9.636034e-02	1.041102e+01	6.301314e+00	1.353444e-01	-5.933675e-01	9.517963e-02	1.039506e+01	6.198056e+00	1.369559e-01
3.560970e-01	9.865142e-01	-3.178617e-02	8.602069e-01	3.098541e+00	6.698067e+00	1.544991e+00	-2.618911e-02	8.519873e-01	3.036246e+00	6.699927e+00	1.620329e+00
6.057746e-01	2.372273e-01	-5.331079e-01	4.998283e-03	5.321047e+00	2.801332e+00	-8.865074e-01	-5.338313e-01	2.993821e-03	5.306480e+00	2.728960e+00	-9.103110e-01
1.017833e-01	1.528598e-01	3.707166e-01	-1.552625e-03	-3.465330e+00	-1.765236e+00	1.097781e+00	3.706815e-01	1.716221e-04	-3.460233e+00	-1.723380e+00	1.118632e+00
2.459582e-01	1.606820e-01	1.308247e-02	-9.980034e-04	-6.081979e+00	-3.117283e+00	3.113177e-02	1.228052e-02	4.653388e-04	-6.063933e+00	-3.014591e+00	3.566110e-02
1.865676e-01	2.850956e-01	3.046673e-01	1.950698e-03	-9.006189e+00	-4.520019e+00	3.928353e-01	3.029493e-01	3.654191e-03	-8.989415e+00	-4.417803e+00	3.896557e-01
1.733742e-01	8.967646e-01	1.509686e-01	3.405484e-01	-2.059755e+00	1.151633e+00	1.976106e-01	1.475648e-01	3.350877e-01	-2.054622e+00	1.214666e+00	1.793977e-01
8.023458e-02	5.245113e-01	8.746729e-01	1.887585e-02	-5.912714e+00	-2.790416e+00	2.828163e-02	8.730009e-01	1.887654e-02	-5.908176e+00	-2.738155e+00	9.325176e-03
4.103970e-01	9.823776e-01	-5.229083e-02	9.016867e-01	3.366195e+00	7.097584e+00	1.655276e+00	-4.679374e-02	8.946949e-01	3.271858e+00	7.100395e+00	1.732729e+00
1.120397e-01	3.978558e-01	7.249529e-01	7.791029e-03	-7.650450e+00	-3.771089e+00	4.114101e-01	7.233693e-01	8.638128e-03	-7.631498e+00	-3.685479e+00	4.146201e-01
9.694695e-01	8.655064e-01	4.023997e-01	5.200161e-02	1.243961e+00	9.840940e-01	-2.210037e+00	4.025420e-01	5.374008e-02	1.230807e+00	9.879490e-01	-2.283782e+00
8.170714e-01	2.579033e-01	2.948057e-01	3.568189e-03	8.367588e+00	4.353788e+00	4.255314e-01	2.963402e-01	2.404832e-03	8.344433e+00	4.228164e+00	4.370972e-01
1.708882e-01	6.686429e-01	4.137752e-01	1.061315e-01	-8.927490e+00	-3.624490e+00	-9.008893e-02	4.114808e-01	1.022287e-01	-8.919747e+00	-3.542535e+00	-1.087362e-01
9.293751e-01	5.567628e-01	8.844552e-01	2.097298e-02	5.468119e+00	3.019421e+00	-3.963937e-01	8.888263e-01	2.114556e-02	5.461465e+00	2.958610e+00	-3.988836e-01
5.716126e-01	2.799795e-01	-6.926296e-01	7.871585e-03	4.305873e+00	2.327722e+00	-8.881000e-01	-6.937845e-01	5.989909e-03	4.296541e+00	2.276635e+00	-9.038274e-01
7.694924e-01	1.870444e-01	6.679359e-02	9.200741e-04	6.958722e+00	3.619593e+00	1.421472e-01	6.772757e-02	8.109036e-04	6.931697e+00	3.491860e+00	1.582725e-01
3.236796e-01	4.254366e-01	-4.323681e-01	2.860959e-02	-1.068679e+01	-5.042912e+00	-1.325973e-01	-4.343863e-01	2.786095e-02	-1.067464e+01	-4.944392e+00	-1.357551e-01
5.076104e-01	2.424102e-01	-6.879989e-01	4.603105e-03	4.654242e-01	3.220664e-01	-1.111348e+00	-6.892585e-01	3.452071e-03	4.714491e-01	3.211682e-01	-1.135717e+00
1.148376e-01	6.106198e-01	7.075888e-01	5.075563e-02	-7.484910e+00	-3.324968e+00	-1.730709e-01	7.059031e-01	4.907442e-02	-7.482976e+00	-3.259279e+00	-1.973267e-01
2.886310e-01	5.812380e-01	-2.306968e-01	9.369661e-02	-1.119411e+01	-4.775819e+00	2.056967e-01	-2.325639e-01	8.988207e-02	-1.118434e+01	-4.664336e+00	2.058031e-01
1.543634e-01	4.811401e-01	5.661235e-01	2.556955e-02	-1.015682e+01	-4.875967e+00	1.309369e-01	5.643950e-01	2.498174e-02	-1.013919e+01	-4.758063e+00	1.270631e-01
5.325894e-01	5.182443e-02	-1.597580e-01	-1.494717e-04	4.245397e-01	2.368876e-01	-1.465127e+00	-1.587066e-01	7.175597e-06	4.147355e-01	2.081985e-01	-1.517643e+00
3.366046e-01	1.344154e-01	-2.108879e-01	-5.962681e-04	-4.414898e+00	-2.261660e+00	-7.232983e-01	-2.121714e-01	2.843631e-04	-4.397874e+00	-2.186244e+00	-7.415063e-01
6.337585e-02	9.899592e-01	3.663275e-02	1.911128e-01	5.393693e-01	1.450988e+00	7.697400e-02	2.907106e-02	1.899633e-01	6.138799e-01	1.458280e+00	3.167212e-02
3.223542e-01	8.098738e-01	-2.448712e-01	3.718501e-01	-4.540123e+00	3.832713e-01	9.007516e-01	-2.469639e-01	3.649240e-01	-4.547252e+00	4.299355e-01	9.281932e-01
2.546412e-01	6.815023e-01	-2.159157e-02	1.598807e-01	-9.686970e+00	-3.590328e+00	2.629394e-01	-2.454426e-02	1.547374e-01	-9.665528e+00	-3.470444e+00	2.607975e-01
7.602273e-01	5.956386e-01	5.787775e-02	8.617558e-02	1.258428e+01	7.289343e+00	-1.873961e-01	6.133947e-02	8.610017e-02	1.255684e+01	7.145727e+00	-1.740819e-01
4.715762e-01	4.118411e-01	-9.449292e-01	2.949627e-02	-1.877192e+00	-5.377657e-01	-4.085954e-01	-9.465923e-01	2.865398e-02	-1.868965e+00	-5.170304e-01	-4.186450e-01
3.488686e-01	9.295282e-01	-1.289852e-01	6.722535e-01	6.610823e-01	4.592176e+00	1.374969e+00	-1.278052e-01	6.639589e-01	6.132784e-01	4.592420e+00	1.428004e+00
8.306187e-01	9.650260e-01	5.393574e-02	4.362536e-01	3.116536e+00	4.274174e+00	-1.874300e+00	5.319903e-02	4.400261e-01	3.028804e+00	4.250242e+00	-1.931431e+00
1.242980e-01	7.308670e-01	5.342400e-01	1.118409e-01	-6.043328e+00	-2.187738e+00	-3.079871e-01	5.314618e-01	1.086109e-01	-6.025465e+00	-2.121099e+00	-3.255808e-01
9.383396e-01	1.812337e-01	4.978181e-01	7.589031e-04	2.558731e+00	1.332327e+00	1.192156e+00	4.991404e-01	2.076790e-04	2.564008e+00	1.288880e+00	1.223279e+00
6.649713e-02	7.411202e-01	6.673317e-01	6.399314e-02	-3.385020e+00	-1.236209e+00	-4.967370e-01	6.640556e-01	6.256677e-02	-3.366997e+00	-1.176967e+00	-5.228797e-01
5.744730e-01	8.418280e-01	-4.271191e-01	4.906251e-01	5.072086e+00	6.047688e+00	9.899145e-01	-4.254687e-01	4.885366e-01	5.023277e+00	5.993608e+00	1.049500e+00
1.397731e-01	7.952667e-01	3.868379e-01	1.741340e-01	-4.964076e+00	-1.255290e+00	-2.207744e-01	3.829535e-01	1.700502e-01	-4.944946e+00	-1.189505e+00	-2.338797e-01
2.016279e-01	1.636566e-01	1.476370e-01	-9.834599e-04	-5.900646e+00	-3.020819e+00	3.989095e-01	1.471790e-01	4.246133e-04	-5.886371e+00	-2.927619e+00	4.102287e-01
1.642665e-01	8.145741e-01	2.861137e-01	2.221822e-01	-4.885232e+00	-9.104363e-01	-5.993797e-02	2.822239e-01	2.172553e-01	-4.867421e+00	-8.334486e-01	-7.140458e-02
6.651968e-01	5.230654e-01	-5.074234e-01	6.619324e-02	1.129554e+01	6.497000e+00	-5.265743e-03	-5.066435e-01	6.499893e-02	1.129296e+01	6.392074e+00	-5.516149e-04
3.588308e-01	8.771998e-01	-2.369756e-01	5.426008e-01	-1.194296e+00	3.037558e+00	1.269695e+00	-2.377195e-01	5.348172e-01	-1.226740e+00	3.044751e+00	1.318501e+00
3.924453e-01	8.165988e-01	-4.243281e-01	4.262923e-01	-2.211443e+00	1.947809e+00	1.203196e+00	-4.250753e-01	4.195234e-01	-2.227507e+00	1.968716e+00	1.259245e+00
4.391350e-01	3.769447e-01	-8.575462e-01	2.053453e-02	-4.139723e+00	-1.793327e+00	-5.344293e-01	-8.592935e-01	1.982084e-02	-4.133011e+00	-1.751008e+00	-5.434313e-01
4.626799e-01	3.013783e-01	-7.880318e-01	8.954423e-03	-2.266326e+00	-9.914953e-01	-8.739759e-01	-7.893448e-01	8.193246e-03	-2.260793e+00	-9.672810e-01	-8.911470e-01
7.476089e-01	5.027204e-01	-1.753131e-02	4.651560e-02	1.292768e+01	7.144204e+00	-7.781306e-02	-1.502258e-02	4.550185e-02	1.292654e+01	7.006337e+00	-7.020664e-02
2.322132e-01	8.995737e-01	3.613520e-02	4.432311e-01	-1.934800e+00	1.874665e+00	5.887729e-01	3.460514e-02	4.364703e-01	-1.934110e+00	1.944126e+00	6.003156e-01
3.838915e-01	5.435528e-01	-7.369610e-01	8.432151e-02	-7.703606e+00	-3.030239e+00	2.159212e-01	-7.385195e-01	8.154743e-02	-7.697357e+00	-2.948518e+00	2.086373e-01
9.064713e-01	6.242378e-01	7.652237e-01	4.335250e-02	6.745151e+00	3.844493e+00	-7.185044e-01	7.696511e-01	4.397722e-02	6.724802e+00	3.785098e+00	-7.256764e-01
1.168988e-01	9.398313e-01	1.438973e-01	2.834075e-01	-3.979201e-01	1.579054e+00	3.877890e-02	1.394548e-01	2.801256e-01	-3.903009e-01	1.593207e+00	-1.231194e-03
6.277078e-01	3.349060e-01	-6.028765e-01	1.372601e-02	8.002921e+00	4.298174e+00	-5.511842e-01	-6.035749e-01	1.158132e-02	7.985655e+00	4.200312e+00	-5.488715e-01
1.392728e-01	7.940246e-01	3.902685e-01	1.724871e-01	-4.985937e+00	-1.276384e+00	-2.245411e-01	3.864009e-01	1.684246e-01	-4.966716e+00	-1.210667e+00	-2.376822e-01
6.200725e-01	5.334610e-01	-7.250407e-01	7.687797e-02	9.132684e+00	5.505291e+00	6.957695e-02	-7.246342e-01	7.529222e-02	9.123497e+00	5.408584e+00	7.323979e-02
8.938918e-01	7.885966e-01	4.820206e-01	1.246302e-01	5.454585e+00	3.735689e+00	-1.500128e+00	4.843972e-01	1.265450e-01	5.431780e+00	3.678702e+00	-1.546102e+00
1.516756e-01	3.117225e-01	4.824096e-01	2.862530e-03	-8.465386e+00	-4.232073e+00	5.186300e-01	4.808293e-01	4.330887e-03	-8.447746e+00	-4.140512e+00	5.205176e-01
2.484896e-01	7.439458e-01	1.002148e-02	2.212996e-01	-7.908629e+00	-2.312792e+00	3.441393e-01	6.836642e-03	2.155658e-01	-7.893705e+00	-2.208292e+00	3.315006e-01
3.353336e-02	5.698895e-01	9.561954e-01	1.097706e-02	-2.489490e+00	-1.161148e+00	-1.548888e-01	9.544088e-01	1.109139e-02	-2.487198e+00	-1.126825e+00	-1.697945e-01
7.624581e-01	8.767648e-01	2.702126e-02	3.997987e-01	6.605357e+00	6.079422e+00	-7.687935e-01	2.952377e-02	4.011774e-01	6.560234e+00	6.025511e+00	-7.952731e-01
3.420821e-01	8.212566e-01	-2.894421e-01	4.071760e-01	-3.639069e+00	1.066060e+00	1.026814e+00	-2.911792e-01	4.000565e-01	-3.653889e+00	1.095819e+00	1.067185e+00
1.106325e-01	8.464516e-01	3.609459e-01	1.777153e-01	-2.910836e+00	-2.478462e-01	-2.806746e-01	3.562590e-01	1.748485e-01	-2.907401e+00	-2.143019e-01	-3.105334e-01
1.274894e-01	3.972875e-01	6.617304e-01	8.946823e-03	-8.481035e+00	-4.179901e+00	3.811128e-01	6.600412e-01	9.713361e-03	-8.460140e+00	-4.083375e+00	3.827044e-01
7.972948e-01	1.499181e-01	1.322073e-01	-1.948904e-04	5.481804e+00	2.863077e+00	3.837088e-01	1.328649e-01	3.003795e-04	5.460231e+00	2.742137e+00	4.092266e-01
2.292519e-01	7.222521e-01	1.027984e-01	1.848444e-01	-8.564750e+00	-2.886348e+00	2.039130e-01	9.957408e-02	1.794738e-01	-8.549997e+00	-2.784047e+00	1.900218e-01
7.200361e-01	6.411473e-01	-1.715976e-01	1.300509e-01	1.200898e+01	7.335114e+00	-5.615544e-02	-1.690572e-01	1.301879e-01	1.196268e+01	7.199666e+00	-4.308361e-02
6.939480e-01	5.427244e-01	-3.433689e-01	7.198037e-02	1.222027e+01	7.009425e+00	-1.216209e-02	-3.418467e-01	7.114679e-02	1.221334e+01	6.893223e+00	-5.484007e-03
2.517996e-01	3.456963e-01	-8.293301e-03	8.851903e-03	-1.102499e+01	-5.443939e+00	2.057204e-02	-1.000401e-02	1.015559e-02	-1.100034e+01	-5.323909e+00	7.496701e-03
1.815983e-01	9.084497e-01	1.210961e-01	3.735954e-01	-1.624104e+00	1.557038e+00	2.879041e-01	1.181949e-01	3.678285e-01	-1.620870e+00	1.618946e+00	2.727947e-01
5.833916e-01	4.008516e-01	-8.231570e-01	2.673884e-02	6.233449e+00	3.569020e+00	-4.336110e-01	-8.241779e-01	2.493774e-02	6.233479e+00	3.490011e+00	-4.273238e-01
4.620059e-01	9.472824e-01	-1.633109e-01	8.051171e-01	2.973462e+00	6.500731e+00	1.580208e+00	-1.601857e-01	7.994969e-01	2.886079e+00	6.506979e+00	1.655982e+00
1.533521e-01	5.862297e-01	5.514961e-01	5.700882e-02	-9.577597e+00	-4.318611e+00	-6.205270e-02	5.498069e-01	5.472412e-02	-9.569963e+00	-4.224885e+00	-7.545006e-02
5.058887e-01	6.114540e-01	-9.379611e-01	1.423884e-01	1.372591e+00	2.068498e+00	5.130734e-01	-9.386807e-01	1.397593e-01	1.350917e+00	2.046872e+00	5.344031e-01
1.811115e-02	8.721231e-01	3.923246e-01	3.241500e-02	-4.054856e-01	-9.206563e-03	-4.866568e-01	3.884885e-01	3.289824e-02	-4.070606e-01	2.280179e-02	-5.291324e-01
9.321174e-01	5.651330e-01	8.869553e-01	2.145471e-02	5.251141e+00	2.911311e+00	-4.440913e-01	8.914185e-01	2.158808e-02	5.243101e+00	2.850750e+00	-4.471781e-01
6.966504e-01	9.224985e-01	-8.101670e-02	5.889716e-01	5.480527e+00	6.579685e+00	-1.615263e-01	-7.930629e-02	5.903427e-01	5.420636e+00	6.549952e+00	-1.574389e-01
7.072382e-01	1.525397e-01	-1.227272e-01	8.243490e-04	5.618146e+00	2.904933e+00	-3.639435e-01	-1.223993e-01	4.306663e-04	5.597578e+00	2.815728e+00	-3.705271e-01
5.762882e-01	6.067148e-01	-8.387797e-01	1.338253e-01	6.366469e+00	4.549536e+00	4.025240e-01	-8.379037e-01	1.316267e-01	6.340598e+00	4.471999e+00	4.080400e-01
4.241308e-01	7.364438e-01	-6.543564e-01	2.911126e-01	-2.682096e+00	9.654893e-01	1.008835e+00	-6.544535e-01	2.858271e-01	-2.694650e+00	9.813833e-01	1.053066e+00
9.343661e-01	9.255677e-01	2.134628e-01	1.463850e-01	1.854213e+00	1.904525e+00	-2.441980e+00	2.122854e-01	1.502549e-01	1.816386e+00	1.882221e+00	-2.528321e+00
4.508395e-01	1.132388e-01	-3.308775e-01	6.297994e-04	-1.330170e+00	-6.771110e-01	-1.363894e+00	-3.318101e-01	1.624729e-04	-1.324789e+00	-6.537856e-01	-1.402716e+00
9.848403e-01	8.388973e-01	4.818592e-01	2.258934e-02	6.942956e-01	4.915287e-01	-2.077496e+00	4.825889e-01	2.357830e-02	6.918202e-01	5.145479e-01	-2.144716e+00
1.246634e-01	9.208410e-01	1.788513e-01	2.780153e-01	-9.896185e-01	1.272665e+00	4.129767e-03	1.744076e-01	2.744530e-01	-9.902364e-01	1.293158e+00	-3.491378e-02
8.698956e-01	5.188380e-01	6.793778e-01	2.859070e-02	9.377511e+00	5.103525e+00	-1.708832e-01	6.828713e-01	2.880105e-02	9.372125e+00	5.019126e+00	-1.680060e-01
5.912753e-01	3.990029e-01	-7.971050e-01	2.617456e-02	6.722697e+00	3.809711e+00	-4.305200e-01	-7.980774e-01	2.431079e-02	6.721575e+00	3.726361e+00	-4.229313e-01
5.476252e-02	3.351976e-01	8.190010e-01	9.612609e-04	-3.669340e+00	-1.833777e+00	7.362202e-01	8.180062e-01	2.161187e-03	-3.657694e+00	-1.790162e+00	7.513866e-01
8.028529e-01	4.633014e-03	6.091624e-03	-2.940996e-03	2.559913e-01	1.543438e-01	4.925474e-01	4.744987e-03	2.674636e-10	1.729052e-01	8.645293e-02	5.120481e-01
3.334995e-01	3.981689e-01	-4.733655e-01	2.210172e-02	-1.012132e+01	-4.824510e+00	-2.249724e-01	-4.754897e-01	2.177363e-02	-1.010567e+01	-4.724727e+00	-2.277181e-01
5.373955e-01	9.198548e-01	-2.443216e-01	7.139370e-01	3.898742e+00	6.572339e+00	1.274183e+00	-2.422862e-01	7.110056e-01	3.820662e+00	6.548057e+00	1.347653e+00
3.463463e-01	3.469535e-01	-5.024666e-01	1.253976e-02	-9.033402e+00	-4.383846e+00	-3.964849e-01	-5.045400e-01	1.283482e-02	-9.013730e+00	-4.284908e+00	-4.028497e-01
7.375008e-01	4.522180e-01	-7.914385e-02	3.213610e-02	1.265576e+01	6.869009e+00	-6.607428e-02	-7.757162e-02	3.070982e-02	1.265839e+01	6.736653e+00	-6.302140e-02
2.246054e-01	4.524396e-01	1.585391e-01	2.779235e-02	-1.204309e+01	-5.779287e+00	9.520108e-02	1.571128e-01	2.717413e-02	-1.202827e+01	-5.653766e+00	8.725481e-02
1.408577e-01	1.763876e-01	3.335373e-01	-1.265092e-03	-5.115174e+00	-2.603360e+00	8.316791e-01	3.332292e-01	4.145103e-04	-5.108305e+00	-2.540053e+00	8.472435e-01
4.983678e-01	4.189256e-01	-9.661733e-01	3.175296e-02	1.621564e-01	5.291293e-01	-3.863548e-01	-9.676874e-01	3.079939e-02	1.693654e-01	5.258023e-01	-3.955051e-01
9.148450e-01	3.623942e-01	7.781720e-01	4.926460e-03	5.879367e+00	3.072578e+00	5.315651e-01	7.811069e-01	4.559231e-03	5.868202e+00	3.009586e+00	5.400025e-01
5.805882e-01	6.322641e-01	-8.014526e-01	1.569897e-01	6.585579e+00	4.820149e+00	4.852330e-01	-8.001044e-01	1.547121e-01	6.554724e+00	4.745534e+00	4.916367e-01
1.309543e-02	6.635370e-01	8.709047e-01	8.394601e-03	-8.538517e-01	-3.712005e-01	-4.476750e-01	8.679531e-01	7.972744e-03	-8.514096e-01	-3.536116e-01	-4.651361e-01
1.780366e-01	9.610693e-01	5.484143e-02	4.588993e-01	4.988689e-01	3.052428e+00	4.665442e-01	5.330264e-02	4.526820e-01	5.050530e-01	3.078641e+00	4.547272e-01
1.486634e-01	4.146243e-01	5.750781e-01	1.286932e-02	-9.636799e+00	-4.726895e+00	2.911309e-01	5.733002e-01	1.330663e-02	-9.614381e+00	-4.614631e+00	2.889539e-01
8.535050e-02	9.968733e-01	1.501027e-02	2.641387e-01	8.935058e-01	2.064848e+00	1.823989e-01	8.443693e-03	2.616370e-01	9.867634e-01	2.068127e+00	1.455896e-01
5.021950e-01	5.953848e-01	-9.543189e-01	1.280582e-01	1.028779e+00	1.790664e+00	4.430288e-01	-9.553459e-01	1.256553e-01	1.009778e+00	1.771182e+00	4.622872e-01
6.707734e-02	7.499600e-01	6.486887e-01	6.761388e-02	-3.300355e+00	-1.168891e+00	-4.997096e-01	6.453109e-01	6.616969e-02	-3.282633e+00	-1.111931e+00	-5.274858e-01
2.099062e-01	8.980535e-01	8.066109e-02	4.048534e-01	-2.061327e+00	1.558939e+00	4.362599e-01	7.847409e-02	3.985092e-01	-2.056370e+00	1.634301e+00	4.358678e-01
2.051402e-01	1.906883e-01	1.577346e-01	-8.585881e-04	-6.804431e+00	-3.467560e+00	3.549812e-01	1.568378e-01	7.943400e-04	-6.789532e+00	-3.369772e+00	3.624875e-01
3.655059e-02	4.720670e-01	9.709795e-01	4.911141e-03	-2.802494e+00	-1.352301e+00	2.240230e-01	9.699983e-01	5.689892e-03	-2.801399e+00	-1.328380e+00	2.115460e-01
5.648410e-01	6.570950e-02	-1.889722e-01	9.347685e-05	1.032193e+00	5.526875e-01	-1.360151e+00	-1.881929e-01	1.825740e-05	1.021693e+00	5.125134e-01	-1.411613e+00
7.755271e-01	4.532889e-01	1.557083e-01	2.872552e-02	1.251360e+01	6.763783e+00	-1.775888e-02	1.579880e-01	2.736538e-02	1.251323e+01	6.618840e+00	-1.381705e-02
5.243902e-01	4.407629e-01	-9.698334e-01	3.881176e-02	2.222221e+00	1.660035e+00	-2.881474e-01	-9.712163e-01	3.763083e-02	2.226632e+00	1.625576e+00	-2.917711e-01
4.007633e-01	5.596402e-01	-7.960695e-01	9.615864e-02	-6.546231e+00	-2.341704e+00	2.896169e-01	-7.976183e-01	9.336390e-02	-6.541755e+00	-2.269907e+00	2.847983e-01
1.552409e-01	1.819288e-01	3.038056e-01	-1.131577e-03	-5.624912e+00	-2.863141e+00	7.287269e-01	3.033718e-01	5.133416e-04	-5.616625e+00	-2.791383e+00	7.424575e-01
8.617849e-01	9.461145e-01	1.093098e-01	3.328097e-01	3.108883e+00	3.690371e+00	-2.072505e+00	1.088415e-01	3.370902e-01	3.041224e+00	3.658346e+00	-2.142089e+00
3.733096e-01	2.707452e-01	-5.242352e-01	4.481034e-03	-6.697067e+00	-3.308429e+00	-7.033341e-01	-5.258269e-01	4.953311e-03	-6.676430e+00	-3.228444e+00	-7.214870e-01
6.439992e-01	4.087344e-01	-5.922402e-01	2.699675e-02	9.725739e+00	5.337141e+00	-3.048821e-01	-5.926402e-01	2.510270e-02	9.723055e+00	5.230021e+00	-2.936385e-01
2.538730e-02	1.561533e-01	4.650892e-01	-7.446837e-04	-9.377222e-01	-4.887824e-01	1.337282e+00	4.651477e-01	4.737076e-05	-9.391651e-01	-4.677624e-01	1.368885e+00
7.159718e-01	6.589236e-01	-1.887663e-01	1.465179e-01	1.172608e+01	7.307220e+00	-3.920826e-02	-1.862793e-01	1.467604e-01	1.167211e+01	7.172420e+00	-2.627245e-02
2.709694e-02	2.219727e-01	6.335716e-01	-7.198583e-04	-1.365225e+00	-7.051922e-01	1.165295e+00	6.329020e-01	2.064162e-04	-1.363604e+00	-6.762226e-01	1.190481e+00
2.310753e-01	6.718924e-01	1.047069e-01	1.401208e-01	-9.913590e+00	-3.853735e+00	1.482421e-01	1.017466e-01	1.352894e-01	-9.896654e+00	-3.740192e+00	1.436061e-01
1.971150e-02	1.041094e-01	3.182815e-01	-5.713534e-04	-5.034488e-01	-2.592613e-01	1.435946e+00	3.188082e-01	7.270281e-06	-4.984529e-01	-2.488075e-01	1.476315e+00
7.999155e-01	1.785453e-01	1.631252e-01	6.095339e-04	6.395322e+00	3.331954e+00	3.863695e-01	1.641168e-01	5.975455e-04	6.372143e+00	3.206152e+00	4.090604e-01
6.527458e-01	2.381833e-01	-3.902966e-01	4.712777e-03	7.076483e+00	3.695018e+00	-6.478369e-01	-3.903594e-01	2.854940e-03	7.050586e+00	3.597211e+00	-6.628130e-01
9.944219e-02	2.431727e-01	5.618869e-01	-5.988311e-04	-5.075233e+00	-2.560280e+00	9.086927e-01	5.610825e-01	1.074712e-03	-5.067347e+00	-2.507156e+00	9.252151e-01
7.222664e-01	8.556957e-01	-7.838905e-02	4.094461e-01	7.390235e+00	6.615886e+00	-2.934883e-01	-7.593368e-02	4.106584e-01	7.340058e+00	6.549500e+00	-2.965968e-01
8.302192e-01	3.971837e-01	4.558156e-01	1.393010e-02	1.057094e+01	5.598466e+00	2.026967e-01	4.579840e-01	1.265356e-02	1.056203e+01	5.472164e+00	2.071427e-01
6.680848e-01	2.049849e-01	-2.957404e-01	3.006117e-03	6.621641e+00	3.438065e+00	-6.031693e-01	-2.955464e-01	1.525089e-03	6.596951e+00	3.343115e+00	-6.197724e-01
2.931482e-01	8.963351e-01	-8.496855e-02	5.216050e-01	-1.557765e+00	2.625848e+00	9.757473e-01	-8.568138e-02	5.139155e-01	-1.580306e+00	2.649960e+00	1.012028e+00
1.300290e-02	8.550936e-02	2.640052e-01	-3.664028e-04	-2.794141e-01	-1.425668e-01	1.464693e+00	2.645309e-01	2.183353e-06	-2.720891e-01	-1.358913e-01	1.509490e+00
2.078868e-01	2.653315e-02	2.164486e-02	8.667279e-04	-1.048421e+00	-5.728788e-01	4.008763e-01	2.177477e-02	3.011669e-07	-1.009814e+00	-5.048390e-01	4.093812e-01
1.814361e-01	5.830414e-01	4.053045e-01	6.514163e-02	-1.061520e+01	-4.773841e+00	-1.213238e-02	4.034674e-01	6.235826e-02	-1.060403e+01	-4.660296e+00	-1.637442e-02
4.214247e-01	8.926709e-01	-2.919554e-01	6.227039e-01	8.248727e-01	4.511581e+00	1.492249e+00	-2.913245e-01	6.157393e-01	7.889622e-01	4.533113e+00	1.549055e+00
8.174429e-01	3.418177e-01	3.597654e-01	8.974688e-03	1.017485e+01	5.338353e+00	2.859882e-01	3.614514e-01	7.407160e-03	1.015602e+01	5.208031e+00	2.899109e-01
2.594239e-01	3.796926e-01	-5.337498e-02	1.441123e-02	-1.152133e+01	-5.627771e+00	8.277595e-04	-5.500093e-02	1.512510e-02	-1.149963e+01	-5.510807e+00	-1.191112e-02
5.902948e-01	2.680641e-01	-6.281899e-01	6.983535e-03	5.125299e+00	2.731704e+00	-8.670422e-01	-6.291906e-01	4.957260e-03	5.112247e+00	2.667081e+00	-8.843409e-01
6.241487e-01	4.094118e-01	-6.816493e-01	2.791621e-02	8.738666e+00	4.848802e+00	-3.420001e-01	-6.822850e-01	2.598580e-02	8.736494e+00	4.749074e+00	-3.302950e-01
5.520471e-01	4.361266e-01	-9.268600e-01	3.714879e-02	4.280581e+00	2.696133e+00	-3.076876e-01	-9.280012e-01	3.569594e-02	4.283010e+00	2.632591e+00	-3.057492e-01
2.944662e-01	9.484524e-01	-4.622912e-02	6.545253e-01	8.126578e-01	4.466444e+00	1.135427e+00	-4.446341e-02	6.462985e-01	7.781291e-01	4.477610e+00	1.192411e+00
7.636052e-01	1.401139e-01	3.592899e-02	-3.187489e-04	5.364476e+00	2.795664e+00	1.047226e-01	3.638086e-02	2.606334e-04	5.342457e+00	2.682389e+00	1.208847e-01
8.684672e-01	4.874312e-01	6.737871e-01	2.270748e-02	9.423314e+00	5.078559e+00	-4.344103e-02	6.769668e-01	2.266766e-02	9.421724e+00	4.989888e+00	-3.919592e-02
8.945515e-01	7.998546e-01	4.615589e-01	1.310685e-01	5.234997e+00	3.660352e+00	-1.559706e+00	4.637155e-01	1.331257e-01	5.212167e+00	3.604707e+00	-1.609571e+00
4.252137e-01	2.247026e-02	-6.399450e-02	3.972221e-04	-4.154765e-01	-2.235493e-01	-1.349175e+00	-6.288902e-02	2.479329e-07	-4.012914e-01	-2.005795e-01	-1.397058e+00
2.686778e-01	5.416341e-01	-1.143036e-01	6.722553e-02	-1.190511e+01	-5.349918e+00	1.133690e-01	-1.160870e-01	6.432098e-02	-1.189832e+01	-5.236638e+00	1.138108e-01
6.334779e-01	2.578882e-01	-4.838139e-01	6.109850e-03	6.855917e+00	3.602174e+00	-7.121068e-01	-4.842362e-01	4.039875e-03	6.833202e+00	3.510592e+00	-7.266701e-01
1.393568e-01	8.349296e-01	3.218651e-01	2.101521e-01	-3.808790e+00	-4.748795e-01	-1.650332e-01	3.174805e-01	2.060222e-01	-3.796065e+00	-4.175086e-01	-1.825121e-01
9.844012e-01	5.256901e-01	9.867370e-01	4.436629e-03	1.250365e+00	6.912032e-01	-2.433933e-01	9.919614e-01	3.740980e-03	1.254120e+00	6.697581e-01	-2.458472e-01
1.716799e-01	2.723078e-01	3.582051e-01	1.117783e-03	-8.333050e+00	-4.190076e+00	4.932611e-01	3.566664e-01	2.823877e-03	-8.319094e+00	-4.097326e+00	4.941646e-01
1.839164e-02	9.142980e-01	2.691323e-01	3.940468e-02	-2.106564e-01	1.165622e-01	-3.722312e-01	2.642256e-01	4.035336e-02	-2.088675e-01	1.603816e-01	-4.082705e-01
1.177518e-01	5.765163e-01	7.190105e-01	4.124929e-02	-7.954818e+00	-3.631479e+00	-9.344044e-02	7.173291e-01	3.994045e-02	-7.951309e+00	-3.559981e+00	-1.144106e-01
2.740557e-01	5.541779e-01	-1.465588e-01	7.474221e-02	-1.173468e+01	-5.201722e+00	1.358064e-01	-1.483956e-01	7.153828e-02	-1.172723e+01	-5.089083e+00	1.366151e-01
6.514201e-01	8.297411e-01	-2.980596e-01	4.210097e-01	7.304146e+00	6.754277e+00	4.061621e-01	-2.959268e-01	4.213652e-01	7.246934e+00	6.670431e+00	4.435739e-01
2.064219e-01	1.099681e-02	9.607822e-03	1.152473e-03	-4.614038e-01	-2.716652e-01	4.149291e-01	9.339816e-03	8.832699e-09	-4.178776e-01	-2.089340e-01	4.244915e-01
1.368863e-01	9.000178e-01	2.059575e-01	2.776366e-01	-1.726261e+00	9.260079e-01	-4.712045e-03	2.015603e-01	2.735551e-01	-1.726796e+00	9.602667e-01	-3.777540e-02
8.738893e-01	5.974129e-01	6.652411e-01	4.844369e-02	8.881386e+00	4.997014e+00	-5.141058e-01	6.695307e-01	4.915622e-02	8.860949e+00	4.924165e+00	-5.168794e-01
6.005167e-01	6.650363e-01	-7.031204e-01	1.878889e-01	7.602410e+00	5.542170e+00	5.239152e-01	-7.010308e-01	1.859337e-01	7.562549e+00	5.458780e+00	5.328449e-01
1.753719e-01	9.144111e-01	1.230468e-01	3.716254e-01	-1.378983e+00	1.657728e+00	2.700887e-01	1.200523e-01	3.659975e-01	-1.377000e+00	1.713029e+00	2.513607e-01
4.187707e-01	3.831388e-01	-8.124567e-01	2.155163e-02	-5.520695e+00	-2.486807e+00	-4.774948e-01	-8.144132e-01	2.085102e-02	-5.512004e+00	-2.429472e+00	-4.834215e-01
5.189176e-01	4.696687e-02	-1.471137e-01	-1.582932e-04	2.278441e-01	1.328635e-01	-1.490236e+00	-1.459786e-01	4.857346e-06	2.194912e-01	1.103661e-01	-1.542766e+00
1.662840e-01	7.380331e-01	3.711270e-01	1.525826e-01	-7.181232e+00	-2.454388e+00	-1.145541e-01	3.681178e-01	1.480362e-01	-7.165672e+00	-2.379344e+00	-1.324342e-01
8.279949e-02	6.031519e-01	8.243968e-01	3.488220e-02	-5.696908e+00	-2.565900e+00	-2.100617e-01	8.225340e-01	3.403890e-02	-5.695770e+00	-2.509274e+00	-2.331045e-01
2.453496e-01	3.892958e-01	2.903637e-02	1.541276e-02	-1.166547e+01	-5.694571e+00	5.473217e-02	2.746594e-02	1.600168e-02	-1.164455e+01	-5.575651e+00	4.152124e-02
2.886941e-01	3.556730e-01	-2.146223e-01	1.167585e-02	-1.084658e+01	-5.313571e+00	-1.398116e-01	-2.164096e-01	1.260457e-02	-1.082264e+01	-5.198686e+00	-1.501540e-01
7.190455e-01	2.971221e-01	-1.559571e-01	7.541673e-03	1.002366e+01	5.250412e+00	-1.912188e-01	-1.553244e-01	6.019967e-03	9.989843e+00	5.116488e+00	-1.884318e-01
5.664045e-01	4.760505e-01	-9.107971e-01	5.185337e-02	5.503067e+00	3.466161e+00	-1.314300e-01	-9.116276e-01	5.024493e-02	5.500065e+00	3.383305e+00	-1.246535e-01
6.636708e-01	9.368289e-01	-1.031994e-01	6.695182e-01	5.056033e+00	6.814978e+00	1.809054e-01	-1.017752e-01	6.706656e-01	4.985487e+00	6.788078e+00	1.998709e-01
7.325716e-01	2.149410e-01	-6.914905e-02	2.284782e-03	7.868580e+00	4.087679e+00	-1.421091e-01	-6.831501e-02	1.589584e-03	7.837743e+00	3.963244e+00	-1.362319e-01
3.118407e-02	2.622645e-01	7.206979e-01	-5.749892e-04	-1.794234e+00	-9.152340e-01	1.031749e+00	7.197793e-01	4.627495e-04	-1.788212e+00	-8.835196e-01	1.054088e+00
5.950778e-01	5.142671e-02	-1.341707e-01	9.365566e-05	1.147010e+00	6.119765e-01	-1.234449e+00	-1.329999e-01	6.684765e-06	1.137546e+00	5.695528e-01	-1.281834e+00
4.963662e-01	5.968426e-01	-9.527140e-01	1.293219e-01	5.948702e-01	1.577747e+00	4.529833e-01	-9.538262e-01	1.268852e-01	5.766664e-01	1.563898e+00	4.727135e-01
3.342442e-01	7.709117e-01	-3.309140e-01	3.128531e-01	-5.564867e+00	-4.584785e-01	8.440626e-01	-3.328421e-01	3.063827e-01	-5.559975e+00	-3.954124e-01	8.724914e-01
1.065990e-01	7.513863e-02	1.830275e-01	-1.469595e-03	-1.849186e+00	-9.469806e-01	1.169186e+00	1.833432e-01	1.047630e-05	-1.823944e+00	-9.111354e-01	1.197335e+00
7.281883e-01	4.954913e-01	-1.385110e-01	4.654504e-02	1.281290e+01	7.085921e+00	-7.150885e-02	-1.366045e-01	4.543981e-02	1.281412e+01	6.957301e+00	-6.524819e-02
6.884021e-01	4.348274e-01	-3.699610e-01	3.126182e-02	1.166553e+01	6.359188e+00	-1.578997e-01	-3.695571e-01	2.966806e-02	1.166674e+01	6.242746e+00	-1.518739e-01
2.464025e-01	8.191017e-01	1.497146e-02	3.210010e-01	-5.231432e+00	-3.945914e-01	4.841411e-01	1.216432e-02	3.146822e-01	-5.224868e+00	-3.073561e-01	4.756808e-01
7.994153e-01	6.946961e-01	2.468523e-01	1.364018e-01	1.063528e+01	6.595088e+00	-5.649419e-01	2.501294e-01	1.372442e-01	1.058639e+01	6.478554e+00	-5.711572e-01
2.721456e-01	5.902305e-01	-1.310748e-01	9.546705e-02	-1.134004e+01	-4.851705e+00	1.826138e-01	-1.331612e-01	9.157469e-02	-1.132765e+01	-4.732923e+00	1.860370e-01
3.609742e-01	9.158289e-02	-1.809944e-01	-1.348685e-04	-2.740845e+00	-1.418651e+00	-9.411895e-01	-1.822122e-01	6.374496e-05	-2.730802e+00	-1.361225e+00	-9.671447e-01
9.173127e-01	1.368193e-01	3.608748e-01	2.458263e-04	2.602931e+00	1.357862e+00	1.199013e+00	3.617303e-01	9.000838e-05	2.602509e+00	1.305202e+00	1.238963e+00
9.502364e-01	4.460059e-01	9.338841e-01	6.280320e-03	3.863429e+00	2.072858e+00	1.862992e-01	9.378582e-01	6.161021e-03	3.865237e+00	2.015501e+00	1.909194e-01
