# step train_loss_terms test_loss_terms
0.000000000000000000e+00 1.626601070165634155e-01 1.012895405292510986e-01 1.198781728744506836e-01 1.234939545392990112e-01 3.390617370605468750e-01 1.999344443902373314e-03 1.787920296192169189e-02 8.673490583896636963e-02 2.411027401685714722e-01 7.459236681461334229e-02 1.626600921154022217e-01 1.012895479798316956e-01 1.198781728744506836e-01 1.234939545392990112e-01 3.390617370605468750e-01 1.999344443902373314e-03 1.787920296192169189e-02 8.673490583896636963e-02 2.411027401685714722e-01 7.459236681461334229e-02
1.000000000000000000e+03 1.377831446006894112e-03 1.214394718408584595e-02 3.556748561095446348e-04 5.412197788245975971e-04 3.211149014532566071e-04 1.522275852039456367e-05 2.458942253724671900e-05 3.925258715753443539e-05 1.335873821517452598e-04 8.921616245061159134e-05 1.377831446006894112e-03 1.214394718408584595e-02 3.556748561095446348e-04 5.412197788245975971e-04 3.211149014532566071e-04 1.522275852039456367e-05 2.458942253724671900e-05 3.925258715753443539e-05 1.335873821517452598e-04 8.921616245061159134e-05
2.000000000000000000e+03 5.943074938841164112e-04 6.198256742209196091e-04 2.197891881223767996e-04 2.316245518159121275e-04 9.501614840701222420e-05 2.619390397740062326e-05 6.286409916356205940e-05 3.978251697844825685e-05 4.639925464289262891e-05 2.834058432199526578e-05 5.943074938841164112e-04 6.198256742209196091e-04 2.197891881223767996e-04 2.316245518159121275e-04 9.501614840701222420e-05 2.619390397740062326e-05 6.286409916356205940e-05 3.978251697844825685e-05 4.639925464289262891e-05 2.834058432199526578e-05
3.000000000000000000e+03 3.845213796012103558e-04 3.084951022174209356e-04 4.467170583666302264e-05 1.686839968897402287e-04 5.274253271636553109e-05 2.144574682461097836e-05 6.428191682061878964e-06 3.414404636714607477e-05 2.920758015534374863e-05 1.386791336699388921e-05 3.845213796012103558e-04 3.084951022174209356e-04 4.467170583666302264e-05 1.686839968897402287e-04 5.274253271636553109e-05 2.144574682461097836e-05 6.428191682061878964e-06 3.414404636714607477e-05 2.920758015534374863e-05 1.386791336699388921e-05
4.000000000000000000e+03 2.915727382060140371e-04 2.715692680794745684e-04 3.712828038260340691e-05 1.330611994490027428e-04 2.084869811369571835e-05 1.463415446778526530e-05 5.930452516622608528e-06 3.110419493168592453e-05 2.067131936200894415e-05 8.341274224221706390e-06 2.915727382060140371e-04 2.715692680794745684e-04 3.712828038260340691e-05 1.330611994490027428e-04 2.084869811369571835e-05 1.463415446778526530e-05 5.930452516622608528e-06 3.110419493168592453e-05 2.067131936200894415e-05 8.341274224221706390e-06
5.000000000000000000e+03 2.439447853248566389e-04 2.475859364494681358e-04 3.510846727294847369e-05 8.664137567393481731e-05 1.348268142464803532e-05 9.810168194235302508e-06 3.522814949974417686e-06 3.147569805150851607e-05 1.724271896819118410e-05 6.997973287070635706e-06 2.439447853248566389e-04 2.475859364494681358e-04 3.510846727294847369e-05 8.664137567393481731e-05 1.348268142464803532e-05 9.810168194235302508e-06 3.522814949974417686e-06 3.147569805150851607e-05 1.724271896819118410e-05 6.997973287070635706e-06
6.000000000000000000e+03 1.884903758764266968e-04 2.186456986237317324e-04 2.935999327746685594e-05 4.904920206172391772e-05 9.712191058497410268e-06 5.733833859267178923e-06 3.391546897546504624e-06 2.730356027313973755e-05 1.746478119457606226e-05 6.637822025368222967e-06 1.884903758764266968e-04 2.186456986237317324e-04 2.935999327746685594e-05 4.904920206172391772e-05 9.712191058497410268e-06 5.733833859267178923e-06 3.391546897546504624e-06 2.730356027313973755e-05 1.746478119457606226e-05 6.637822025368222967e-06
7.000000000000000000e+03 1.227842149091884494e-04 1.512802846264094114e-04 2.309170849912334234e-05 2.282812238263431937e-05 9.229962415702175349e-06 3.376410631972248666e-06 2.987705329360323958e-06 1.565476304676849395e-05 1.495916058047441766e-05 5.675904503732454032e-06 1.227842149091884494e-04 1.512802846264094114e-04 2.309170849912334234e-05 2.282812238263431937e-05 9.229962415702175349e-06 3.376410631972248666e-06 2.987705329360323958e-06 1.565476304676849395e-05 1.495916058047441766e-05 5.675904503732454032e-06
8.000000000000000000e+03 1.003225042950361967e-04 1.163553824881091714e-04 2.274044163641519845e-05 1.732467717374674976e-05 9.771696568350307643e-06 2.435343731121974997e-06 1.867690684775880072e-06 7.095983619365142658e-06 1.142441578849684447e-05 6.173372185003245249e-06 1.003225042950361967e-04 1.163553824881091714e-04 2.274044163641519845e-05 1.732467717374674976e-05 9.771696568350307643e-06 2.435343731121974997e-06 1.867690684775880072e-06 7.095983619365142658e-06 1.142441578849684447e-05 6.173372185003245249e-06
9.000000000000000000e+03 8.176144183380529284e-05 9.131865954259410501e-05 2.110372042807284743e-05 1.303221961279632524e-05 8.003270522749517113e-06 1.732877422000456136e-06 9.753463245942839421e-07 3.517500090310932137e-06 7.667979843972716480e-06 6.818874680902808905e-06 8.176144183380529284e-05 9.131865954259410501e-05 2.110372042807284743e-05 1.303221961279632524e-05 8.003270522749517113e-06 1.732877422000456136e-06 9.753463245942839421e-07 3.517500090310932137e-06 7.667979843972716480e-06 6.818874680902808905e-06
1.000000000000000000e+04 6.151726120151579380e-05 6.841033609816804528e-05 1.840907498262822628e-05 1.135530783358262852e-05 6.185252459545154124e-06 1.376826617160986643e-06 8.599374154982797336e-07 1.817456222852342762e-06 4.916497800877550617e-06 7.595755050715524703e-06 6.151726120151579380e-05 6.841033609816804528e-05 1.840907498262822628e-05 1.135530783358262852e-05 6.185252459545154124e-06 1.376826617160986643e-06 8.599374154982797336e-07 1.817456222852342762e-06 4.916497800877550617e-06 7.595755050715524703e-06
1.100000000000000000e+04 4.608028757502324879e-05 4.846359661314636469e-05 1.580892603669781238e-05 9.712033715914003551e-06 6.058931830921210349e-06 9.450417906009533908e-07 1.408515345246996731e-06 2.248163582407869399e-06 3.274284154031192884e-06 7.458766049239784479e-06 4.608028757502324879e-05 4.846359661314636469e-05 1.580892603669781238e-05 9.712033715914003551e-06 6.058931830921210349e-06 9.450417906009533908e-07 1.408515345246996731e-06 2.248163582407869399e-06 3.274284154031192884e-06 7.458766049239784479e-06
1.200000000000000000e+04 3.865088365273550153e-05 3.663610914372839034e-05 1.369074925605673343e-05 8.120315214910078794e-06 5.537088327400851995e-06 7.923246698737784754e-07 1.081381469703046605e-06 1.259652435692260042e-06 2.443641733407275751e-06 6.237804427655646577e-06 3.865088365273550153e-05 3.663610914372839034e-05 1.369074925605673343e-05 8.120315214910078794e-06 5.537088327400851995e-06 7.923246698737784754e-07 1.081381469703046605e-06 1.259652435692260042e-06 2.443641733407275751e-06 6.237804427655646577e-06
1.300000000000000000e+04 3.743425622815266252e-05 2.948910150735173374e-05 1.310573770751943812e-05 7.201414973678765818e-06 9.049206710187718272e-06 4.463254867914656643e-07 1.527427457403973676e-06 1.890556404759990983e-06 3.056264176848344505e-06 5.737531409977236763e-06 3.743425622815266252e-05 2.948910150735173374e-05 1.310573770751943812e-05 7.201414973678765818e-06 9.049206710187718272e-06 4.463254867914656643e-07 1.527427457403973676e-06 1.890556404759990983e-06 3.056264176848344505e-06 5.737531409977236763e-06
1.400000000000000000e+04 5.118137778481468558e-05 5.395174230216071010e-05 3.862885205307975411e-05 3.339772956678643823e-05 1.258398970094276592e-05 4.456959686649497598e-06 1.901804694171005394e-06 1.485892653363407589e-06 3.459234221736551262e-06 6.496198693639598787e-06 5.118137778481468558e-05 5.395174230216071010e-05 3.862885205307975411e-05 3.339772956678643823e-05 1.258398970094276592e-05 4.456959686649497598e-06 1.901804694171005394e-06 1.485892653363407589e-06 3.459234221736551262e-06 6.496198693639598787e-06
1.500000000000000000e+04 1.142761757364496589e-04 1.380017201881855726e-04 6.820511043770238757e-05 1.268005726160481572e-04 4.071284274687059224e-05 5.993583727104123682e-06 1.310625248152064160e-05 9.078489711100701243e-07 3.062903942918637767e-06 9.166180461761541665e-06 1.142761757364496589e-04 1.380017201881855726e-04 6.820511043770238757e-05 1.268005726160481572e-04 4.071284274687059224e-05 5.993583727104123682e-06 1.310625248152064160e-05 9.078489711100701243e-07 3.062903942918637767e-06 9.166180461761541665e-06
1.600000000000000000e+04 2.160069016099441797e-05 1.892530053737573326e-05 1.183151834993623197e-05 4.585252099786885083e-06 4.003919457318261266e-06 2.070006530630053021e-07 8.630705679024686106e-07 4.563134439194982406e-07 7.378233135568734724e-07 4.193057975498959422e-06 2.160069016099441797e-05 1.892530053737573326e-05 1.183151834993623197e-05 4.585252099786885083e-06 4.003919457318261266e-06 2.070006530630053021e-07 8.630705679024686106e-07 4.563134439194982406e-07 7.378233135568734724e-07 4.193057975498959422e-06
1.700000000000000000e+04 1.920244540087878704e-05 1.714728205115534365e-05 1.109514596464578062e-05 3.926495082851033658e-06 3.571903789634234272e-06 2.025002316941026947e-07 8.169923830791958608e-07 3.885134560732694808e-07 6.767958780073968228e-07 3.941653631045483053e-06 1.920244540087878704e-05 1.714728205115534365e-05 1.109514596464578062e-05 3.926495082851033658e-06 3.571903789634234272e-06 2.025002316941026947e-07 8.169923830791958608e-07 3.885134560732694808e-07 6.767958780073968228e-07 3.941653631045483053e-06
1.800000000000000000e+04 1.757983409333974123e-05 1.601915209903381765e-05 1.099760447687003762e-05 4.120669927942799404e-06 3.333400854899082333e-06 1.723284412946668454e-07 7.514452136092586443e-07 3.249780036185256904e-07 8.221492748816672247e-07 3.816855496552307159e-06 1.757983409333974123e-05 1.601915209903381765e-05 1.099760447687003762e-05 4.120669927942799404e-06 3.333400854899082333e-06 1.723284412946668454e-07 7.514452136092586443e-07 3.249780036185256904e-07 8.221492748816672247e-07 3.816855496552307159e-06
1.900000000000000000e+04 1.607044214324560016e-05 1.508664354332722723e-05 1.072629856935236603e-05 3.447050403337925673e-06 3.143188223475590348e-06 2.958545906039944384e-07 7.068462650750007015e-07 3.322732595734123606e-07 7.152470402616017964e-07 3.326260866742813960e-06 1.607044214324560016e-05 1.508664354332722723e-05 1.072629856935236603e-05 3.447050403337925673e-06 3.143188223475590348e-06 2.958545906039944384e-07 7.068462650750007015e-07 3.322732595734123606e-07 7.152470402616017964e-07 3.326260866742813960e-06
2.000000000000000000e+04 2.261928784719202667e-05 1.700636312307324260e-05 1.547578904137481004e-05 5.324323865352198482e-06 4.250819074513856322e-06 1.042126882566662971e-06 7.502241032852907665e-07 4.661423815832677064e-07 4.282196357507928042e-07 4.461819571588421240e-06 2.261928784719202667e-05 1.700636312307324260e-05 1.547578904137481004e-05 5.324323865352198482e-06 4.250819074513856322e-06 1.042126882566662971e-06 7.502241032852907665e-07 4.661423815832677064e-07 4.282196357507928042e-07 4.461819571588421240e-06
2.100000000000000000e+04 1.741739106364548206e-05 1.601385156391188502e-05 1.457217786082765087e-05 6.961859071452636272e-06 4.479463768802816048e-06 6.284347477958363015e-07 5.673944087902782485e-07 8.095119028439512476e-07 7.576956591037742328e-07 4.015422291558934376e-06 1.741739106364548206e-05 1.601385156391188502e-05 1.457217786082765087e-05 6.961859071452636272e-06 4.479463768802816048e-06 6.284347477958363015e-07 5.673944087902782485e-07 8.095119028439512476e-07 7.576956591037742328e-07 4.015422291558934376e-06
2.200000000000000000e+04 1.277518731512827799e-05 1.234053161169867963e-05 9.332041372545063496e-06 2.805966005325899459e-06 2.409591161267599091e-06 1.575850205881579313e-07 5.392894308897666633e-07 3.427275316880695755e-07 6.967698027438018471e-07 2.994094757013954222e-06 1.277518731512827799e-05 1.234053161169867963e-05 9.332041372545063496e-06 2.805966005325899459e-06 2.409591161267599091e-06 1.575850205881579313e-07 5.392894308897666633e-07 3.427275316880695755e-07 6.967698027438018471e-07 2.994094757013954222e-06
2.300000000000000000e+04 3.943560659536160529e-05 2.473937274771742523e-05 3.502936306176707149e-05 1.947338932950515300e-05 4.294412974559236318e-06 4.197909674985567108e-06 4.604522985118819633e-07 2.473886297593708150e-06 2.057323172266478650e-06 5.890613920200848952e-06 3.943560659536160529e-05 2.473937274771742523e-05 3.502936306176707149e-05 1.947338932950515300e-05 4.294412974559236318e-06 4.197909674985567108e-06 4.604522985118819633e-07 2.473886297593708150e-06 2.057323172266478650e-06 5.890613920200848952e-06
2.400000000000000000e+04 1.074009560397826135e-05 1.095615607482613996e-05 9.108161975746043026e-06 2.506330019969027489e-06 1.872534767244360410e-06 1.199592674083760357e-07 5.424329287961882073e-07 3.183902208547806367e-07 6.704212864860892296e-07 2.742462584137683734e-06 1.074009560397826135e-05 1.095615607482613996e-05 9.108161975746043026e-06 2.506330019969027489e-06 1.872534767244360410e-06 1.199592674083760357e-07 5.424329287961882073e-07 3.183902208547806367e-07 6.704212864860892296e-07 2.742462584137683734e-06
2.500000000000000000e+04 9.058580872078891844e-06 9.319151104136835784e-06 8.839768270263448358e-06 1.728569259284995496e-06 1.643182827137934510e-06 1.027942175824136939e-07 3.688845424676401308e-07 2.541015078350028489e-07 5.184286351322953124e-07 2.575974804130964912e-06 9.058580872078891844e-06 9.319151104136835784e-06 8.839768270263448358e-06 1.728569259284995496e-06 1.643182827137934510e-06 1.027942175824136939e-07 3.688845424676401308e-07 2.541015078350028489e-07 5.184286351322953124e-07 2.575974804130964912e-06
2.600000000000000000e+04 2.799734465952496976e-05 1.750345109030604362e-05 1.966306990652810782e-05 7.934613677207380533e-06 9.752669939189217985e-06 2.133021780537092127e-06 8.641200111014768481e-07 9.265527864954492543e-07 2.493807869541342370e-06 2.415340077277505770e-06 2.799734465952496976e-05 1.750345109030604362e-05 1.966306990652810782e-05 7.934613677207380533e-06 9.752669939189217985e-06 2.133021780537092127e-06 8.641200111014768481e-07 9.265527864954492543e-07 2.493807869541342370e-06 2.415340077277505770e-06
2.700000000000000000e+04 3.249272049288265407e-05 4.482188887777738273e-05 4.857986277784220874e-05 4.350634844740852714e-05 3.610252861108165234e-06 2.549617420299910009e-06 1.423709591108490713e-06 2.288572204633965157e-06 1.053611867973813787e-06 3.009963620570488274e-06 3.249272049288265407e-05 4.482188887777738273e-05 4.857986277784220874e-05 4.350634844740852714e-05 3.610252861108165234e-06 2.549617420299910009e-06 1.423709591108490713e-06 2.288572204633965157e-06 1.053611867973813787e-06 3.009963620570488274e-06
2.800000000000000000e+04 6.957176992727909237e-06 7.191061740741133690e-06 8.315166269312612712e-06 1.491623834226629697e-06 9.349479910270019900e-07 8.545523400016463711e-08 2.990607299580005929e-07 2.366485176708010840e-07 5.158275939720624592e-07 2.258479071315377951e-06 6.957176992727909237e-06 7.191061740741133690e-06 8.315166269312612712e-06 1.491623834226629697e-06 9.349479910270019900e-07 8.545523400016463711e-08 2.990607299580005929e-07 2.366485176708010840e-07 5.158275939720624592e-07 2.258479071315377951e-06
2.900000000000000000e+04 8.412021998083218932e-06 8.405486369156278670e-06 8.510761290381196886e-06 2.425332468192209490e-06 1.836421120060549583e-06 1.100145041732503159e-07 3.918926836377067957e-07 6.034503599039453547e-07 9.954327424566145055e-07 2.086054792016511783e-06 8.412021998083218932e-06 8.405486369156278670e-06 8.510761290381196886e-06 2.425332468192209490e-06 1.836421120060549583e-06 1.100145041732503159e-07 3.918926836377067957e-07 6.034503599039453547e-07 9.954327424566145055e-07 2.086054792016511783e-06
3.000000000000000000e+04 6.136056526884203777e-06 6.241350547497859225e-06 8.157853699231054634e-06 1.562536454002838582e-06 6.158468863759480882e-07 1.086846737052837852e-07 2.784906598662928445e-07 2.774356744339456782e-07 5.459567091747885570e-07 2.203828216806869023e-06 6.136056526884203777e-06 6.241350547497859225e-06 8.157853699231054634e-06 1.562536454002838582e-06 6.158468863759480882e-07 1.086846737052837852e-07 2.784906598662928445e-07 2.774356744339456782e-07 5.459567091747885570e-07 2.203828216806869023e-06
3.100000000000000000e+04 5.534275715035619214e-06 5.606453214568318799e-06 7.915121386758983135e-06 1.554021082483814098e-06 6.380461741173348855e-07 7.789857647821918363e-08 2.625241393161559245e-07 2.433045835914526833e-07 5.288655415824905504e-07 2.010857770073926076e-06 5.534275715035619214e-06 5.606453214568318799e-06 7.915121386758983135e-06 1.554021082483814098e-06 6.380461741173348855e-07 7.789857647821918363e-08 2.625241393161559245e-07 2.433045835914526833e-07 5.288655415824905504e-07 2.010857770073926076e-06
3.200000000000000000e+04 1.019053433992667124e-05 8.746957064431626350e-06 1.018896455207141116e-05 3.547971346051781438e-06 2.680591705939150415e-06 3.898926195233798353e-07 7.508978683290479239e-07 2.619730366859585047e-06 1.803243776521412656e-06 2.814454092003870755e-06 1.019053433992667124e-05 8.746957064431626350e-06 1.018896455207141116e-05 3.547971346051781438e-06 2.680591705939150415e-06 3.898926195233798353e-07 7.508978683290479239e-07 2.619730366859585047e-06 1.803243776521412656e-06 2.814454092003870755e-06
3.300000000000000000e+04 6.226674940990051255e-06 5.975075509923044592e-06 8.703452294867020100e-06 2.370275524299358949e-06 8.924969847612373997e-07 1.404603011678773328e-07 2.955194702281005448e-07 2.063753044012628379e-07 6.074023986002430320e-07 2.083547769871074706e-06 6.226674940990051255e-06 5.975075509923044592e-06 8.703452294867020100e-06 2.370275524299358949e-06 8.924969847612373997e-07 1.404603011678773328e-07 2.955194702281005448e-07 2.063753044012628379e-07 6.074023986002430320e-07 2.083547769871074706e-06
3.400000000000000000e+04 6.279917670326540247e-06 5.609070740320021287e-06 8.642503416922409087e-06 3.276205688962363638e-06 1.763686441336176358e-06 3.030842776752251666e-07 2.586781420177430846e-07 4.229869432492705528e-07 8.541736065126315225e-07 1.936636181198991835e-06 6.279917670326540247e-06 5.609070740320021287e-06 8.642503416922409087e-06 3.276205688962363638e-06 1.763686441336176358e-06 3.030842776752251666e-07 2.586781420177430846e-07 4.229869432492705528e-07 8.541736065126315225e-07 1.936636181198991835e-06
3.500000000000000000e+04 2.657465120137203485e-05 1.811665970308240503e-05 2.683703496586531401e-05 1.451422485843067989e-05 4.628774149750825018e-06 3.010544560311245732e-06 5.188541649658873212e-07 6.598664185730740428e-06 2.939553951364359818e-06 4.906007234239950776e-06 2.657465120137203485e-05 1.811665970308240503e-05 2.683703496586531401e-05 1.451422485843067989e-05 4.628774149750825018e-06 3.010544560311245732e-06 5.188541649658873212e-07 6.598664185730740428e-06 2.939553951364359818e-06 4.906007234239950776e-06
3.600000000000000000e+04 1.129163138102740049e-05 1.131278531829593703e-05 1.398061067447997630e-05 6.991666850808542222e-06 1.712660719022096600e-06 1.106692138819198590e-06 6.354906076921906788e-07 2.621787871248670854e-06 2.527374135752324946e-06 3.579639724193839356e-06 1.129163138102740049e-05 1.131278531829593703e-05 1.398061067447997630e-05 6.991666850808542222e-06 1.712660719022096600e-06 1.106692138819198590e-06 6.354906076921906788e-07 2.621787871248670854e-06 2.527374135752324946e-06 3.579639724193839356e-06
3.700000000000000000e+04 1.299617179029155523e-05 6.465955721068894491e-06 7.160102086345432326e-06 1.345710415989742614e-06 5.450451681099366397e-06 2.675097618975996738e-07 8.157662136909493711e-07 1.722896627143200021e-06 1.446005626348778605e-06 1.770897597452858463e-06 1.299617179029155523e-05 6.465955721068894491e-06 7.160102086345432326e-06 1.345710415989742614e-06 5.450451681099366397e-06 2.675097618975996738e-07 8.157662136909493711e-07 1.722896627143200021e-06 1.446005626348778605e-06 1.770897597452858463e-06
3.800000000000000000e+04 4.885880571237066761e-06 5.149094249645713717e-06 6.844137715233955532e-06 2.089368535962421447e-06 1.277314368053339422e-06 1.019345532426996215e-07 2.992040606386581203e-07 4.718320667507214239e-07 7.494994633816531859e-07 1.611261495781945996e-06 4.885880571237066761e-06 5.149094249645713717e-06 6.844137715233955532e-06 2.089368535962421447e-06 1.277314368053339422e-06 1.019345532426996215e-07 2.992040606386581203e-07 4.718320667507214239e-07 7.494994633816531859e-07 1.611261495781945996e-06
3.900000000000000000e+04 2.117725125572178513e-05 1.343299391010077670e-05 8.053092642512638122e-06 3.225892896807636134e-06 1.350249749521026388e-05 7.294814281522121746e-07 1.503462385699094739e-06 1.876170244941022247e-06 1.080898982763756067e-06 3.003560323122655973e-06 2.117725125572178513e-05 1.343299391010077670e-05 8.053092642512638122e-06 3.225892896807636134e-06 1.350249749521026388e-05 7.294814281522121746e-07 1.503462385699094739e-06 1.876170244941022247e-06 1.080898982763756067e-06 3.003560323122655973e-06
4.000000000000000000e+04 4.136469215154647827e-06 6.549504632857860997e-06 6.481380296463612467e-06 3.490200469968840480e-06 1.851552838161296677e-06 1.443884940499629010e-07 3.978721849762223428e-07 1.624290746349288383e-07 1.215706902257807087e-06 1.773317762854276225e-06 4.136469215154647827e-06 6.549504632857860997e-06 6.481380296463612467e-06 3.490200469968840480e-06 1.851552838161296677e-06 1.443884940499629010e-07 3.978721849762223428e-07 1.624290746349288383e-07 1.215706902257807087e-06 1.773317762854276225e-06
4.100000000000000000e+04 1.726826849335338920e-05 8.683013220434077084e-06 1.500618327554548159e-05 3.876233677146956325e-06 1.143544523074524477e-05 2.477785017163114389e-07 1.620328134777082596e-06 2.926421757365460508e-06 2.398738388365018182e-06 3.271785317338071764e-06 1.726826849335338920e-05 8.683013220434077084e-06 1.500618327554548159e-05 3.876233677146956325e-06 1.143544523074524477e-05 2.477785017163114389e-07 1.620328134777082596e-06 2.926421757365460508e-06 2.398738388365018182e-06 3.271785317338071764e-06
4.200000000000000000e+04 2.747086909948848188e-06 3.036726411664858460e-06 5.842463451699586585e-06 1.212981942444457673e-06 4.294096243029343896e-07 8.497558923181713908e-08 1.732985310809453949e-07 1.851021949050846160e-07 4.475456307773129083e-07 1.698601522548415232e-06 2.747086909948848188e-06 3.036726411664858460e-06 5.842463451699586585e-06 1.212981942444457673e-06 4.294096243029343896e-07 8.497558923181713908e-08 1.732985310809453949e-07 1.851021949050846160e-07 4.475456307773129083e-07 1.698601522548415232e-06
4.300000000000000000e+04 1.334709850198123604e-05 2.343066989851649851e-05 2.234964631497859955e-05 1.928783967741765082e-05 1.549380158394342288e-06 9.457618830310821068e-07 4.219314178044442087e-07 2.216649363617761992e-06 8.405901894548151176e-07 2.350883278268156573e-06 1.334709850198123604e-05 2.343066989851649851e-05 2.234964631497859955e-05 1.928783967741765082e-05 1.549380158394342288e-06 9.457618830310821068e-07 4.219314178044442087e-07 2.216649363617761992e-06 8.405901894548151176e-07 2.350883278268156573e-06
4.400000000000000000e+04 1.589113162481226027e-05 1.439917468815110624e-05 1.632737621548585594e-05 1.180699291580822319e-05 2.680656507436651736e-06 1.248378680429595988e-06 7.721117185610637534e-07 6.616027121708611958e-07 7.793998406668833923e-07 2.268205207656137645e-06 1.589113162481226027e-05 1.439917468815110624e-05 1.632737621548585594e-05 1.180699291580822319e-05 2.680656507436651736e-06 1.248378680429595988e-06 7.721117185610637534e-07 6.616027121708611958e-07 7.793998406668833923e-07 2.268205207656137645e-06
4.500000000000000000e+04 2.760148163361009210e-06 2.912551508416072465e-06 5.574435817834455520e-06 1.200754468300146982e-06 3.862558060063747689e-07 1.056805913890457305e-07 1.662078688013934880e-07 1.631201911322932574e-07 4.324124631693848642e-07 1.657891516515519470e-06 2.760148163361009210e-06 2.912551508416072465e-06 5.574435817834455520e-06 1.200754468300146982e-06 3.862558060063747689e-07 1.056805913890457305e-07 1.662078688013934880e-07 1.631201911322932574e-07 4.324124631693848642e-07 1.657891516515519470e-06
4.600000000000000000e+04 1.111901656258851290e-05 8.081025953288190067e-06 6.690908321616007015e-06 3.761869720619870350e-06 3.511085196805652231e-06 1.041673840518342331e-07 1.685949087004701141e-06 2.384848357905866578e-06 2.219480847998056561e-06 2.451293312333291396e-06 1.111901656258851290e-05 8.081025953288190067e-06 6.690908321616007015e-06 3.761869720619870350e-06 3.511085196805652231e-06 1.041673840518342331e-07 1.685949087004701141e-06 2.384848357905866578e-06 2.219480847998056561e-06 2.451293312333291396e-06
4.700000000000000000e+04 5.667239292961312458e-06 5.188254817767301574e-06 6.689712336083175614e-06 2.485922777850646526e-06 1.907058731376309879e-06 9.842659665082464926e-08 4.081387601218011696e-07 1.114523911383002996e-06 1.195446316160087008e-06 1.778346245373541024e-06 5.667239292961312458e-06 5.188254817767301574e-06 6.689712336083175614e-06 2.485922777850646526e-06 1.907058731376309879e-06 9.842659665082464926e-08 4.081387601218011696e-07 1.114523911383002996e-06 1.195446316160087008e-06 1.778346245373541024e-06
4.800000000000000000e+04 2.451208729326026514e-06 2.708433157749823295e-06 5.823595984111307189e-06 1.416360078110301401e-06 3.308115594791161129e-07 9.022299707339698216e-08 1.572977055275259772e-07 1.396070672399218893e-07 3.787946241118334001e-07 1.712682205834425986e-06 2.451208729326026514e-06 2.708433157749823295e-06 5.823595984111307189e-06 1.416360078110301401e-06 3.308115594791161129e-07 9.022299707339698216e-08 1.572977055275259772e-07 1.396070672399218893e-07 3.787946241118334001e-07 1.712682205834425986e-06
4.900000000000000000e+04 6.795431090722559020e-06 4.797494966624071822e-06 6.612017386942170560e-06 2.971452204292290844e-06 1.705415570540935732e-06 2.545375252793746768e-07 4.650142386708466802e-07 3.934418373319203965e-07 6.407325940926966723e-07 1.610767640158883296e-06 6.795431090722559020e-06 4.797494966624071822e-06 6.612017386942170560e-06 2.971452204292290844e-06 1.705415570540935732e-06 2.545375252793746768e-07 4.650142386708466802e-07 3.934418373319203965e-07 6.407325940926966723e-07 1.610767640158883296e-06
5.000000000000000000e+04 1.619012437004130334e-05 7.836530130589380860e-06 1.161467116617131978e-05 5.891593445994658396e-06 3.302265440652263351e-06 1.103509248423506506e-06 7.914326829450146761e-07 2.230501081612601411e-07 1.227480311172257643e-06 2.053681100733228959e-06 1.619012437004130334e-05 7.836530130589380860e-06 1.161467116617131978e-05 5.891593445994658396e-06 3.302265440652263351e-06 1.103509248423506506e-06 7.914326829450146761e-07 2.230501081612601411e-07 1.227480311172257643e-06 2.053681100733228959e-06
5.100000000000000000e+04 5.892675289942417294e-06 4.549348886939696968e-06 8.234004781115800142e-06 3.304601932541118003e-06 8.584966622038336936e-07 4.821316110792395193e-07 2.360602593398652971e-07 2.109793797444581287e-07 5.866729679837590083e-07 1.818022155930520967e-06 5.892675289942417294e-06 4.549348886939696968e-06 8.234004781115800142e-06 3.304601932541118003e-06 8.584966622038336936e-07 4.821316110792395193e-07 2.360602593398652971e-07 2.109793797444581287e-07 5.866729679837590083e-07 1.818022155930520967e-06
5.200000000000000000e+04 4.643987267627380788e-06 6.621215561608551070e-06 6.797034075134433806e-06 4.027059731015469879e-06 2.090722546199685894e-06 2.434649104543495923e-07 4.883805786448647268e-07 5.561909688367450144e-07 7.538485533586936072e-07 2.002408109547104686e-06 4.643987267627380788e-06 6.621215561608551070e-06 6.797034075134433806e-06 4.027059731015469879e-06 2.090722546199685894e-06 2.434649104543495923e-07 4.883805786448647268e-07 5.561909688367450144e-07 7.538485533586936072e-07 2.002408109547104686e-06
5.300000000000000000e+04 2.908235956056159921e-06 2.417685436739702709e-06 5.672039151249919087e-06 1.312017275267862715e-06 4.750555433474801248e-07 2.252552206982727512e-07 1.402242588710578275e-07 2.009654735957155935e-07 4.021688368993636686e-07 1.712032826617360115e-06 2.908235956056159921e-06 2.417685436739702709e-06 5.672039151249919087e-06 1.312017275267862715e-06 4.750555433474801248e-07 2.252552206982727512e-07 1.402242588710578275e-07 2.009654735957155935e-07 4.021688368993636686e-07 1.712032826617360115e-06
5.400000000000000000e+04 5.796990990347694606e-06 9.765856702870223671e-06 1.237155356648145244e-05 7.656610250705853105e-06 9.418000104233215097e-07 2.043930038553298800e-07 4.095315944141475484e-07 6.328542667688452639e-07 2.322285126865608618e-06 2.109469733113655820e-06 5.796990990347694606e-06 9.765856702870223671e-06 1.237155356648145244e-05 7.656610250705853105e-06 9.418000104233215097e-07 2.043930038553298800e-07 4.095315944141475484e-07 6.328542667688452639e-07 2.322285126865608618e-06 2.109469733113655820e-06
5.500000000000000000e+04 8.061126209213398397e-06 9.895965376927051693e-06 8.555663953302428126e-06 6.586205017811153084e-06 1.264312345483631361e-06 2.364005098343113787e-07 4.958805561727785971e-07 2.125506739503180142e-07 4.358911098734097322e-07 1.839720653151744045e-06 8.061126209213398397e-06 9.895965376927051693e-06 8.555663953302428126e-06 6.586205017811153084e-06 1.264312345483631361e-06 2.364005098343113787e-07 4.958805561727785971e-07 2.125506739503180142e-07 4.358911098734097322e-07 1.839720653151744045e-06
5.600000000000000000e+04 1.172675729321781546e-05 1.215701558976434171e-05 8.042849003686569631e-06 8.340338354173582047e-06 3.227827846785658039e-06 2.803292034059268190e-07 2.114894641636055894e-06 4.285887484911654610e-07 3.317330538266105577e-06 2.741491243796190247e-06 1.172675729321781546e-05 1.215701558976434171e-05 8.042849003686569631e-06 8.340338354173582047e-06 3.227827846785658039e-06 2.803292034059268190e-07 2.114894641636055894e-06 4.285887484911654610e-07 3.317330538266105577e-06 2.741491243796190247e-06
5.700000000000000000e+04 2.107074806190212257e-06 1.892799787128751632e-06 4.874486421613255516e-06 9.250693437934387475e-07 3.196411455519410083e-07 9.790001342935283901e-08 1.160735791927436367e-07 1.764762345146664302e-07 3.382938871254737023e-07 1.680055333963537123e-06 2.107074806190212257e-06 1.892799787128751632e-06 4.874486421613255516e-06 9.250693437934387475e-07 3.196411455519410083e-07 9.790001342935283901e-08 1.160735791927436367e-07 1.764762345146664302e-07 3.382938871254737023e-07 1.680055333963537123e-06
5.800000000000000000e+04 2.804092218866571784e-06 3.417473180888919160e-06 4.853423888562247157e-06 1.592764192537288181e-06 7.353832529588544276e-07 9.211307627765563666e-08 1.445798005761389504e-07 2.622823842557409080e-07 3.394146119717333931e-07 1.692189016466727480e-06 2.804092218866571784e-06 3.417473180888919160e-06 4.853423888562247157e-06 1.592764192537288181e-06 7.353832529588544276e-07 9.211307627765563666e-08 1.445798005761389504e-07 2.622823842557409080e-07 3.394146119717333931e-07 1.692189016466727480e-06
5.900000000000000000e+04 4.198423084744717926e-06 3.638341240730369464e-06 5.557463737204670906e-06 2.081226057271123864e-06 5.679576702277699951e-07 2.117985360428065178e-07 1.748188509509418509e-07 1.520582628700140049e-07 3.405322388516651699e-07 1.699284439382608980e-06 4.198423084744717926e-06 3.638341240730369464e-06 5.557463737204670906e-06 2.081226057271123864e-06 5.679576702277699951e-07 2.117985360428065178e-07 1.748188509509418509e-07 1.520582628700140049e-07 3.405322388516651699e-07 1.699284439382608980e-06
6.000000000000000000e+04 4.115594947506906465e-06 3.296307568234624341e-06 6.108231445978162810e-06 2.081188313241000287e-06 8.784894021118816454e-07 2.275510695426419261e-07 3.145441667129489360e-07 1.273815428248781245e-06 8.471179739899525885e-07 1.979703029064694420e-06 4.115594947506906465e-06 3.296307568234624341e-06 6.108231445978162810e-06 2.081188313241000287e-06 8.784894021118816454e-07 2.275510695426419261e-07 3.145441667129489360e-07 1.273815428248781245e-06 8.471179739899525885e-07 1.979703029064694420e-06
6.100000000000000000e+04 2.398723154328763485e-06 2.528263848944334313e-06 5.178867468202952296e-06 1.149188165072700940e-06 3.897866633906232892e-07 1.643411877694234136e-07 9.178113913321794826e-08 3.828446040188282495e-07 3.264609915731853107e-07 1.656316953813075088e-06 2.398723154328763485e-06 2.528263848944334313e-06 5.178867468202952296e-06 1.149188165072700940e-06 3.897866633906232892e-07 1.643411877694234136e-07 9.178113913321794826e-08 3.828446040188282495e-07 3.264609915731853107e-07 1.656316953813075088e-06
6.200000000000000000e+04 6.363615284499246627e-06 5.755867732659680769e-06 6.766269962099613622e-06 3.455528485574177466e-06 2.142989842468523420e-06 2.597649597646523034e-07 7.655009426343895029e-07 1.892811610559874680e-06 1.814101324271177873e-06 2.814911113091511652e-06 6.363615284499246627e-06 5.755867732659680769e-06 6.766269962099613622e-06 3.455528485574177466e-06 2.142989842468523420e-06 2.597649597646523034e-07 7.655009426343895029e-07 1.892811610559874680e-06 1.814101324271177873e-06 2.814911113091511652e-06
6.300000000000000000e+04 1.111287656385684386e-05 6.166954790387535468e-06 1.049850379786221310e-05 4.797379006049595773e-06 2.095360059684026055e-06 1.008194089990865905e-06 2.293322296509359148e-07 6.390922067112114746e-07 5.995261176394706126e-07 2.123382046193000861e-06 1.111287656385684386e-05 6.166954790387535468e-06 1.049850379786221310e-05 4.797379006049595773e-06 2.095360059684026055e-06 1.008194089990865905e-06 2.293322296509359148e-07 6.390922067112114746e-07 5.995261176394706126e-07 2.123382046193000861e-06
6.400000000000000000e+04 2.437902594465413131e-06 2.283582261952687986e-06 4.933142008667346090e-06 1.267599145649001002e-06 4.137230291689775186e-07 1.215961020761824329e-07 1.753496974288282217e-07 3.045836081128072692e-07 4.909676931674766820e-07 1.784569917617773172e-06 2.437902594465413131e-06 2.283582261952687986e-06 4.933142008667346090e-06 1.267599145649001002e-06 4.137230291689775186e-07 1.215961020761824329e-07 1.753496974288282217e-07 3.045836081128072692e-07 4.909676931674766820e-07 1.784569917617773172e-06
6.500000000000000000e+04 2.973789150928496383e-06 2.737813019848545082e-06 4.869240456173429266e-06 1.613293193258868996e-06 5.352911784939351492e-07 9.070103601516166236e-08 2.764483042483334430e-07 4.922939638163370546e-07 4.652392249226977583e-07 1.691482339083449915e-06 2.973789150928496383e-06 2.737813019848545082e-06 4.869240456173429266e-06 1.613293193258868996e-06 5.352911784939351492e-07 9.070103601516166236e-08 2.764483042483334430e-07 4.922939638163370546e-07 4.652392249226977583e-07 1.691482339083449915e-06
6.600000000000000000e+04 2.945521828223718330e-06 1.860593670244270470e-06 5.170878921489929780e-06 1.242770167664275505e-06 3.811329918335104594e-07 1.795459212416972150e-07 8.944655149889513268e-08 1.902972144307568669e-07 3.008647979640954873e-07 1.653466597417718731e-06 2.945521828223718330e-06 1.860593670244270470e-06 5.170878921489929780e-06 1.242770167664275505e-06 3.811329918335104594e-07 1.795459212416972150e-07 8.944655149889513268e-08 1.902972144307568669e-07 3.008647979640954873e-07 1.653466597417718731e-06
6.700000000000000000e+04 4.257414730091113597e-06 1.079179310181643814e-05 6.906115231686271727e-06 6.940850653336383402e-06 3.323456894577248022e-06 1.122663917385580135e-07 1.004776891022629570e-06 3.821414509275200544e-07 1.358756094305135775e-06 2.112548372679157183e-06 4.257414730091113597e-06 1.079179310181643814e-05 6.906115231686271727e-06 6.940850653336383402e-06 3.323456894577248022e-06 1.122663917385580135e-07 1.004776891022629570e-06 3.821414509275200544e-07 1.358756094305135775e-06 2.112548372679157183e-06
6.800000000000000000e+04 2.551530997152440250e-06 3.146601329717668705e-06 5.132407295604934916e-06 2.083977051370311528e-06 4.873633088209317066e-07 1.151588762127175869e-07 8.112193938814016292e-08 1.437299772533151554e-07 4.526901875578914769e-07 1.644838789616187569e-06 2.551530997152440250e-06 3.146601329717668705e-06 5.132407295604934916e-06 2.083977051370311528e-06 4.873633088209317066e-07 1.151588762127175869e-07 8.112193938814016292e-08 1.437299772533151554e-07 4.526901875578914769e-07 1.644838789616187569e-06
6.900000000000000000e+04 6.580171429959591478e-06 3.041511718038236722e-06 4.485948920773807913e-06 1.180749904960975982e-06 2.786658797049312852e-06 1.086449614717821532e-07 3.840837905499938643e-07 1.314664473284210544e-06 5.438894277176586911e-07 2.017372480622725561e-06 6.580171429959591478e-06 3.041511718038236722e-06 4.485948920773807913e-06 1.180749904960975982e-06 2.786658797049312852e-06 1.086449614717821532e-07 3.840837905499938643e-07 1.314664473284210544e-06 5.438894277176586911e-07 2.017372480622725561e-06
7.000000000000000000e+04 2.658304538272204809e-06 4.056500074511859566e-06 6.741354354744544253e-06 2.407977490292978473e-06 5.271052145872090477e-07 1.298795240245453897e-07 9.582111459849329549e-08 4.716813748473214218e-07 4.717249453278782312e-07 1.760794930305564776e-06 2.658304538272204809e-06 4.056500074511859566e-06 6.741354354744544253e-06 2.407977490292978473e-06 5.271052145872090477e-07 1.298795240245453897e-07 9.582111459849329549e-08 4.716813748473214218e-07 4.717249453278782312e-07 1.760794930305564776e-06
7.100000000000000000e+04 8.708238055987749249e-06 1.721290573186706752e-05 2.351187686144839972e-05 1.408627031196374446e-05 8.902007948563550599e-07 3.794716292304656236e-07 9.401483680449018721e-08 3.853288035315927118e-07 1.245940779881493654e-06 1.768685706338146701e-06 8.708238055987749249e-06 1.721290573186706752e-05 2.351187686144839972e-05 1.408627031196374446e-05 8.902007948563550599e-07 3.794716292304656236e-07 9.401483680449018721e-08 3.853288035315927118e-07 1.245940779881493654e-06 1.768685706338146701e-06
7.200000000000000000e+04 1.806153704819735140e-06 1.547388137623784132e-06 4.414997874846449122e-06 9.374641649628756568e-07 2.490469057647715090e-07 1.210730573575347080e-07 9.149979263156637899e-08 1.472825061910043587e-07 3.165969530982692959e-07 1.564013814459030982e-06 1.806153704819735140e-06 1.547388137623784132e-06 4.414997874846449122e-06 9.374641649628756568e-07 2.490469057647715090e-07 1.210730573575347080e-07 9.149979263156637899e-08 1.472825061910043587e-07 3.165969530982692959e-07 1.564013814459030982e-06
7.300000000000000000e+04 2.924229193013161421e-05 4.287438059691339731e-05 3.162235589115880430e-05 3.402786751394160092e-05 1.175605666503543034e-05 1.227022266903077252e-06 1.532982651042402722e-06 1.056328437698539346e-05 9.620481250749435276e-06 7.009586170170223340e-06 2.924229193013161421e-05 4.287438059691339731e-05 3.162235589115880430e-05 3.402786751394160092e-05 1.175605666503543034e-05 1.227022266903077252e-06 1.532982651042402722e-06 1.056328437698539346e-05 9.620481250749435276e-06 7.009586170170223340e-06
7.400000000000000000e+04 1.926545792230172083e-06 1.557424980092037003e-06 4.682246526499511674e-06 9.115758530242601410e-07 3.233776340039185015e-07 1.033213834489288274e-07 7.605671470400920953e-08 1.415461099441017723e-07 2.565398347087466391e-07 1.569395976730447728e-06 1.926545792230172083e-06 1.557424980092037003e-06 4.682246526499511674e-06 9.115758530242601410e-07 3.233776340039185015e-07 1.033213834489288274e-07 7.605671470400920953e-08 1.415461099441017723e-07 2.565398347087466391e-07 1.569395976730447728e-06
7.500000000000000000e+04 2.319776285730767995e-06 2.603544771773158573e-06 4.348744823801098391e-06 1.136542891799763311e-06 3.930369132376654306e-07 1.422813369345021783e-07 8.647454308174928883e-08 1.642241471699890099e-07 2.993072030221810564e-07 1.500390908404369839e-06 2.319776285730767995e-06 2.603544771773158573e-06 4.348744823801098391e-06 1.136542891799763311e-06 3.930369132376654306e-07 1.422813369345021783e-07 8.647454308174928883e-08 1.642241471699890099e-07 2.993072030221810564e-07 1.500390908404369839e-06
7.600000000000000000e+04 2.966609145005350001e-06 3.038671138710924424e-06 4.913003067485988140e-06 1.817820248106727377e-06 5.401237785918056034e-07 1.037566264017186768e-07 5.048988782618835103e-07 5.517664476428763010e-07 8.384497505176113918e-07 1.812166829040506855e-06 2.966609145005350001e-06 3.038671138710924424e-06 4.913003067485988140e-06 1.817820248106727377e-06 5.401237785918056034e-07 1.037566264017186768e-07 5.048988782618835103e-07 5.517664476428763010e-07 8.384497505176113918e-07 1.812166829040506855e-06
7.700000000000000000e+04 3.585988224585889839e-06 2.966154397654463537e-06 4.980337052984395996e-06 1.770547896740026772e-06 9.631836519474745728e-07 1.690461459702419234e-07 3.650505391306069214e-07 1.186766439786879346e-06 8.931303909776033834e-07 1.907347495944122784e-06 3.585988224585889839e-06 2.966154397654463537e-06 4.980337052984395996e-06 1.770547896740026772e-06 9.631836519474745728e-07 1.690461459702419234e-07 3.650505391306069214e-07 1.186766439786879346e-06 8.931303909776033834e-07 1.907347495944122784e-06
7.800000000000000000e+04 2.279166437801904976e-05 1.929648169607389718e-05 8.409801012021489441e-06 9.550772119837347418e-06 7.837023076717741787e-06 2.470266622367489617e-07 3.282476654931087978e-06 5.341438736650161445e-06 6.444975042541045696e-06 4.412699126987718046e-06 2.279166437801904976e-05 1.929648169607389718e-05 8.409801012021489441e-06 9.550772119837347418e-06 7.837023076717741787e-06 2.470266622367489617e-07 3.282476654931087978e-06 5.341438736650161445e-06 6.444975042541045696e-06 4.412699126987718046e-06
7.900000000000000000e+04 3.631894060163176619e-06 3.634386075646034442e-06 5.547579348785802722e-06 2.378710405537276529e-06 6.079870900066453032e-07 2.780540455660229782e-07 3.289670189587923232e-07 9.041197017722879536e-07 9.920287311615538783e-07 2.040071876763249747e-06 3.631894060163176619e-06 3.634386075646034442e-06 5.547579348785802722e-06 2.378710405537276529e-06 6.079870900066453032e-07 2.780540455660229782e-07 3.289670189587923232e-07 9.041197017722879536e-07 9.920287311615538783e-07 2.040071876763249747e-06
8.000000000000000000e+04 1.667921083026158158e-06 1.374087105432408862e-06 4.145277671341318637e-06 7.375869017778313719e-07 2.464396402501733974e-07 1.278879580013381201e-07 6.671488250731272274e-08 1.595229832673794590e-07 2.489314283593557775e-07 1.490585759711393621e-06 1.667921083026158158e-06 1.374087105432408862e-06 4.145277671341318637e-06 7.375869017778313719e-07 2.464396402501733974e-07 1.278879580013381201e-07 6.671488250731272274e-08 1.595229832673794590e-07 2.489314283593557775e-07 1.490585759711393621e-06
8.100000000000000000e+04 2.424430249448050745e-06 1.474105033594241831e-06 4.669019745051627979e-06 1.015322027342335787e-06 4.205120944789086934e-07 2.128450233840339934e-07 7.615474828526203055e-08 1.766946269299296546e-07 2.735216639848658815e-07 1.515869143986492418e-06 2.424430249448050745e-06 1.474105033594241831e-06 4.669019745051627979e-06 1.015322027342335787e-06 4.205120944789086934e-07 2.128450233840339934e-07 7.615474828526203055e-08 1.766946269299296546e-07 2.735216639848658815e-07 1.515869143986492418e-06
8.200000000000000000e+04 3.219268819520948455e-06 2.241522452095523477e-06 4.955486929247854277e-06 1.500165581092005596e-06 4.789184799847134855e-07 2.232906837207337958e-07 1.734778294348870986e-07 1.695922122735282755e-07 2.762792519206413999e-07 1.576751856191549450e-06 3.219268819520948455e-06 2.241522452095523477e-06 4.955486929247854277e-06 1.500165581092005596e-06 4.789184799847134855e-07 2.232906837207337958e-07 1.734778294348870986e-07 1.695922122735282755e-07 2.762792519206413999e-07 1.576751856191549450e-06
8.300000000000000000e+04 2.305610905750654638e-05 1.335820070380577818e-05 7.387240657408256084e-06 4.586182967614149675e-06 9.538834092381875962e-06 1.531316513592173578e-07 2.488066911610076204e-06 6.634388228121679276e-06 5.025075097364606336e-06 4.436898962012492120e-06 2.305610905750654638e-05 1.335820070380577818e-05 7.387240657408256084e-06 4.586182967614149675e-06 9.538834092381875962e-06 1.531316513592173578e-07 2.488066911610076204e-06 6.634388228121679276e-06 5.025075097364606336e-06 4.436898962012492120e-06
8.400000000000000000e+04 1.259684904653113335e-05 7.572831236757338047e-06 4.611918939190218225e-06 3.262128757341997698e-06 4.898850875179050490e-06 1.247278333948997897e-07 1.184212123916950077e-06 2.695202965696807951e-06 1.263185026800783817e-06 2.454715740896062925e-06 1.259684904653113335e-05 7.572831236757338047e-06 4.611918939190218225e-06 3.262128757341997698e-06 4.898850875179050490e-06 1.247278333948997897e-07 1.184212123916950077e-06 2.695202965696807951e-06 1.263185026800783817e-06 2.454715740896062925e-06
8.500000000000000000e+04 3.329392029627342708e-06 6.162075806059874594e-06 6.642618700425373390e-06 3.982293947046855465e-06 3.475499568139639450e-07 9.661885513878587517e-08 6.557260689987742808e-07 2.721964165175450034e-07 4.928711518914496992e-07 1.673233555266051553e-06 3.329392029627342708e-06 6.162075806059874594e-06 6.642618700425373390e-06 3.982293947046855465e-06 3.475499568139639450e-07 9.661885513878587517e-08 6.557260689987742808e-07 2.721964165175450034e-07 4.928711518914496992e-07 1.673233555266051553e-06
8.600000000000000000e+04 5.828362645843299106e-06 3.245764219172997400e-06 5.322257493389770389e-06 1.903150064208602998e-06 1.295090783060004469e-06 5.696062430615711492e-07 1.555721382828778587e-07 1.562926144060838851e-07 5.066394805908203125e-07 1.495502147008664906e-06 5.828362645843299106e-06 3.245764219172997400e-06 5.322257493389770389e-06 1.903150064208602998e-06 1.295090783060004469e-06 5.696062430615711492e-07 1.555721382828778587e-07 1.562926144060838851e-07 5.066394805908203125e-07 1.495502147008664906e-06
8.700000000000000000e+04 2.797577280944096856e-06 3.820425718004116789e-06 6.406164175132289529e-06 2.794968168018385768e-06 3.166915689689631108e-07 2.515456287710549077e-07 8.498249570720872725e-08 4.581129076086654095e-07 2.739600120094110025e-07 1.608689672139007598e-06 2.797577280944096856e-06 3.820425718004116789e-06 6.406164175132289529e-06 2.794968168018385768e-06 3.166915689689631108e-07 2.515456287710549077e-07 8.498249570720872725e-08 4.581129076086654095e-07 2.739600120094110025e-07 1.608689672139007598e-06
8.800000000000000000e+04 1.918507223308552057e-06 1.326858068750880193e-06 4.235917458572657779e-06 9.035728112394281197e-07 4.122902623748814221e-07 1.513927543328463798e-07 5.760905352758527442e-08 2.309612057160848053e-07 2.545360473504842957e-07 1.457819848837971222e-06 1.918507223308552057e-06 1.326858068750880193e-06 4.235917458572657779e-06 9.035728112394281197e-07 4.122902623748814221e-07 1.513927543328463798e-07 5.760905352758527442e-08 2.309612057160848053e-07 2.545360473504842957e-07 1.457819848837971222e-06
8.900000000000000000e+04 3.338842816447140649e-06 2.510075546524603851e-06 4.133413767704041675e-06 1.428029349881398957e-06 7.938810995256062597e-07 1.190209815149501082e-07 4.089879439561627805e-07 4.879384505329653621e-07 7.756007107673212886e-07 1.604281578693189658e-06 3.338842816447140649e-06 2.510075546524603851e-06 4.133413767704041675e-06 1.428029349881398957e-06 7.938810995256062597e-07 1.190209815149501082e-07 4.089879439561627805e-07 4.879384505329653621e-07 7.756007107673212886e-07 1.604281578693189658e-06
9.000000000000000000e+04 3.058150696233497001e-06 7.946494406496640295e-06 6.355806362989824265e-06 4.545332103589316830e-06 5.031356522522401065e-07 9.566468150978835183e-08 7.239655133162159473e-07 1.901874071563725010e-07 4.844981731366715394e-07 1.601951453267247416e-06 3.058150696233497001e-06 7.946494406496640295e-06 6.355806362989824265e-06 4.545332103589316830e-06 5.031356522522401065e-07 9.566468150978835183e-08 7.239655133162159473e-07 1.901874071563725010e-07 4.844981731366715394e-07 1.601951453267247416e-06
9.100000000000000000e+04 1.307792990701273084e-05 1.064274056261638179e-05 1.063748459273483604e-05 9.183399015455506742e-06 2.869187710530241020e-06 1.254603944289556239e-06 1.669262246650760062e-06 3.927388831925782142e-07 1.850076159826130606e-06 2.533659426262602210e-06 1.307792990701273084e-05 1.064274056261638179e-05 1.063748459273483604e-05 9.183399015455506742e-06 2.869187710530241020e-06 1.254603944289556239e-06 1.669262246650760062e-06 3.927388831925782142e-07 1.850076159826130606e-06 2.533659426262602210e-06
9.200000000000000000e+04 5.030837655795039609e-06 4.997952146368334070e-06 6.372183634084649384e-06 3.148333007629844360e-06 1.803986606319085695e-06 3.507276744585396955e-07 1.713839168360209442e-07 1.837120294112537522e-06 8.958322155194764491e-07 2.126407707692123950e-06 5.030837655795039609e-06 4.997952146368334070e-06 6.372183634084649384e-06 3.148333007629844360e-06 1.803986606319085695e-06 3.507276744585396955e-07 1.713839168360209442e-07 1.837120294112537522e-06 8.958322155194764491e-07 2.126407707692123950e-06
9.300000000000000000e+04 1.276984789910784457e-06 9.391092135047074407e-07 3.739142130143591203e-06 6.450796945500769652e-07 1.573080510297586443e-07 7.888393582788921776e-08 4.414253496065612126e-08 1.449074318315979326e-07 2.193574317743696156e-07 1.326518713540281169e-06 1.276984789910784457e-06 9.391092135047074407e-07 3.739142130143591203e-06 6.450796945500769652e-07 1.573080510297586443e-07 7.888393582788921776e-08 4.414253496065612126e-08 1.449074318315979326e-07 2.193574317743696156e-07 1.326518713540281169e-06
9.400000000000000000e+04 5.834550847794162109e-06 1.186577719636261463e-05 7.867448402976151556e-06 5.777654678240651265e-06 1.145435589933185838e-06 1.488859737719394616e-07 4.205477637242438504e-07 6.875570761621929705e-07 1.963471731869503856e-06 1.905424369397223927e-06 5.834550847794162109e-06 1.186577719636261463e-05 7.867448402976151556e-06 5.777654678240651265e-06 1.145435589933185838e-06 1.488859737719394616e-07 4.205477637242438504e-07 6.875570761621929705e-07 1.963471731869503856e-06 1.905424369397223927e-06
9.500000000000000000e+04 2.260404926346382126e-06 2.344223958061775193e-06 4.144505055592162535e-06 1.421430283699010033e-06 5.735173544962890446e-07 1.212798252936408971e-07 1.792071344652867992e-07 3.713320211318205111e-07 5.448908382277295459e-07 1.534202738184831105e-06 2.260404926346382126e-06 2.344223958061775193e-06 4.144505055592162535e-06 1.421430283699010033e-06 5.735173544962890446e-07 1.212798252936408971e-07 1.792071344652867992e-07 3.713320211318205111e-07 5.448908382277295459e-07 1.534202738184831105e-06
9.600000000000000000e+04 1.540475977890309878e-06 1.174684484794852324e-06 3.720905169757315889e-06 6.863887733743467834e-07 3.194974738107703160e-07 9.237756870561497635e-08 4.606710035659489222e-08 1.667559530460493988e-07 2.311669504706514999e-07 1.305575551668880507e-06 1.540475977890309878e-06 1.174684484794852324e-06 3.720905169757315889e-06 6.863887733743467834e-07 3.194974738107703160e-07 9.237756870561497635e-08 4.606710035659489222e-08 1.667559530460493988e-07 2.311669504706514999e-07 1.305575551668880507e-06
9.700000000000000000e+04 5.862869329575914890e-06 6.281044534262036905e-06 8.102075298666022718e-06 4.560773959383368492e-06 1.034557044476969168e-06 5.632251713905134238e-07 1.128551048168446869e-07 2.016808139160275459e-06 8.324681175508885644e-07 2.156109530915273353e-06 5.862869329575914890e-06 6.281044534262036905e-06 8.102075298666022718e-06 4.560773959383368492e-06 1.034557044476969168e-06 5.632251713905134238e-07 1.128551048168446869e-07 2.016808139160275459e-06 8.324681175508885644e-07 2.156109530915273353e-06
9.800000000000000000e+04 1.368559082948195282e-06 1.056728706316789612e-06 3.739573912753257900e-06 7.515536708524450660e-07 1.735525785306890612e-07 9.974109360655347700e-08 5.326612040335021447e-08 1.582143909217847977e-07 2.530103131448413478e-07 1.275732984140631743e-06 1.368559082948195282e-06 1.056728706316789612e-06 3.739573912753257900e-06 7.515536708524450660e-07 1.735525785306890612e-07 9.974109360655347700e-08 5.326612040335021447e-08 1.582143909217847977e-07 2.530103131448413478e-07 1.275732984140631743e-06
9.900000000000000000e+04 7.803580047038849443e-06 9.613072506908793002e-06 1.226417498401133344e-05 6.985408617765642703e-06 2.293861143698450178e-06 2.124478868381629582e-07 5.148194759385660291e-07 1.930429561980417930e-06 2.242390337414690293e-06 2.209444119216641411e-06 7.803580047038849443e-06 9.613072506908793002e-06 1.226417498401133344e-05 6.985408617765642703e-06 2.293861143698450178e-06 2.124478868381629582e-07 5.148194759385660291e-07 1.930429561980417930e-06 2.242390337414690293e-06 2.209444119216641411e-06
1.000000000000000000e+05 2.960029178211698309e-06 2.372813241890980862e-06 5.031325599702540785e-06 2.046463578153634444e-06 6.354987931445066351e-07 3.692785526254738215e-07 9.228291730778437341e-08 1.191000364997307770e-06 4.895777578894922044e-07 1.595906041984562762e-06 2.960029178211698309e-06 2.372813241890980862e-06 5.031325599702540785e-06 2.046463578153634444e-06 6.354987931445066351e-07 3.692785526254738215e-07 9.228291730778437341e-08 1.191000364997307770e-06 4.895777578894922044e-07 1.595906041984562762e-06
1.010000000000000000e+05 1.789434008969692513e-06 1.558211579322232865e-06 3.837058557110140100e-06 1.002838530439476017e-06 3.388760205780272372e-07 8.574365750746437698e-08 1.831329257129254984e-07 3.414989748762309318e-07 3.728011677139875246e-07 1.318649083259515464e-06 1.789434008969692513e-06 1.558211579322232865e-06 3.837058557110140100e-06 1.002838530439476017e-06 3.388760205780272372e-07 8.574365750746437698e-08 1.831329257129254984e-07 3.414989748762309318e-07 3.728011677139875246e-07 1.318649083259515464e-06
1.020000000000000000e+05 1.366931201118859462e-06 1.062177716448786668e-06 3.573305320969666354e-06 8.052994076024333481e-07 2.091672115511755692e-07 7.816705505092613748e-08 8.754378910680316039e-08 1.412617791629600106e-07 2.538930345963308355e-07 1.204329350912303198e-06 1.366931201118859462e-06 1.062177716448786668e-06 3.573305320969666354e-06 8.052994076024333481e-07 2.091672115511755692e-07 7.816705505092613748e-08 8.754378910680316039e-08 1.412617791629600106e-07 2.538930345963308355e-07 1.204329350912303198e-06
1.030000000000000000e+05 1.416579380020266399e-06 1.009036850518896244e-06 3.627158093877369538e-06 6.341069820336997509e-07 2.447956717332999688e-07 9.127582956125479541e-08 4.409745812949950050e-08 1.411524834793453920e-07 2.142942747695997241e-07 1.159540374828793574e-06 1.416579380020266399e-06 1.009036850518896244e-06 3.627158093877369538e-06 6.341069820336997509e-07 2.447956717332999688e-07 9.127582956125479541e-08 4.409745812949950050e-08 1.411524834793453920e-07 2.142942747695997241e-07 1.159540374828793574e-06
1.040000000000000000e+05 1.217409817400039174e-06 9.918786645357613452e-07 3.500544380585779436e-06 6.455796892623766325e-07 1.590973255360950134e-07 7.665418166880044737e-08 3.777848789354720793e-08 1.460328178382042097e-07 2.111086701006570365e-07 1.145149099102127366e-06 1.217409817400039174e-06 9.918786645357613452e-07 3.500544380585779436e-06 6.455796892623766325e-07 1.590973255360950134e-07 7.665418166880044737e-08 3.777848789354720793e-08 1.460328178382042097e-07 2.111086701006570365e-07 1.145149099102127366e-06
1.050000000000000000e+05 1.508172658759576734e-06 1.946538077390869148e-06 3.941843260690802708e-06 1.053404162121296395e-06 2.006290742428973317e-07 7.869474671906573349e-08 4.910417672476796724e-08 1.623354961566292332e-07 2.358448085715281195e-07 1.122813500842312351e-06 1.508172658759576734e-06 1.946538077390869148e-06 3.941843260690802708e-06 1.053404162121296395e-06 2.006290742428973317e-07 7.869474671906573349e-08 4.910417672476796724e-08 1.623354961566292332e-07 2.358448085715281195e-07 1.122813500842312351e-06
1.060000000000000000e+05 1.938426066772080958e-06 1.289081637878553011e-06 3.885181286022998393e-06 1.060657837115286384e-06 3.737535791970003629e-07 1.098170514524099417e-07 5.317381379654761986e-08 5.919802106291172095e-07 2.286934943640517304e-07 1.211306425830116495e-06 1.938426066772080958e-06 1.289081637878553011e-06 3.885181286022998393e-06 1.060657837115286384e-06 3.737535791970003629e-07 1.098170514524099417e-07 5.317381379654761986e-08 5.919802106291172095e-07 2.286934943640517304e-07 1.211306425830116495e-06
1.070000000000000000e+05 1.448935290682129562e-05 6.058212875359458849e-06 7.509338956879219040e-06 3.703740730998106301e-06 4.072152933076722547e-06 1.261931629414903000e-06 5.208249262977915350e-07 2.897529896017658757e-07 1.048452304530655965e-06 1.477442424402397592e-06 1.448935290682129562e-05 6.058212875359458849e-06 7.509338956879219040e-06 3.703740730998106301e-06 4.072152933076722547e-06 1.261931629414903000e-06 5.208249262977915350e-07 2.897529896017658757e-07 1.048452304530655965e-06 1.477442424402397592e-06
1.080000000000000000e+05 2.448660097797983326e-06 1.731241127345128916e-06 3.855046088574454188e-06 1.150590378529159352e-06 6.158379619591869414e-07 7.840350235710502602e-08 2.161190479910146678e-07 6.577480462510720827e-07 5.435651928564766422e-07 1.318662725680042058e-06 2.448660097797983326e-06 1.731241127345128916e-06 3.855046088574454188e-06 1.150590378529159352e-06 6.158379619591869414e-07 7.840350235710502602e-08 2.161190479910146678e-07 6.577480462510720827e-07 5.435651928564766422e-07 1.318662725680042058e-06
1.090000000000000000e+05 2.490741508154314943e-06 2.205445525760296732e-06 3.807444500125711784e-06 1.167703544524556492e-06 8.350892244379792828e-07 6.784244277469042572e-08 5.450431217468576506e-08 5.679201535713218618e-07 2.891115968850499485e-07 1.127345399254409131e-06 2.490741508154314943e-06 2.205445525760296732e-06 3.807444500125711784e-06 1.167703544524556492e-06 8.350892244379792828e-07 6.784244277469042572e-08 5.450431217468576506e-08 5.679201535713218618e-07 2.891115968850499485e-07 1.127345399254409131e-06
1.100000000000000000e+05 2.137335741281276569e-06 1.659621148064616136e-06 3.594245754356961697e-06 1.024692778628377710e-06 3.760419815534987720e-07 1.655688350865602843e-07 5.559070359595352784e-08 1.311551045546366367e-07 2.552270643718657084e-07 1.069999825631384738e-06 2.137335741281276569e-06 1.659621148064616136e-06 3.594245754356961697e-06 1.024692778628377710e-06 3.760419815534987720e-07 1.655688350865602843e-07 5.559070359595352784e-08 1.311551045546366367e-07 2.552270643718657084e-07 1.069999825631384738e-06
1.110000000000000000e+05 5.450408934848383069e-06 4.306203209125669673e-06 7.368018486886285245e-06 3.293553845651331358e-06 1.446556325390702114e-06 3.647867004019644810e-07 1.078978399959851231e-07 1.629303710615204182e-06 2.791458655337919481e-07 1.514230348220735323e-06 5.450408934848383069e-06 4.306203209125669673e-06 7.368018486886285245e-06 3.293553845651331358e-06 1.446556325390702114e-06 3.647867004019644810e-07 1.078978399959851231e-07 1.629303710615204182e-06 2.791458655337919481e-07 1.514230348220735323e-06
1.120000000000000000e+05 8.035010978346690536e-06 1.716847327770665288e-05 1.308292030444135889e-05 9.535685421724338084e-06 9.562952527630841359e-07 1.536272975499741733e-07 5.370477751398539112e-08 1.675711729376416770e-07 1.286381007048476022e-06 1.308653281739680097e-06 8.035010978346690536e-06 1.716847327770665288e-05 1.308292030444135889e-05 9.535685421724338084e-06 9.562952527630841359e-07 1.536272975499741733e-07 5.370477751398539112e-08 1.675711729376416770e-07 1.286381007048476022e-06 1.308653281739680097e-06
1.130000000000000000e+05 1.523570972494781017e-06 1.356163465970894322e-06 3.293093413958558813e-06 8.190249900508206338e-07 3.435648920913081383e-07 6.908273775252382620e-08 4.869044190058957611e-08 1.754263507791620214e-07 2.481223759787098970e-07 1.009954758046660572e-06 1.523570972494781017e-06 1.356163465970894322e-06 3.293093413958558813e-06 8.190249900508206338e-07 3.435648920913081383e-07 6.908273775252382620e-08 4.869044190058957611e-08 1.754263507791620214e-07 2.481223759787098970e-07 1.009954758046660572e-06
1.140000000000000000e+05 1.113740950131614227e-06 7.487207085432601161e-07 3.120761675745598041e-06 5.672901579600875266e-07 1.410075043395409011e-07 5.616441356437462673e-08 3.710662710432188760e-08 1.279315853253137902e-07 1.917518375194049440e-07 9.763373327587032691e-07 1.113740950131614227e-06 7.487207085432601161e-07 3.120761675745598041e-06 5.672901579600875266e-07 1.410075043395409011e-07 5.616441356437462673e-08 3.710662710432188760e-08 1.279315853253137902e-07 1.917518375194049440e-07 9.763373327587032691e-07
1.150000000000000000e+05 3.418312871872331016e-06 2.516352424208889715e-06 3.596622946133720689e-06 9.933828550856560469e-07 1.541656615700048860e-06 7.490698550327579142e-08 1.364268058523521177e-07 1.272831127607787494e-06 4.419756010065611918e-07 1.218086936205509119e-06 3.418312871872331016e-06 2.516352424208889715e-06 3.596622946133720689e-06 9.933828550856560469e-07 1.541656615700048860e-06 7.490698550327579142e-08 1.364268058523521177e-07 1.272831127607787494e-06 4.419756010065611918e-07 1.218086936205509119e-06
1.160000000000000000e+05 5.262262675387319177e-06 6.080971616029273719e-06 5.059200248069828376e-06 2.632719770190306008e-06 1.584163783263647929e-06 1.154917512735664786e-07 5.482365850184578449e-07 1.604030558155500330e-06 1.411649122928793076e-06 1.679874571891559754e-06 5.262262675387319177e-06 6.080971616029273719e-06 5.059200248069828376e-06 2.632719770190306008e-06 1.584163783263647929e-06 1.154917512735664786e-07 5.482365850184578449e-07 1.604030558155500330e-06 1.411649122928793076e-06 1.679874571891559754e-06
1.170000000000000000e+05 1.162315584224415943e-06 1.076421540346927941e-06 3.015283027707482688e-06 5.944105510025110561e-07 1.796491488903484424e-07 6.113140216257306747e-08 4.010169618595682550e-08 1.294971809784328798e-07 2.055221699492904008e-07 9.041987709679233376e-07 1.162315584224415943e-06 1.076421540346927941e-06 3.015283027707482688e-06 5.944105510025110561e-07 1.796491488903484424e-07 6.113140216257306747e-08 4.010169618595682550e-08 1.294971809784328798e-07 2.055221699492904008e-07 9.041987709679233376e-07
1.180000000000000000e+05 4.986705334886210039e-06 4.748965238832170144e-06 3.394447730897809379e-06 1.633334477446624078e-06 1.768414335856505204e-06 1.195063816794572631e-07 5.519917181118216831e-07 1.094286290026502684e-06 9.471463044974370860e-07 1.344723386864643544e-06 4.986705334886210039e-06 4.748965238832170144e-06 3.394447730897809379e-06 1.633334477446624078e-06 1.768414335856505204e-06 1.195063816794572631e-07 5.519917181118216831e-07 1.094286290026502684e-06 9.471463044974370860e-07 1.344723386864643544e-06
1.190000000000000000e+05 2.513226354494690895e-05 1.761212661222089082e-05 8.765954589762259275e-06 7.967393685248680413e-06 7.737383384665008634e-06 1.169598363048862666e-06 1.362279704153479543e-06 2.093820057780249044e-06 1.150436446550884284e-06 1.647987005526374560e-06 2.513226354494690895e-05 1.761212661222089082e-05 8.765954589762259275e-06 7.967393685248680413e-06 7.737383384665008634e-06 1.169598363048862666e-06 1.362279704153479543e-06 2.093820057780249044e-06 1.150436446550884284e-06 1.647987005526374560e-06
1.200000000000000000e+05 1.602032853043056093e-06 1.059059627550595906e-06 3.002514404215617105e-06 6.536044452332134824e-07 4.049165625019668369e-07 8.686071595320754568e-08 7.344111452312063193e-08 1.468077499566788902e-07 2.549689384068187792e-07 8.921253993321442977e-07 1.602032853043056093e-06 1.059059627550595906e-06 3.002514404215617105e-06 6.536044452332134824e-07 4.049165625019668369e-07 8.686071595320754568e-08 7.344111452312063193e-08 1.468077499566788902e-07 2.549689384068187792e-07 8.921253993321442977e-07
1.210000000000000000e+05 1.718718181109579746e-06 1.176898535959480796e-06 2.983243348353425972e-06 6.949123303456872236e-07 3.936512484870036133e-07 5.038353023678610043e-08 1.300526690783954109e-07 3.042346179427113384e-07 3.363829534919204889e-07 9.281869779442786239e-07 1.718718181109579746e-06 1.176898535959480796e-06 2.983243348353425972e-06 6.949123303456872236e-07 3.936512484870036133e-07 5.038353023678610043e-08 1.300526690783954109e-07 3.042346179427113384e-07 3.363829534919204889e-07 9.281869779442786239e-07
1.220000000000000000e+05 4.668374913308070973e-06 4.182501470495481044e-06 5.165442416910082102e-06 2.972527909150812775e-06 1.188582814393157605e-06 2.149272830820336821e-07 6.192359478518483229e-07 1.865036892922944389e-06 5.627424002341285814e-07 1.621195792722573970e-06 4.668374913308070973e-06 4.182501470495481044e-06 5.165442416910082102e-06 2.972527909150812775e-06 1.188582814393157605e-06 2.149272830820336821e-07 6.192359478518483229e-07 1.865036892922944389e-06 5.627424002341285814e-07 1.621195792722573970e-06
1.230000000000000000e+05 3.187325091857928783e-06 2.200906692451098934e-06 3.546634388840175234e-06 1.540256903354020324e-06 5.155925464350730181e-07 2.051994698604175937e-07 2.068050406478505465e-07 1.196343077936035115e-07 3.531949914759024978e-07 9.719578883959911764e-07 3.187325091857928783e-06 2.200906692451098934e-06 3.546634388840175234e-06 1.540256903354020324e-06 5.155925464350730181e-07 2.051994698604175937e-07 2.068050406478505465e-07 1.196343077936035115e-07 3.531949914759024978e-07 9.719578883959911764e-07
1.240000000000000000e+05 1.361995714432850946e-06 8.282519274871447124e-07 2.950091129605425522e-06 6.692529836982430425e-07 2.681528883385908557e-07 6.352791359631737578e-08 3.586580632486402465e-08 3.360705136401520576e-07 1.967744083231082186e-07 8.850799986248603091e-07 1.361995714432850946e-06 8.282519274871447124e-07 2.950091129605425522e-06 6.692529836982430425e-07 2.681528883385908557e-07 6.352791359631737578e-08 3.586580632486402465e-08 3.360705136401520576e-07 1.967744083231082186e-07 8.850799986248603091e-07
1.250000000000000000e+05 1.390768261444463860e-06 1.006244815471291076e-06 2.897737431339919567e-06 7.574026312795467675e-07 2.303512331991441897e-07 5.109141199000077904e-08 8.445979204907416715e-08 2.728879167079867329e-07 2.237989491504777106e-07 8.562543598600313999e-07 1.390768261444463860e-06 1.006244815471291076e-06 2.897737431339919567e-06 7.574026312795467675e-07 2.303512331991441897e-07 5.109141199000077904e-08 8.445979204907416715e-08 2.728879167079867329e-07 2.237989491504777106e-07 8.562543598600313999e-07
1.260000000000000000e+05 1.992528268601745367e-06 2.405043005637708120e-06 3.545329036569455639e-06 1.090467890207946766e-06 3.920850701888412004e-07 1.576540853420738131e-07 3.609369159107700398e-08 1.658159192174935015e-07 2.365071196663848241e-07 8.168947260855929926e-07 1.992528268601745367e-06 2.405043005637708120e-06 3.545329036569455639e-06 1.090467890207946766e-06 3.920850701888412004e-07 1.576540853420738131e-07 3.609369159107700398e-08 1.658159192174935015e-07 2.365071196663848241e-07 8.168947260855929926e-07
1.270000000000000000e+05 6.696228865621378645e-06 1.897423680929932743e-05 5.860202691110316664e-06 5.539777248486643657e-06 2.600562538646045141e-06 1.464962053887575166e-07 3.439154738771321718e-07 1.064782281900988892e-06 3.997321869064762723e-07 9.718490900922915898e-07 6.696228865621378645e-06 1.897423680929932743e-05 5.860202691110316664e-06 5.539777248486643657e-06 2.600562538646045141e-06 1.464962053887575166e-07 3.439154738771321718e-07 1.064782281900988892e-06 3.997321869064762723e-07 9.718490900922915898e-07
1.280000000000000000e+05 4.458793682715622708e-06 3.649921836768044159e-06 4.060029823449440300e-06 2.185953235311899334e-06 9.595474921297864057e-07 3.062717439661355456e-07 2.963520273624453694e-07 1.374194766867731232e-07 3.705200413151032990e-07 9.195989605359500274e-07 4.458793682715622708e-06 3.649921836768044159e-06 4.060029823449440300e-06 2.185953235311899334e-06 9.595474921297864057e-07 3.062717439661355456e-07 2.963520273624453694e-07 1.374194766867731232e-07 3.705200413151032990e-07 9.195989605359500274e-07
1.290000000000000000e+05 1.489638066232146230e-06 9.327179668616736308e-07 2.849528527804068290e-06 6.917801442796189804e-07 2.596165415980067337e-07 1.034477037364922580e-07 4.539238673828549508e-08 1.150359878465678776e-07 2.206898415124669555e-07 7.934777386253699660e-07 1.489638066232146230e-06 9.327179668616736308e-07 2.849528527804068290e-06 6.917801442796189804e-07 2.596165415980067337e-07 1.034477037364922580e-07 4.539238673828549508e-08 1.150359878465678776e-07 2.206898415124669555e-07 7.934777386253699660e-07
1.300000000000000000e+05 8.379742212127894163e-06 5.392190359998494387e-06 6.117340035416418687e-06 4.511226961767533794e-06 2.202159066655440256e-06 6.065307616154314019e-07 9.031201670950395055e-07 1.262065154605807038e-07 1.484291033193585463e-06 1.345244299955083989e-06 8.379742212127894163e-06 5.392190359998494387e-06 6.117340035416418687e-06 4.511226961767533794e-06 2.202159066655440256e-06 6.065307616154314019e-07 9.031201670950395055e-07 1.262065154605807038e-07 1.484291033193585463e-06 1.345244299955083989e-06
1.310000000000000000e+05 1.447712293156655505e-06 8.520163987668638583e-07 2.771497975118109025e-06 6.173671067699615378e-07 2.810164403399539879e-07 7.335119533991019125e-08 8.660528294512914727e-08 1.163675946713738085e-07 2.536863803470623679e-07 7.861879112169845030e-07 1.447712293156655505e-06 8.520163987668638583e-07 2.771497975118109025e-06 6.173671067699615378e-07 2.810164403399539879e-07 7.335119533991019125e-08 8.660528294512914727e-08 1.163675946713738085e-07 2.536863803470623679e-07 7.861879112169845030e-07
1.320000000000000000e+05 7.619538337166886777e-06 1.133724799728952348e-05 8.614161743025761098e-06 6.269894583965651691e-06 1.449951582799258176e-06 4.095610108834080165e-07 2.231446671885350952e-07 6.093906108617375139e-07 1.364430772810010239e-06 1.363414412480778992e-06 7.619538337166886777e-06 1.133724799728952348e-05 8.614161743025761098e-06 6.269894583965651691e-06 1.449951582799258176e-06 4.095610108834080165e-07 2.231446671885350952e-07 6.093906108617375139e-07 1.364430772810010239e-06 1.363414412480778992e-06
1.330000000000000000e+05 1.176448449768940918e-06 1.131890940087032504e-06 2.697170202736742795e-06 7.107008741513709538e-07 1.930218189727384015e-07 4.345502802038936352e-08 7.103452759338324540e-08 1.041266344259383914e-07 2.673919539120106492e-07 7.548214853159151971e-07 1.176448449768940918e-06 1.131890940087032504e-06 2.697170202736742795e-06 7.107008741513709538e-07 1.930218189727384015e-07 4.345502802038936352e-08 7.103452759338324540e-08 1.041266344259383914e-07 2.673919539120106492e-07 7.548214853159151971e-07
1.340000000000000000e+05 2.494115960871567950e-06 3.346784524183021858e-06 4.077884113939944655e-06 2.375652684349915944e-06 4.612644772805651883e-07 7.177868610597215593e-08 1.787674221986890188e-07 1.195790559904708061e-07 7.162728365983639378e-07 8.968415841081878170e-07 2.494115960871567950e-06 3.346784524183021858e-06 4.077884113939944655e-06 2.375652684349915944e-06 4.612644772805651883e-07 7.177868610597215593e-08 1.787674221986890188e-07 1.195790559904708061e-07 7.162728365983639378e-07 8.968415841081878170e-07
1.350000000000000000e+05 1.481197614339180291e-06 1.385911673423834145e-06 3.125208422716241330e-06 7.965605277604481671e-07 1.340321546194900293e-06 1.071727879775608017e-07 3.742546894613951736e-08 1.670330647129958379e-07 2.084866110863003996e-07 7.742606840110966004e-07 1.481197614339180291e-06 1.385911673423834145e-06 3.125208422716241330e-06 7.965605277604481671e-07 1.340321546194900293e-06 1.071727879775608017e-07 3.742546894613951736e-08 1.670330647129958379e-07 2.084866110863003996e-07 7.742606840110966004e-07
1.360000000000000000e+05 1.503951693848648574e-06 2.632052883200231008e-06 3.003008259838679805e-06 1.357112410005356651e-06 5.666960305461543612e-07 4.365183770005387487e-08 1.995085767703130841e-07 2.175083579913916765e-07 2.899127764521836070e-07 8.063276482062065043e-07 1.503951693848648574e-06 2.632052883200231008e-06 3.003008259838679805e-06 1.357112410005356651e-06 5.666960305461543612e-07 4.365183770005387487e-08 1.995085767703130841e-07 2.175083579913916765e-07 2.899127764521836070e-07 8.063276482062065043e-07
1.370000000000000000e+05 2.561541805334854871e-06 2.310524678250658326e-06 3.584516889532096684e-06 1.880273202914395370e-06 4.135380891057138797e-07 1.562143410183125525e-07 7.903241083795364830e-08 4.518030891631497070e-07 2.106030478898901492e-07 8.122490271489368752e-07 2.561541805334854871e-06 2.310524678250658326e-06 3.584516889532096684e-06 1.880273202914395370e-06 4.135380891057138797e-07 1.562143410183125525e-07 7.903241083795364830e-08 4.518030891631497070e-07 2.106030478898901492e-07 8.122490271489368752e-07
1.380000000000000000e+05 3.437868826949852519e-06 1.747564510878873989e-06 3.265392933826660737e-06 1.160636202257592231e-06 8.321391646859410685e-07 3.218550830297317589e-07 2.136946477548917755e-07 1.157751583491517522e-07 3.617341235440107994e-07 7.769326657580677420e-07 3.437868826949852519e-06 1.747564510878873989e-06 3.265392933826660737e-06 1.160636202257592231e-06 8.321391646859410685e-07 3.218550830297317589e-07 2.136946477548917755e-07 1.157751583491517522e-07 3.617341235440107994e-07 7.769326657580677420e-07
1.390000000000000000e+05 5.872474048373987898e-06 6.432784630305832252e-06 6.555680101882899180e-06 2.539564093240187503e-06 1.881578782558790408e-06 2.100964877627120586e-07 1.577025955157296266e-06 3.620185964336997131e-07 2.163661292797769420e-06 1.543353846500394866e-06 5.872474048373987898e-06 6.432784630305832252e-06 6.555680101882899180e-06 2.539564093240187503e-06 1.881578782558790408e-06 2.100964877627120586e-07 1.577025955157296266e-06 3.620185964336997131e-07 2.163661292797769420e-06 1.543353846500394866e-06
1.400000000000000000e+05 2.877809265555697493e-06 3.973125785705633461e-06 2.943227855212171562e-06 1.994556441786698997e-06 4.936845812153478619e-07 3.857062580436831922e-08 4.353478288976475596e-07 4.552161954052280635e-07 4.198197984806029126e-07 8.396331168114556931e-07 2.877809265555697493e-06 3.973125785705633461e-06 2.943227855212171562e-06 1.994556441786698997e-06 4.936845812153478619e-07 3.857062580436831922e-08 4.353478288976475596e-07 4.552161954052280635e-07 4.198197984806029126e-07 8.396331168114556931e-07
1.410000000000000000e+05 1.048268018166709226e-06 7.267978503477934282e-07 2.291793634867644869e-06 5.771012752120441291e-07 1.664170383719465462e-07 3.448153762519723387e-08 4.732863700951384089e-08 1.357567356308209128e-07 2.060861277186631924e-07 6.521562454508966766e-07 1.048268018166709226e-06 7.267978503477934282e-07 2.291793634867644869e-06 5.771012752120441291e-07 1.664170383719465462e-07 3.448153762519723387e-08 4.732863700951384089e-08 1.357567356308209128e-07 2.060861277186631924e-07 6.521562454508966766e-07
1.420000000000000000e+05 1.054230096997343935e-06 7.672979336348362267e-07 2.222566081400145777e-06 5.581163691203983035e-07 2.451958494020800572e-07 3.555435412749829993e-08 4.036811063201639627e-08 1.461843481820324087e-07 1.954102373247224023e-07 6.416246378648793325e-07 1.054230096997343935e-06 7.672979336348362267e-07 2.222566081400145777e-06 5.581163691203983035e-07 2.451958494020800572e-07 3.555435412749829993e-08 4.036811063201639627e-08 1.461843481820324087e-07 1.954102373247224023e-07 6.416246378648793325e-07
1.430000000000000000e+05 1.266876552108442411e-06 1.152181312136235647e-06 2.387836730122216977e-06 8.295853604067815468e-07 2.261593579078180483e-07 4.079555893099495734e-08 3.277983040561593953e-08 1.185067546316531661e-07 2.286046338895175722e-07 6.529990628223458771e-07 1.266876552108442411e-06 1.152181312136235647e-06 2.387836730122216977e-06 8.295853604067815468e-07 2.261593579078180483e-07 4.079555893099495734e-08 3.277983040561593953e-08 1.185067546316531661e-07 2.286046338895175722e-07 6.529990628223458771e-07
1.440000000000000000e+05 1.186870917990745511e-06 7.977008067427959759e-07 2.177179567297571339e-06 6.213830943124776240e-07 2.107210548274451867e-07 6.095503124470269540e-08 4.625486127451949869e-08 9.597485473022970837e-08 1.997537282250050339e-07 6.046299176887259819e-07 1.186870917990745511e-06 7.977008067427959759e-07 2.177179567297571339e-06 6.213830943124776240e-07 2.107210548274451867e-07 6.095503124470269540e-08 4.625486127451949869e-08 9.597485473022970837e-08 1.997537282250050339e-07 6.046299176887259819e-07
1.450000000000000000e+05 4.233558684063609689e-06 5.996689196763327345e-06 4.017813807877246290e-06 3.021172233275137842e-06 8.416694186053064186e-07 5.887125098524847999e-08 6.834631705032734317e-08 4.568841518448607530e-07 2.581991225270030554e-07 7.221526630019070581e-07 4.233558684063609689e-06 5.996689196763327345e-06 4.017813807877246290e-06 3.021172233275137842e-06 8.416694186053064186e-07 5.887125098524847999e-08 6.834631705032734317e-08 4.568841518448607530e-07 2.581991225270030554e-07 7.221526630019070581e-07
1.460000000000000000e+05 2.794447027554269880e-06 3.281059207438374870e-06 3.591222139220917597e-06 2.574552127043716609e-06 2.773913081455248175e-07 1.885882028318519588e-07 2.065526416572538437e-07 1.485878868834333844e-07 2.290795180215354776e-07 6.571565336344065145e-07 2.794447027554269880e-06 3.281059207438374870e-06 3.591222139220917597e-06 2.574552127043716609e-06 2.773913081455248175e-07 1.885882028318519588e-07 2.065526416572538437e-07 1.485878868834333844e-07 2.290795180215354776e-07 6.571565336344065145e-07
1.470000000000000000e+05 2.289969870616914704e-06 1.959414703378570266e-06 2.528109916966059245e-06 8.808107168079004623e-07 6.536112664434767794e-07 1.238771574207930826e-07 1.443019925773114664e-07 3.150396707951585995e-07 3.432847393014526460e-07 7.638622605554701295e-07 2.289969870616914704e-06 1.959414703378570266e-06 2.528109916966059245e-06 8.808107168079004623e-07 6.536112664434767794e-07 1.238771574207930826e-07 1.443019925773114664e-07 3.150396707951585995e-07 3.432847393014526460e-07 7.638622605554701295e-07
1.480000000000000000e+05 1.252599645340524148e-06 1.748088834574446082e-06 2.208235628131660633e-06 1.002147200779290870e-06 1.482068654468093882e-07 4.352028781795524992e-08 5.702117533701311913e-08 1.240921676526340889e-07 1.746113582612451864e-07 6.085631980567995925e-07 1.252599645340524148e-06 1.748088834574446082e-06 2.208235628131660633e-06 1.002147200779290870e-06 1.482068654468093882e-07 4.352028781795524992e-08 5.702117533701311913e-08 1.240921676526340889e-07 1.746113582612451864e-07 6.085631980567995925e-07
1.490000000000000000e+05 5.231284831097582355e-06 6.684088020847411826e-06 5.362011506804265082e-06 3.732896630026516505e-06 1.455721303500467911e-06 2.671781658136751503e-07 7.574097367069043685e-07 1.510557240180787630e-06 1.541239043945097364e-06 1.627093865863571409e-06 5.231284831097582355e-06 6.684088020847411826e-06 5.362011506804265082e-06 3.732896630026516505e-06 1.455721303500467911e-06 2.671781658136751503e-07 7.574097367069043685e-07 1.510557240180787630e-06 1.541239043945097364e-06 1.627093865863571409e-06
1.500000000000000000e+05 1.782761728463810869e-06 4.264128619979601353e-06 3.100206868111854419e-06 2.191050498367985711e-06 1.916130258905468509e-07 2.998134718268374854e-08 2.935166776296682656e-07 8.771055348688605591e-08 2.093190403229527874e-07 6.692323495371965691e-07 1.782761728463810869e-06 4.264128619979601353e-06 3.100206868111854419e-06 2.191050498367985711e-06 1.916130258905468509e-07 2.998134718268374854e-08 2.935166776296682656e-07 8.771055348688605591e-08 2.093190403229527874e-07 6.692323495371965691e-07
