# step train_loss_terms
1.000000000000000000e+03 1.424948335625231266e-03 1.035640947520732880e-02 6.726040737703442574e-04 7.902884972281754017e-04 1.554324553580954671e-04 2.413132096990011632e-05 2.405425220786128193e-05 9.577530363458208740e-06 3.628534250310622156e-05 1.863884972408413887e-04
2.000000000000000000e+03 7.945107645355165005e-04 3.083884250372648239e-03 3.296456707175821066e-04 2.674728457350283861e-04 8.109380723908543587e-05 4.096353222848847508e-05 1.553753463667817414e-05 9.155842235486488789e-06 1.146829345088917762e-05 9.255330951418727636e-05
3.000000000000000000e+03 4.256678803358227015e-04 7.452172576449811459e-04 1.423235808033496141e-04 1.646962919039651752e-04 2.137431511073373258e-05 3.059431401197798550e-05 1.163120305136544630e-05 9.951817446562927216e-06 6.507887519546784461e-06 4.565131166600622237e-05
4.000000000000000000e+03 3.186885151080787182e-04 3.155636077281087637e-04 9.597203461453318596e-05 1.270449865842238069e-04 1.293939203605987132e-05 2.033387499977834523e-05 1.272007375519024208e-05 2.819737119352794252e-06 3.943417596019571647e-06 3.112217382295057178e-05
5.000000000000000000e+03 2.332052827114239335e-04 1.862000062828883529e-04 5.938750473433174193e-05 7.881498459028080106e-05 6.874338851048378274e-06 9.414962732989806682e-06 7.216317953862017021e-06 2.445088057356770150e-06 2.333983729840838350e-06 1.737124512146692723e-05
6.000000000000000000e+03 1.445265806978568435e-04 1.278358395211398602e-04 4.718524724012240767e-05 5.844912084285169840e-05 5.889364729227963835e-06 4.634697233996121213e-06 3.541048272381885909e-06 1.284769609810609836e-06 3.868958344810380368e-07 1.033517855830723420e-05
7.000000000000000000e+03 4.903376102447509766e-04 1.216547330841422081e-03 1.168499002233147621e-03 1.588274957612156868e-03 1.073225867003202438e-04 8.006017014849931002e-05 1.715152393444441259e-05 2.184550976380705833e-04 2.795060281641781330e-04 1.569849264342337847e-04
8.000000000000000000e+03 7.230555638670921326e-05 6.962263432797044516e-05 2.189452061429619789e-05 3.428124546189792454e-05 1.064970820152666420e-05 3.279567408753791824e-06 4.595869995682733133e-06 1.876680926216067746e-06 7.597227522637695074e-07 1.065529068000614643e-05
9.000000000000000000e+03 2.930633490905165672e-04 4.949052236042916775e-04 5.008823936805129051e-04 6.368901813402771950e-04 1.707046030787751079e-04 3.026414015039335936e-05 5.568902270169928670e-05 2.179736766265705228e-04 3.397097752895206213e-04 1.547452411614358425e-04
1.000000000000000000e+04 4.717589399660937488e-05 5.115236490382812917e-05 1.439496463717659935e-05 8.340794011019170284e-06 8.148879715008661151e-06 1.031845272336795460e-06 5.330787189450347796e-06 1.935231694005778991e-06 1.792225361896271352e-06 7.054099569359095767e-06
1.100000000000000000e+04 3.583212310331873596e-05 4.053848897456191480e-05 9.900149052555207163e-06 5.533347120945109054e-06 5.318934199749492109e-06 4.400502859880361939e-07 3.941524482797831297e-06 1.538006273449354921e-07 1.558853170990914805e-07 4.992397407477255911e-06
1.200000000000000000e+04 3.665267286123707891e-05 4.473081935429945588e-05 1.830699511629063636e-05 1.492343926656758413e-05 2.553260856075212359e-05 8.268776809927658178e-07 3.863016445393441245e-06 2.388251687079900876e-06 1.772935775079531595e-06 5.166752544027986005e-06
1.300000000000000000e+04 2.419859265501145273e-05 2.735300040512811393e-05 6.602836037927772850e-06 3.951822236558655277e-06 4.555638497549807653e-06 2.273886821058113128e-07 3.061710685869911686e-06 1.632404291740385816e-07 2.119755464491390740e-07 4.085997716174460948e-06
1.400000000000000000e+04 3.278941585449501872e-05 3.791610652115195990e-05 2.687790947675239295e-05 2.462552765791770071e-05 4.376985089038498700e-06 2.181758190999971703e-06 2.932952838818891905e-06 4.506233381107449532e-06 4.471786724025150761e-06 7.406614713545423001e-06
1.500000000000000000e+04 2.183174183301161975e-05 2.527242759242653847e-05 8.874632840161211789e-06 6.482299795607104897e-06 3.334537950649973936e-06 4.542805527307791635e-07 2.269053766212891787e-06 1.077532147064630408e-06 1.256132350135885645e-06 3.921061306755291298e-06
1.600000000000000000e+04 1.795605021470692009e-05 2.049502472800668329e-05 7.189742518676212057e-06 3.644978733063908294e-06 3.923544227291131392e-06 4.080739870460092789e-07 2.451216232657316141e-06 5.116353349876590073e-07 6.276252975112583954e-07 3.708277517944225110e-06
1.700000000000000000e+04 1.694022103038150817e-05 2.002087785513140261e-05 8.651823009131476283e-06 5.964893716736696661e-06 3.116159632554627024e-06 3.404657320515980246e-07 1.886475615719973575e-06 1.496813979429134633e-06 1.451232606086705346e-06 3.642606998255359940e-06
1.800000000000000000e+04 2.029552524618338794e-05 3.015888796653598547e-05 1.187161524285329506e-05 1.193185926240403205e-05 1.427923598384950310e-05 7.049083592391980346e-07 3.913336513505782932e-06 7.162585916375974193e-06 6.589307304238900542e-06 7.737599844404030591e-06
1.900000000000000000e+04 1.323842661804519594e-05 1.650074227654840797e-05 5.302577847032807767e-06 3.018208872163086198e-06 4.795916083821794018e-06 2.823380782501772046e-07 1.519663442195451353e-06 4.800774036084476393e-07 3.395684302631707396e-07 2.686691459530266002e-06
2.000000000000000000e+04 6.141377525636926293e-05 8.416743366979062557e-05 5.707617674488574266e-05 5.755816528107970953e-05 7.183915840869303793e-06 7.535214535892009735e-06 2.197298726969165727e-06 1.657729080761782825e-05 1.548092950542923063e-05 1.420521039108280092e-05
2.100000000000000000e+04 1.186162353405961767e-05 1.466726189391920343e-05 6.279917670326540247e-06 3.550662995621678419e-06 2.440550588289625011e-06 4.538303528534015641e-07 1.303925728279864416e-06 2.074752273983904161e-06 3.707740177105733892e-07 2.762072654149960726e-06
2.200000000000000000e+04 1.018813509290339425e-05 1.269208041776437312e-05 4.517355137068079785e-06 2.235915189885417931e-06 1.621262526896316558e-06 9.175314374942900031e-08 1.169032884718035348e-06 1.838037633206113242e-07 2.946739243725460256e-07 2.302759867234271951e-06
2.300000000000000000e+04 1.001993678073631600e-05 1.207073000841774046e-05 4.501742296270094812e-06 2.488656036803149618e-06 2.776571363938273862e-06 1.447589994540976477e-07 1.244933400812442414e-06 6.241791083994030487e-07 4.617288027475296985e-07 2.372064955125097185e-06
2.400000000000000000e+04 9.050129847310017794e-06 1.060886188497534022e-05 4.095800704817520455e-06 1.943816187122138217e-06 1.330894292550510727e-06 9.214291196713020327e-08 1.062071419255516957e-06 1.482300007182857371e-07 3.295636759048647946e-07 1.988758413062896580e-06
2.500000000000000000e+04 1.003490433504339308e-05 1.198674726765602827e-05 5.831213456986006349e-06 3.476787242107093334e-06 1.570790118421427906e-06 3.501544654227473075e-07 1.022768856273614801e-06 8.938613973441533744e-07 7.208026318039628677e-07 2.479617251083254814e-06
2.600000000000000000e+04 1.717396116873715073e-05 1.309162234974792227e-05 7.821559847798198462e-06 4.401141268317587674e-06 7.038158400973770767e-06 1.224696120516455267e-06 2.228970288342679851e-06 1.955590050783939660e-06 2.020010242631542496e-06 2.542898982937913388e-06
2.700000000000000000e+04 1.092470665753353387e-05 1.325860557699343190e-05 6.557108918059384450e-06 4.770704890688648447e-06 3.284631702626938932e-06 2.182249971838245983e-07 1.076940975508478004e-06 2.878746272472199053e-06 1.525473976471403148e-06 3.007811756106093526e-06
2.800000000000000000e+04 1.426975904905702919e-05 1.852836248872336000e-05 5.619579042104305699e-06 5.599322776106419042e-06 4.412472662806976587e-06 1.149674062617123127e-06 1.184801135423185769e-06 1.916488230335744447e-07 6.967426315895863809e-07 1.865884541984996758e-06
2.900000000000000000e+04 7.126846412575105205e-06 7.784565241308882833e-06 3.274409436926362105e-06 1.678243620517605450e-06 1.208022354148852173e-06 9.374857512511880486e-08 6.911092782502237242e-07 1.301000622788706096e-07 2.896451292144774925e-07 1.667809897298866417e-06
3.000000000000000000e+04 1.495843298471299931e-05 1.289622923650313169e-05 6.672031304333359003e-06 4.028506282338639721e-06 3.800103513640351593e-06 1.136662149292533286e-06 1.167287223324819934e-06 2.976938731080736034e-07 5.862220859853550792e-07 1.709083903733699117e-06
3.100000000000000000e+04 7.018479209364159033e-06 8.589604476583190262e-06 3.794064014073228464e-06 2.678046485016238876e-06 1.338916263193823397e-06 9.436585202138303430e-08 6.181855383147194516e-07 3.466558382569928654e-07 3.708621250098076416e-07 1.681519847807066981e-06
3.200000000000000000e+04 6.337062131933635101e-06 6.552372724399901927e-06 2.830743142112623900e-06 1.546685780340339988e-06 1.739073923090472817e-06 9.877000906044486328e-08 5.558583211495715659e-07 6.643088568125676829e-07 2.738693183346185833e-07 1.734050783852580935e-06
3.300000000000000000e+04 1.030555358738638461e-05 8.293790415336843580e-06 4.687310138251632452e-06 3.061533789150416851e-06 2.627338972160941921e-06 9.786321015781140886e-07 6.412378752429503947e-07 1.528491679891885724e-07 4.701612681401456939e-07 1.524222739135439042e-06
3.400000000000000000e+04 7.797628313710447401e-06 1.046175384544767439e-05 3.743617526197340339e-06 3.099336709055933170e-06 1.313224629484466277e-06 1.508562803564927890e-07 5.641769575959187932e-07 2.115805557423300343e-07 3.207791507975343848e-07 1.482285370002500713e-06
3.500000000000000000e+04 6.411038157239090651e-06 7.357109552685869858e-06 2.927216655734810047e-06 2.024935383815318346e-06 1.225407459060079418e-06 1.737709567350975703e-07 3.754683746137743583e-07 2.579990336926130112e-07 2.658759115092834691e-07 1.385583345836494118e-06
3.600000000000000000e+04 4.891718162980396301e-06 4.812694896827451885e-06 2.221675913460785523e-06 1.256925997950020246e-06 1.251693106496531982e-06 1.244595750904409215e-07 3.200375147116574226e-07 8.753995217603005585e-08 2.287969635972331162e-07 1.304866145801497623e-06
3.700000000000000000e+04 5.483177574205910787e-06 6.211056188476504758e-06 2.989958375110290945e-06 2.898912043747259304e-06 1.187330099128303118e-06 8.691601038890439668e-08 2.940090269021311542e-07 2.405475640898657730e-07 3.300652053894737037e-07 1.410073082297458313e-06
3.800000000000000000e+04 4.415706371219130233e-06 4.186597379884915426e-06 2.058013478745124303e-06 1.168769131254521199e-06 1.059779265233373735e-06 1.092622525789010979e-07 2.292320999686126015e-07 8.582841815041319933e-08 2.011808817314886255e-07 1.119501689572643954e-06
3.900000000000000000e+04 6.104482963564805686e-06 7.354695753747364506e-06 2.718454197747632861e-06 2.903495442296843976e-06 3.738075292858411558e-06 2.907413261254987447e-07 5.507646960722922813e-07 1.629778580536367372e-06 8.749825042286829557e-07 1.493141439823375549e-06
4.000000000000000000e+04 8.258378329628612846e-06 6.500052222691010684e-06 7.147824362618848681e-06 6.035871138010406867e-06 5.917703219893155620e-06 2.296651899769130978e-07 1.321130071119114291e-06 6.052028425074240658e-07 2.527996684875688516e-06 2.163270664823357947e-06
4.100000000000000000e+04 3.691790425364160910e-06 3.540160150805604644e-06 1.802056772248761263e-06 1.048130457093066070e-06 1.039533913171908353e-06 9.093003683346978505e-08 2.066730075966916047e-07 9.850579374415247003e-08 2.030920001061531366e-07 1.063970557879656553e-06
4.200000000000000000e+04 1.168489234260050580e-05 2.239610512333456427e-05 1.488205725763691589e-05 1.295354559260886163e-05 1.157959013653453439e-05 2.520553721296892036e-07 1.918895577546209097e-06 1.127737868955591694e-05 1.923642685142112896e-06 3.698543878272175789e-06
4.300000000000000000e+04 3.429109256103402004e-06 3.402629999982309528e-06 1.956625737875583582e-06 2.296039610882871784e-06 1.057847498486808036e-06 1.823438395831544767e-07 1.830924958312607487e-07 7.003881563605318661e-08 2.333189286218839698e-07 9.670424105934216641e-07
4.400000000000000000e+04 2.985747414641082287e-06 3.093666919085080735e-06 1.681891262705903500e-06 9.054161864696652628e-07 9.715851092551019974e-07 8.590213695924830972e-08 1.907823587998791481e-07 5.584395879054682155e-08 2.027491632361488882e-07 9.443131148145766929e-07
4.500000000000000000e+04 3.161033873766427860e-06 3.700904244396951981e-06 2.383917717452277429e-06 1.458482188354537357e-06 9.630239219404757023e-07 1.357474417318371707e-07 2.009590929219484678e-07 1.450462292496013106e-07 1.361488557449774817e-07 9.839779977482976392e-07
4.600000000000000000e+04 3.977430424129124731e-06 4.871536020800704136e-06 3.366533064763643779e-06 2.035740862993407063e-06 1.436052230019413400e-06 4.989375383956939913e-07 3.405872348594130017e-07 3.961972652177792042e-07 8.620199309916642960e-07 1.223580966325243935e-06
4.700000000000000000e+04 2.695623606996377930e-06 2.922284920714446343e-06 1.883597860796726309e-06 1.008704884952749126e-06 1.169420329460990615e-06 1.107089815377548803e-07 1.690129209919177811e-07 4.396578958676400362e-07 1.682560082372219767e-07 8.564626341467374004e-07
4.800000000000000000e+04 2.902182814068510197e-06 3.841115812974749133e-06 2.019896328420145437e-06 1.303411977460200433e-06 9.494432902101834770e-07 1.747568063592552789e-07 1.225720467346036457e-07 1.216668010783905629e-07 2.961009499813371804e-07 8.230845196521840990e-07
4.900000000000000000e+04 1.105012961488682777e-05 1.233158218383323401e-05 1.263195099454605952e-05 1.419802811142290011e-05 1.069815652954275720e-06 4.908653409074759111e-06 2.526061564367410028e-07 4.355903001851402223e-06 2.282855575685971417e-07 3.461105734459124506e-06
5.000000000000000000e+04 2.245637460873695090e-06 3.165361704304814339e-06 1.653353251640510280e-06 1.131350359173666220e-06 8.588558557676151395e-07 1.281612895809303154e-07 1.172306198782280262e-07 1.682963954863225808e-07 2.071640778922301251e-07 8.195616487682855222e-07
5.100000000000000000e+04 5.930000043008476496e-06 9.332192348665557802e-06 6.233491149032488465e-06 5.166733899386599660e-06 1.236570255969127174e-06 5.100030762150709052e-07 3.783376030241925037e-07 3.720913355209631845e-07 2.128843021864668117e-07 1.004186856334854383e-06
5.200000000000000000e+04 4.528276349446969107e-06 3.938393547286977991e-06 2.032860265899216756e-06 6.729411552441888489e-07 5.272715497994795442e-06 1.616128457726517809e-07 7.871641400925000198e-07 1.886274162643530872e-06 8.233562880377576221e-07 1.134608965003280900e-06
5.300000000000000000e+04 6.320902230072533712e-06 1.151451397163327783e-05 3.756235173568711616e-06 3.824847681244136766e-06 3.054328090001945384e-06 7.340788670262554660e-07 4.139833436056505889e-07 4.342443915561489121e-08 7.582669354633253533e-07 8.334358199135749601e-07
5.400000000000000000e+04 1.672461621637921780e-05 2.918954487540759146e-05 1.092658476409269497e-05 1.162631997431162745e-05 1.675096996223146562e-06 1.253932282452296931e-06 2.047492699830399943e-07 2.019824250965029933e-06 1.355400172542431392e-06 2.060116685242974199e-06
5.500000000000000000e+04 5.618178420263575390e-06 2.156757545890286565e-05 7.566145995951956138e-06 8.931028787628747523e-06 2.870169510060804896e-06 1.048364879352448042e-07 5.263679554445843678e-07 7.783785349602112547e-08 1.304528609580302145e-06 1.358325107503333129e-06
5.600000000000000000e+04 2.093969669658690691e-06 2.673154995136428624e-06 1.991427097891573794e-06 1.746112843648006674e-06 9.359125101582321804e-07 1.116751278118499613e-07 9.237917453219779418e-08 1.267884783828776563e-07 2.112877410809232970e-07 7.463621045644686092e-07
5.700000000000000000e+04 6.932975338713731617e-06 5.963614512438653037e-06 5.834740022692130879e-06 4.254374744050437585e-06 2.940362037406885065e-06 1.206707793244277127e-06 3.792480356423766352e-07 3.896900580002693459e-06 1.153263227138268121e-07 2.041314019152196124e-06
5.800000000000000000e+04 1.429335270586307161e-06 1.841692437665187754e-06 1.373400095872057136e-06 7.293527346519113053e-07 7.216764288386912085e-07 9.942893797187934979e-08 8.091600989246217068e-08 5.397088997938226385e-08 8.236008852691156790e-08 5.981539175081707072e-07
5.900000000000000000e+04 3.064888733206316829e-05 5.530636190087534487e-05 4.350166636868380010e-05 3.580506381695158780e-05 1.826034167606849223e-05 6.948203008505515754e-07 4.362465460872044787e-06 1.366055403195787221e-05 1.788819872672320344e-06 5.258647433947771788e-06
6.000000000000000000e+04 2.417935684206895530e-05 5.341229189070872962e-05 1.529946166556328535e-05 2.079138721455819905e-05 4.011735200037946925e-06 2.912956688305712305e-06 3.435575024468562333e-07 4.708120741270249709e-06 3.316966967759071849e-06 3.455495743764913641e-06
6.100000000000000000e+04 2.589782070572255179e-06 5.065935511083807796e-06 3.410899353184504434e-06 5.159896318218670785e-06 1.773343797140114475e-06 1.533223752403500839e-07 2.227736644044853165e-07 2.546189250551833538e-07 6.960747782613907475e-07 7.106292514436063357e-07
6.200000000000000000e+04 1.355378572043264285e-06 1.972259724425384775e-06 1.416479335603071377e-06 7.987331969161459710e-07 8.987989303932408802e-07 1.303200889424260822e-07 1.531958986333847861e-07 5.925945600893101073e-08 1.093623751557970536e-07 7.015229357421048917e-07
6.300000000000000000e+04 1.730721464809903409e-06 2.487085566826863214e-06 1.507893784946645610e-06 7.235057637444697320e-07 1.554654659230436664e-06 1.517691856633973657e-07 1.955207125092783826e-07 1.617242588736189646e-07 2.664604608071385883e-07 5.710450636797759216e-07
6.400000000000000000e+04 4.784609700436703861e-06 1.479392358305631205e-05 6.566753199876984581e-06 5.963266630715224892e-06 3.063945086978492327e-06 5.017588478040124755e-07 4.925583994008775335e-07 1.663959920961133321e-07 7.887037440923450049e-07 8.154222541634226218e-07
6.500000000000000000e+04 4.263782466296106577e-05 4.582714609568938613e-05 2.922997373389080167e-05 2.822629721777047962e-05 5.702426733478205279e-06 4.364716005511581898e-06 3.531870902406808455e-07 1.404838167218258604e-05 3.128829121123999357e-06 6.204171768331434578e-06
6.600000000000000000e+04 1.392947183376236353e-06 1.641114863559778314e-06 1.496279878665518481e-06 6.145370434751384892e-07 7.537466899520950392e-07 7.683896541266221902e-08 1.104880809066344227e-07 5.046418749543590820e-08 1.524739587921430939e-07 5.594802701125445310e-07
6.700000000000000000e+04 4.223371433909051120e-06 3.185552714057848789e-06 3.531006768753286451e-06 3.811733904512948357e-06 2.824518560373689979e-06 2.701706307561835274e-07 4.034721712287137052e-07 1.885977439997077454e-06 4.828009423363255337e-07 1.366012838843744248e-06
6.800000000000000000e+04 2.800331230901065283e-06 3.233562438254011795e-06 2.422040552119142376e-06 1.580722255312139168e-06 2.121434818036505021e-06 1.798173911993217189e-07 2.879188230053841835e-07 2.966319812003348488e-07 7.522013447669451125e-07 7.655528406758094206e-07
6.900000000000000000e+04 4.268790235073538497e-06 1.062780847860267386e-05 4.007854840892832726e-06 4.312816145102260634e-06 1.553293259348720312e-06 4.118714969081338495e-07 2.182295730790428934e-07 4.983416488357761409e-07 1.128685198636958376e-06 9.781088010640814900e-07
7.000000000000000000e+04 1.138618131335533690e-06 1.762210445122036617e-06 1.182135974886477925e-06 7.569164495180302765e-07 9.650154879636829719e-07 7.098103083080786746e-08 1.083201013329926354e-07 2.079876395555402269e-07 5.881279463437749655e-08 5.627809969155350700e-07
7.100000000000000000e+04 1.998226480282028206e-06 5.196537131268996745e-06 2.738000148383434862e-06 3.530137973939417861e-06 8.426990802945510950e-07 2.392686440089164535e-07 1.328051979498923174e-07 3.009771489814738743e-07 1.262454532025003573e-07 6.978505666666023899e-07
7.200000000000000000e+04 1.111124106500938069e-06 1.681201979408797342e-06 1.227006691806309391e-06 6.684613254037685692e-07 6.550770876856404357e-07 9.470603856698289746e-08 6.355713821903918870e-08 5.012212866972731717e-08 8.717905330968278577e-08 4.844208660870208405e-07
7.300000000000000000e+04 1.122764842875767499e-06 1.956261257873848081e-06 1.298784809478092939e-06 8.418632546636217739e-07 6.421648777177324519e-07 8.770668813440352096e-08 7.936360901794614620e-08 6.436434318857209291e-08 1.167044487715429568e-07 5.319475349097047001e-07
7.400000000000000000e+04 1.116646217269590124e-05 9.855619282461702824e-06 6.847914391983067617e-06 5.688290002581197768e-06 2.291413238708628342e-06 1.409338437952101231e-06 5.841966981279256288e-07 7.785262141624116339e-07 2.796271303395769792e-07 1.604022941137372982e-06
7.500000000000000000e+04 3.900862793670967221e-06 5.436178980744443834e-06 3.744343757716706023e-06 3.216215418433421291e-06 8.830206184029520955e-07 3.703581228364782874e-07 1.248738499270984903e-07 7.874883749536820687e-07 3.117178550837707007e-07 8.025236866160412319e-07
7.600000000000000000e+04 9.616288707547937520e-07 1.398566837451653555e-06 1.124232767324429005e-06 6.066306923457887024e-07 6.414046538338880055e-07 9.647445864402470761e-08 1.009494354775597458e-07 4.181889678989136883e-08 6.736589597267084173e-08 5.061864385424996726e-07
7.700000000000000000e+04 1.341887696071353275e-06 2.758418304438237101e-06 1.650504941608232912e-06 1.371118059978471138e-06 6.692201850455603562e-07 1.147133872336780769e-07 1.047376940732647199e-07 2.220234165406509419e-07 1.896209909091339796e-07 6.368608751472493168e-07
7.800000000000000000e+04 8.653676104586338624e-07 1.226360495820699725e-06 1.053583901011734270e-06 5.611773872260528151e-07 5.257853104012610856e-07 6.641770511350841844e-08 8.586422239886815078e-08 6.222867199312531739e-08 8.632450487766618608e-08 5.181490791983378585e-07
7.900000000000000000e+04 8.374677236133720726e-07 1.092173192773771007e-06 1.047681735144578852e-06 5.047373861088999547e-07 4.927206873617251404e-07 6.471081803738343297e-08 6.061370783072561608e-08 3.807073767347901594e-08 5.667850899726545322e-08 4.635142545339476783e-07
8.000000000000000000e+04 6.844793915661284700e-06 7.633926543348934501e-06 5.949614205746911466e-06 3.940676378988428041e-06 5.941813014942454174e-06 6.435787724967667600e-08 1.026806103254784830e-06 3.177748567395610735e-06 9.847195769907557406e-07 1.447632484996574931e-06
8.100000000000000000e+04 2.172975882785976864e-06 1.799208234842808452e-06 1.848983629315625876e-06 1.164392301689076703e-06 5.779332923339097761e-07 1.699253573406167561e-07 6.218942161240192945e-08 4.582354335980198812e-07 7.008725333434995264e-08 6.356872859214490745e-07
8.200000000000000000e+04 1.416658392372482922e-06 1.701976088952505961e-06 1.487213125983544160e-06 9.595015626473468728e-07 4.369249495539406780e-07 1.340205102451363928e-07 7.776412047633129987e-08 1.158499856046546483e-07 4.223329952424137446e-08 5.531464921659789979e-07
8.300000000000000000e+04 1.620006628400005866e-06 1.843207769525179174e-06 1.689960981821059249e-06 1.089678107746294700e-06 7.439780347340274602e-07 7.144546287918274174e-08 1.224229038143676007e-07 2.955976015073247254e-07 1.172510337710264139e-07 5.950148533884203061e-07
8.400000000000000000e+04 8.405078006035182625e-06 4.273097147233784199e-06 5.831796443089842796e-06 4.783527856488944963e-06 1.928441861309693195e-06 4.544912428627867484e-07 2.490483836936618900e-07 3.198869308107532561e-06 1.452626747777685523e-07 1.516238171461736783e-06
8.500000000000000000e+04 2.329620429009082727e-06 4.990852175978943706e-06 2.420693135718465783e-06 2.424680360491038300e-06 1.476753482165804598e-06 9.575217063684249297e-08 4.775853881255898159e-07 7.203869927252526395e-07 6.669770300504751503e-07 8.667973361298209056e-07
8.600000000000000000e+04 4.211941813991870731e-06 9.261188097298145294e-06 4.171075943304458633e-06 2.878421128116315231e-06 3.471793434073333628e-06 7.090753229022084270e-07 6.181092544466082472e-07 9.246394938600133173e-08 7.237063641696295235e-07 1.113948655984131619e-06
8.700000000000000000e+04 1.676832653174642473e-05 1.055578286468517035e-05 9.838995538302697241e-06 8.994408744911197573e-06 2.510572585379122756e-06 7.005029942774854135e-07 4.701936688888963545e-07 1.156327130047429819e-06 1.092481511477672029e-06 1.424532229066244327e-06
8.800000000000000000e+04 1.481801518821157515e-06 1.965573119377950206e-06 1.557552309350285213e-06 9.335021786682773381e-07 6.089373982831602916e-07 3.676508129046851536e-07 1.239865241586812772e-07 1.909062774529957096e-07 1.502374118445004569e-07 5.581841264756803866e-07
8.900000000000000000e+04 9.333078878626110964e-07 1.072415102498780470e-06 1.191324486171652097e-06 6.610802643081115093e-07 3.520646032484364696e-07 6.342915526147407945e-08 5.862327867589556263e-08 7.578840666155883810e-08 5.585334150737253367e-08 4.568893814393959474e-07
9.000000000000000000e+04 6.567653599631739780e-06 1.260638782696332783e-05 4.519400590652367100e-06 4.551051461021415889e-06 3.315305775686283596e-06 1.086204861167061608e-06 4.561997286600671941e-07 1.871330539415794192e-07 5.433157639345154166e-07 1.143772351497318596e-06
9.100000000000000000e+04 3.627612841228256002e-06 9.696755114418920130e-06 2.392762098679668270e-06 4.394851657707476988e-06 3.914961780537851155e-06 1.768178918837293168e-07 7.221000828394608106e-07 1.289933038606250193e-06 4.510985434080794221e-07 9.323471772404445801e-07
9.200000000000000000e+04 1.706142370494490024e-06 2.963231281682965346e-06 2.308014472873765044e-06 2.403839062026236206e-06 5.011990538150712382e-07 7.688088743407206493e-08 7.153906977919177734e-08 4.190870228626408789e-08 1.858649198993589380e-07 4.690665491580148228e-07
9.300000000000000000e+04 1.141615712185739540e-06 1.080442757483979221e-06 1.197009510178759228e-06 6.870331503705529030e-07 5.498696964423288591e-07 5.781438616736522818e-08 9.177188076137099415e-08 2.222280954811139964e-07 5.807731184859221685e-08 4.999324119125958532e-07
9.400000000000000000e+04 6.431790211536281276e-07 8.524227723682997748e-07 9.960963325283955783e-07 4.621853122444008477e-07 3.289631820280192187e-07 6.154161980020944611e-08 5.703324390538000443e-08 3.517963520494049590e-08 5.320470464198479021e-08 4.435649145761999534e-07
9.500000000000000000e+04 2.059753342109615915e-06 1.371307916997466236e-06 1.771713073139835615e-06 1.158821078206528910e-06 7.014652396719611716e-07 6.535719876410439610e-08 8.427409170508326497e-08 3.549757110477003152e-08 1.283592467871130793e-07 4.903305352854658850e-07
9.600000000000000000e+04 9.902948931994615123e-07 1.447362592443823814e-06 1.219048613165796269e-06 7.391975032078335062e-07 3.691365577651595231e-07 8.415521790539060021e-08 4.885845328317373060e-08 1.742554331940482371e-07 6.569972299530491000e-08 4.567311009395780275e-07
9.700000000000000000e+04 6.546827989950543270e-06 9.227443115378264338e-06 5.682947175955632702e-06 4.544398052530596033e-06 3.337953103255131282e-06 6.485123549282434396e-07 7.718610390838875901e-07 5.078318281448446214e-07 5.424323603619995993e-07 6.956969968996418174e-07
9.800000000000000000e+04 6.092363946663681418e-07 7.892037956480635330e-07 9.475005526837776415e-07 4.574747265451151179e-07 2.974371398067887640e-07 5.350037923790296190e-08 5.589319229670763889e-08 5.371964562073117122e-08 5.959727289450711396e-08 4.029496096791262971e-07
9.900000000000000000e+04 1.791057115951844025e-06 1.272055214940337464e-06 1.681859544078179169e-06 1.199034727505932096e-06 6.970939807615650352e-07 1.518372982900473289e-07 1.041531945134011039e-07 6.301909394323956803e-08 1.873362407422973774e-07 4.434901370586885605e-07
1.000000000000000000e+05 2.048624537565046921e-06 2.007921921176603064e-06 1.862072167568840086e-06 1.386891995025507640e-06 7.358340781138394959e-07 1.185856746133140405e-07 6.527211553475353867e-07 5.565064498114224989e-07 1.117017518481588922e-06 1.043522615873371251e-06
1.010000000000000000e+05 1.082763219528715126e-06 9.883057145998463966e-07 1.275802219424804207e-06 7.490643270102737006e-07 3.088269124873477267e-07 1.070378985446041042e-07 4.760200766895650304e-08 2.599229844690853497e-07 4.693417210432926368e-08 4.752916424877184909e-07
1.020000000000000000e+05 3.470214323897380382e-06 8.757673640502616763e-06 7.088616712280781940e-06 5.514724762178957462e-06 1.305823388975113630e-06 3.436070983298122883e-07 5.868949983778293245e-07 1.938429505798922037e-07 3.308821021619223757e-07 6.149050477688433602e-07
1.030000000000000000e+05 1.167318373518355656e-06 1.914913354994496331e-06 1.072427835424605291e-06 7.635723022758611478e-07 4.673055400417069905e-07 1.719661213428480551e-07 6.528061646804417251e-08 3.846185947509184189e-08 5.076416442761910730e-08 4.311930865696922410e-07
1.040000000000000000e+05 2.179201601393288001e-06 6.732760084560140967e-06 4.367488600109936669e-06 4.745990736410021782e-06 3.567588748865091475e-07 9.456854144218596048e-08 3.117837934496492380e-07 1.053532230343989795e-07 9.667269296187441796e-08 4.592694438088074094e-07
1.050000000000000000e+05 1.061899070009530988e-06 1.731120846670819446e-06 1.710450078462599777e-06 1.546612907077360433e-06 3.105691064320126316e-07 1.199643264726546477e-07 6.113202033475317876e-08 2.632323230500333011e-07 3.312988994252918928e-08 4.843077476834878325e-07
1.060000000000000000e+05 2.770892251646728255e-06 5.555027655645972118e-06 3.798762008955236524e-06 3.367871613590978086e-06 5.529331019715755247e-07 4.391233403566729976e-07 2.167296173638533219e-07 3.622587030349677661e-07 9.879993712047507870e-08 5.752581841989012901e-07
1.070000000000000000e+05 7.826275805200566538e-07 1.018818693410139531e-06 1.098518623621203005e-06 6.262436045290087350e-07 4.362332504115329357e-07 1.223126702143417788e-07 1.090061729769331578e-07 3.598958997486079170e-08 1.012720431958769041e-07 4.147806862420111429e-07
1.080000000000000000e+05 6.223081641110184137e-07 1.024047037390118930e-06 9.916525414155330509e-07 6.663369163106835913e-07 3.699040291849087225e-07 4.659466057432837260e-08 6.144809816532870173e-08 1.453872613410567283e-07 3.852913721402728697e-08 4.298694591398088960e-07
1.090000000000000000e+05 6.927912750143150333e-07 1.228256905960734002e-06 1.019671799440402538e-06 9.637343509893980809e-07 2.538449450639745919e-07 5.458751317632959399e-08 5.348237763769247977e-08 5.658397839169992949e-08 4.062950864636150072e-08 3.964720747262617806e-07
1.100000000000000000e+05 1.923410991366836242e-06 3.809742111116065644e-06 2.731690756263560615e-06 2.670935145943076350e-06 4.531401032181747723e-07 6.385175765899475664e-08 1.020437849774680217e-07 8.169438814320528763e-08 1.084410996554652229e-07 4.053496809319767635e-07
1.110000000000000000e+05 1.790718783922784496e-06 9.811278687266167253e-07 1.575812575538293459e-06 1.151444507740961853e-06 3.464333531155716628e-07 1.793331847466106410e-07 4.558405564125678211e-08 4.485856663904996822e-07 3.406156068308519025e-08 5.827247946399438661e-07
1.120000000000000000e+05 8.758474905334878713e-07 1.808194610930513591e-06 1.247850377694703639e-06 8.933258186516468413e-07 2.892931547648913693e-07 6.655025686086446512e-08 4.137139697490965773e-08 8.729346490099487710e-08 4.938630482342887262e-08 3.838911482034745859e-07
1.130000000000000000e+05 2.795218506435048766e-06 6.453915830206824467e-06 2.914660399255808443e-06 3.103271183135802858e-06 6.734077828696172219e-07 1.228698778277248493e-07 4.144649423665214272e-08 2.101962905953769223e-07 2.297516630278551020e-07 5.507497462531318888e-07
1.140000000000000000e+05 4.419854121806565672e-06 3.603561026466195472e-06 2.884758941945619881e-06 2.409776925560436212e-06 9.612267604097723961e-07 4.720132835700496798e-07 1.308070807226613397e-07 5.427899623100529425e-07 1.878360933460498927e-07 8.363275014744431246e-07
1.150000000000000000e+05 1.033399826155800838e-06 2.497875584595021792e-06 1.477909222558082547e-06 1.489403871346439701e-06 3.077057328937371494e-07 4.447024437581603706e-08 4.129216435444504896e-08 4.902346617541297746e-08 5.896570698382674891e-08 3.993474138042074628e-07
1.160000000000000000e+05 1.322555590377305634e-06 2.139340040230308659e-06 1.246653141606657300e-06 7.948216875774960499e-07 7.090389431141375098e-07 6.026684928883696557e-08 1.434668064348443295e-07 4.742545911540219095e-08 1.561074611799995182e-07 3.936061716558469925e-07
1.170000000000000000e+05 7.302490416805085260e-07 1.476829652347078081e-06 1.240700612470391206e-06 9.010175290313782170e-07 2.529669984596694121e-07 6.495802296058172942e-08 3.690054128924202814e-08 7.207913910178831429e-08 5.696357163742504781e-08 4.078586357536551077e-07
1.180000000000000000e+05 2.282547029608394951e-06 4.419869128469144925e-06 1.544956148791243322e-06 1.405720126967935357e-06 9.366139579469745513e-07 6.977931121809888282e-08 2.491256907433125889e-07 7.651232891703330097e-08 2.771606375517876586e-07 4.491571417020168155e-07
1.190000000000000000e+05 4.559117314784089103e-06 3.053089812965481542e-06 2.667557282620691694e-06 1.980442220883560367e-06 1.601796498107432853e-06 3.332243636577914003e-07 2.025126377702690661e-07 1.219317198319913587e-07 2.319836909236983047e-07 6.788139899072120897e-07
1.200000000000000000e+05 3.260171524743782356e-06 4.756886482937261462e-06 2.885889216486248188e-06 2.603842631287989207e-06 2.099491439366829582e-06 1.115366572435050330e-07 3.301512094822101062e-07 1.825138951971894130e-06 6.106158139118633699e-07 1.043746010509494226e-06
1.210000000000000000e+05 4.762341632158495486e-06 3.194776127202203497e-06 3.246464757467037998e-06 2.788586698443396017e-06 5.761905299550562631e-07 5.460129841594607569e-07 3.435861017919705773e-08 1.330581994807289448e-06 5.582283790772635257e-08 9.417839805792027619e-07
1.220000000000000000e+05 1.318715362685907166e-06 1.865645458565268200e-06 1.685265374362643342e-06 1.461665078750229441e-06 3.337356986321537988e-07 4.614537374436622486e-08 5.330870678221799608e-08 1.178425605985466973e-07 6.954833509098534705e-08 3.983041381161456229e-07
1.230000000000000000e+05 2.724587375269038603e-06 4.586620434565702453e-06 3.063603799091652036e-06 2.595364094304386526e-06 2.784837079161661677e-06 4.890980775940079184e-08 5.364548201214347500e-07 1.105482851926353760e-06 6.172016355776577257e-07 7.771245691401418298e-07
1.240000000000000000e+05 1.471577661504852585e-06 3.154420937789836898e-06 2.324853539903415367e-06 2.179192733819945715e-06 4.330217677761538653e-07 1.254284853757781093e-07 1.028915832534949004e-07 3.628056788329558913e-08 8.379603855246386956e-08 3.750287191905954387e-07
1.250000000000000000e+05 5.654223400597402360e-07 6.182304446156194899e-07 7.857898935981211253e-07 4.394167660848324886e-07 3.051853525448677829e-07 4.725723101728362963e-08 6.032598776073427871e-08 6.810842023696750402e-08 6.827580989465786843e-08 3.664097789624065626e-07
1.260000000000000000e+05 4.470603585104981903e-07 4.966490791957767215e-07 7.723770067968871444e-07 3.977951905653753784e-07 1.883102385136226076e-07 6.874935110090518720e-08 3.687257432716251060e-08 6.472280489333570586e-08 2.909535545825292502e-08 3.567090800515870797e-07
1.270000000000000000e+05 2.208640125900274143e-06 4.357194484327919781e-06 3.685516958285006694e-06 2.947747816506307572e-06 3.836615860564052127e-07 1.979722128453431651e-07 1.304069883190095425e-07 2.838876866917416919e-07 8.673153217841900187e-08 4.797742576556629501e-07
1.280000000000000000e+05 8.747468314140860457e-07 1.615345581740257330e-06 1.240947085534571670e-06 1.300493636335886549e-06 2.907327996126696235e-07 1.036039734003679769e-07 4.907525408270885237e-08 6.570245147941022879e-08 6.350832393309246982e-08 3.743798231425898848e-07
1.290000000000000000e+05 1.161112322733970359e-06 2.096725893352413550e-06 1.301530119235394523e-06 1.095002971851499751e-06 3.547578444340615533e-07 4.164864009226221242e-08 4.167592493331540027e-08 9.427373726111909491e-08 1.043446360426969477e-07 3.976211928602424450e-07
1.300000000000000000e+05 6.575534712283115368e-07 1.284300083170819562e-06 8.940262432588497177e-07 6.836806392129801679e-07 2.999782111601234647e-07 6.061660684508751729e-08 5.037557571085926611e-08 4.420493837642425206e-08 4.898530647778898128e-08 3.306266194158524740e-07
1.310000000000000000e+05 2.460523546687909402e-06 3.339938530189101584e-06 2.345731672903639264e-06 2.228891844424651936e-06 3.736629139439173741e-07 5.011638748442237556e-08 6.606027369571165764e-08 3.280572684616345214e-07 4.891325389166922832e-08 4.508701181293872651e-07
1.320000000000000000e+05 8.301199727611674462e-07 1.239508947037393227e-06 1.101626480703998823e-06 9.723836456032586284e-07 2.315830585075673298e-07 8.583215560520329745e-08 4.510050644057628233e-08 1.525314559103208012e-07 4.071228687507755239e-08 3.834753385945077753e-07
1.330000000000000000e+05 2.496070010238327086e-06 5.965470791124971583e-06 3.223535259166965261e-06 3.678964048958732747e-06 6.850763725196884479e-07 1.936215596742840717e-07 6.530580520802686806e-08 2.446022051572072087e-07 2.122552018590795342e-07 4.627863745554350317e-07
1.340000000000000000e+05 4.229978912917431444e-06 6.370321898430120200e-06 1.854570768955454696e-06 8.610472264081181493e-07 6.215244411578169093e-06 1.092597585738985799e-07 1.157576889454503544e-06 1.534380658085865434e-06 1.083989104699867312e-06 1.037236756928905379e-06
1.350000000000000000e+05 3.691401616379152983e-06 5.513240466825664043e-06 2.999118123625521548e-06 2.881200771298608743e-06 7.192286943791259546e-07 3.139366242521646200e-07 7.473323648810037412e-08 7.054567277009482495e-07 2.034432498021487845e-07 7.603715630466467701e-07
1.360000000000000000e+05 1.353670768367010169e-06 3.896328507835278288e-06 9.246849117516831029e-07 1.584132746756949928e-06 7.091089173627551645e-07 2.320378911235820851e-07 1.039061672258867475e-07 8.718766366655472666e-07 1.115823309305596922e-07 6.278386877056618687e-07
1.370000000000000000e+05 1.011727931654604618e-06 2.018646910073584877e-06 1.521487888567207847e-06 1.510723336650698911e-06 3.038535396626684815e-07 2.590901715393556515e-07 4.898471317460462160e-08 7.289937116183864418e-07 3.438618279005822842e-08 5.347138198885659222e-07
1.380000000000000000e+05 1.375442820972239133e-06 1.504832198406802490e-06 1.157856672762136441e-06 1.004199816634354647e-06 1.403573151037562639e-06 2.089357593604290741e-07 1.914220604248839663e-07 1.830012593018182088e-06 2.193193608945875894e-07 8.300722242893243674e-07
1.390000000000000000e+05 4.859181217398145236e-07 5.859000680175086018e-07 6.773909717594506219e-07 4.156280510869692080e-07 2.010916801964413025e-07 5.352748289055853093e-08 6.461407764390969533e-08 6.857779766278326861e-08 5.914163381248727092e-08 3.786296076668804744e-07
1.400000000000000000e+05 4.665382675739238039e-07 6.759710231563076377e-07 6.714106461913615931e-07 3.873491607464529807e-07 2.546761379562667571e-07 6.780287975516330334e-08 4.751937865421496099e-08 3.196582554210181115e-08 4.907999340275637223e-08 3.212517185602337122e-07
1.410000000000000000e+05 3.580318434615037404e-06 2.183500100727542304e-06 2.190396799051086418e-06 2.063175543298712000e-06 7.657656624360242859e-07 1.630307338018610608e-07 8.038745846761230496e-08 1.277590399695327505e-06 7.403672697137153591e-08 6.786906396882841364e-07
1.420000000000000000e+05 6.822674549766816199e-07 1.875927068795135710e-06 1.020673607854405418e-06 8.187680009541509207e-07 3.536639496815041639e-07 8.771383619432526757e-08 6.725016277187023661e-08 4.377612583539303159e-08 3.803480197461794887e-08 3.533825179147243034e-07
1.430000000000000000e+05 1.924800926644820720e-06 3.036366933883982711e-06 2.151460648747161031e-06 2.114349172188667580e-06 4.914905957775772549e-07 3.792182212691841414e-07 1.075316049536922947e-07 3.245161508402816253e-07 1.139286283091678342e-07 5.138664391779457219e-07
1.440000000000000000e+05 8.612157216703053564e-06 5.531384886126033962e-06 4.700326826423406601e-06 5.148763648321619257e-06 1.360641590508748777e-06 1.365227831229276489e-06 1.590030223042049329e-07 2.062893372567486949e-06 2.039022888311592396e-07 1.512910444034787361e-06
1.450000000000000000e+05 1.871035806289000902e-06 1.543621579003229272e-06 1.249227238986350130e-06 8.662764798827993218e-07 4.212256214941589860e-07 4.248575891097061685e-08 5.667893887562058808e-08 4.046066592877650692e-08 4.179414858640484454e-08 3.611561965044529643e-07
1.460000000000000000e+05 4.371668183011934161e-06 3.895981080859201029e-06 3.372998435224872082e-06 3.521181952237384394e-06 1.610077674740750808e-06 7.860402888582029846e-07 2.278040938108460978e-07 4.987568331671354827e-07 4.687792056756734382e-07 7.659961624995048624e-07
1.470000000000000000e+05 4.837444294025772251e-07 6.529811571454047225e-07 6.722183911733736750e-07 4.913558768748771399e-07 1.689789428382937331e-07 4.635379724504673504e-08 3.747280885590953403e-08 3.044601726287510246e-08 2.611451499490158312e-08 3.074648873280239059e-07
1.480000000000000000e+05 4.795285235559276771e-07 4.716382306924060686e-07 6.500766289718740154e-07 3.439489546508411877e-07 2.483306218437064672e-07 4.225032768090386526e-08 4.675903753081911418e-08 3.276361226767221524e-08 3.561476447089262365e-08 3.155067531679378590e-07
1.490000000000000000e+05 9.937999720932566561e-07 1.691000420578347985e-06 1.551412651679129340e-06 9.939568599293124862e-07 7.896978218013828155e-07 4.970588207697801408e-08 1.281791526253073243e-07 1.475942212891823146e-07 1.379920178123938967e-07 3.830916455171973212e-07
1.500000000000000000e+05 2.259775101265404373e-06 9.820299737839377485e-07 1.565712636875105090e-06 1.391023374708311167e-06 3.895584654856065754e-07 3.995749580099072773e-07 4.132062869643959857e-08 7.039480465209635440e-07 5.103544609141863475e-08 6.147811291157267988e-07
