# 预测结果数据
# 注意: PINN问题，无δ参数
# 列: x, y, ux_pred, uy_pred, Sxx_pred, Syy_pred, Sxy_pred, ux_true, uy_true, Sxx_true, Syy_true, Sxy_true
3.745404e-01	9.507134e-01	-1.115500e-01	7.530016e-01	1.806689e+00	5.671878e+00	1.587023e+00	-1.087348e-01	7.543164e-01	1.799369e+00	5.660213e+00	1.587057e+00
7.319934e-01	5.986583e-01	-1.085830e-01	9.711930e-02	1.250718e+01	7.190527e+00	-6.983177e-02	-1.075180e-01	9.581394e-02	1.253127e+01	7.225921e+00	-8.028238e-02
1.560193e-01	1.559952e-01	2.625572e-01	8.668602e-04	-4.916274e+00	-2.430063e+00	7.780205e-01	2.620686e-01	2.787676e-04	-4.906121e+00	-2.442338e+00	7.724608e-01
5.808449e-02	8.661754e-01	3.835589e-01	9.945151e-02	-1.366416e+00	-4.423037e-03	-4.808817e-01	3.812653e-01	1.021458e-01	-1.358840e+00	2.814454e-02	-4.700568e-01
6.011148e-01	7.080722e-01	-6.400626e-01	2.399272e-01	7.254812e+00	5.627535e+00	6.758044e-01	-6.389560e-01	2.387917e-01	7.269010e+00	5.657958e+00	6.455064e-01
2.058545e-02	9.699089e-01	1.021224e-01	5.223003e-02	2.741748e-02	3.312323e-01	-8.608207e-02	9.360462e-02	5.719147e-02	8.286774e-02	3.952288e-01	-1.635340e-01
8.324420e-01	2.123397e-01	3.064197e-01	-4.520863e-04	6.775540e+00	3.402217e+00	6.094230e-01	3.063435e-01	1.021396e-03	6.774075e+00	3.415899e+00	6.082752e-01
1.818256e-01	1.834051e-01	2.264428e-01	1.629919e-03	-6.220192e+00	-3.064840e+00	5.479894e-01	2.263067e-01	6.117451e-04	-6.214598e+00	-3.087286e+00	5.486190e-01
3.042426e-01	5.247564e-01	-3.344805e-01	6.076929e-02	-1.131401e+01	-4.933145e+00	1.054898e-01	-3.332465e-01	6.193493e-02	-1.133567e+01	-4.959680e+00	1.095152e-01
4.319452e-01	2.912295e-01	-7.229983e-01	7.335573e-03	-4.030470e+00	-1.863990e+00	-8.839194e-01	-7.211610e-01	7.029740e-03	-4.033360e+00	-1.871851e+00	-8.693023e-01
6.118526e-01	1.394946e-01	-3.261187e-01	-8.232892e-04	3.465862e+00	1.738489e+00	-1.086011e+00	-3.237905e-01	3.555049e-04	3.456816e+00	1.743699e+00	-1.085523e+00
2.921451e-01	3.663621e-01	-2.399441e-01	1.503780e-02	-1.091067e+01	-5.200832e+00	-1.543445e-01	-2.389925e-01	1.430899e-02	-1.091885e+01	-5.225082e+00	-1.503799e-01
4.560701e-01	7.851754e-01	-6.022397e-01	3.756003e-01	-2.342035e-01	2.773878e+00	1.272941e+00	-6.011620e-01	3.764589e-01	-2.219563e-01	2.765772e+00	1.262148e+00
1.996744e-01	5.142344e-01	3.087827e-01	3.977206e-02	-1.158795e+01	-5.295899e+00	6.592554e-02	3.106512e-01	4.104414e-02	-1.161215e+01	-5.327182e+00	6.709325e-02
5.924144e-01	4.645132e-02	-1.223798e-01	-7.480085e-04	1.018672e+00	5.034874e-01	-1.303363e+00	-1.215808e-01	4.460933e-06	1.002805e+00	5.019785e-01	-1.299389e+00
6.075446e-01	1.705248e-01	-4.008981e-01	-3.022254e-04	4.037304e+00	2.037023e+00	-1.053749e+00	-3.982889e-01	7.977670e-04	4.030814e+00	2.043477e+00	-1.054355e+00
6.505246e-02	9.488847e-01	1.517860e-01	1.604826e-01	-1.991831e-01	9.503649e-01	-1.562287e-01	1.467226e-01	1.645280e-01	-1.050287e-01	9.878315e-01	-1.759301e-01
9.656311e-01	8.083968e-01	5.564906e-01	4.698338e-02	1.738640e+00	1.178686e+00	-1.949590e+00	5.530906e-01	4.602240e-02	1.752394e+00	1.217780e+00	-1.931573e+00
3.046142e-01	9.767291e-02	-1.024755e-01	8.118451e-04	-3.576471e+00	-1.763378e+00	-5.099739e-01	-1.016285e-01	7.439758e-05	-3.571404e+00	-1.781132e+00	-5.037351e-01
6.842327e-01	4.401526e-01	-3.944768e-01	3.119346e-02	1.157665e+01	6.195353e+00	-1.576242e-01	-3.944913e-01	3.141993e-02	1.159137e+01	6.223989e+00	-1.501493e-01
1.220390e-01	4.951769e-01	7.181093e-01	2.159920e-02	-8.514519e+00	-3.963764e+00	1.021575e-01	7.200564e-01	2.249043e-02	-8.536245e+00	-3.995609e+00	1.047240e-01
3.438945e-02	9.093196e-01	2.778792e-01	7.052651e-02	-4.651113e-01	1.968665e-01	-4.075320e-01	2.745078e-01	7.372182e-02	-4.328924e-01	2.699955e-01	-4.047379e-01
2.587804e-01	6.625219e-01	-4.883841e-02	1.363089e-01	-1.010668e+01	-3.761540e+00	2.593023e-01	-4.810870e-02	1.399398e-01	-1.010211e+01	-3.783720e+00	2.503399e-01
3.117115e-01	5.200680e-01	-3.785756e-01	5.963567e-02	-1.112136e+01	-4.844602e+00	9.793729e-02	-3.773502e-01	6.072479e-02	-1.114333e+01	-4.871087e+00	1.014967e-01
5.467101e-01	1.848551e-01	-5.282025e-01	8.264482e-04	2.024485e+00	1.050480e+00	-1.266073e+00	-5.251826e-01	1.155135e-03	2.019512e+00	1.047249e+00	-1.257389e+00
9.695837e-01	7.751323e-01	6.401233e-01	3.551514e-02	1.714342e+00	1.086614e+00	-1.754956e+00	6.373137e-01	3.444274e-02	1.727203e+00	1.130209e+00	-1.737578e+00
9.394981e-01	8.948266e-01	3.058288e-01	1.218863e-01	2.058265e+00	1.843786e+00	-2.387838e+00	3.012716e-01	1.211313e-01	2.054243e+00	1.839333e+00	-2.368727e+00
5.978998e-01	9.218734e-01	-1.997271e-01	6.898227e-01	4.737637e+00	6.853352e+00	8.906443e-01	-1.984464e-01	6.883543e-01	4.748776e+00	6.854533e+00	9.009725e-01
8.849332e-02	1.959835e-01	4.918591e-01	5.269945e-04	-3.836609e+00	-1.909540e+00	1.099433e+00	4.905326e-01	4.048826e-04	-3.822295e+00	-1.898752e+00	1.091408e+00
4.522819e-02	3.253307e-01	8.188929e-01	2.084076e-04	-2.985237e+00	-1.458154e+00	8.243475e-01	8.189636e-01	1.586342e-03	-2.986432e+00	-1.463959e+00	8.039042e-01
3.886775e-01	2.713495e-01	-5.779124e-01	5.706817e-03	-6.015631e+00	-2.877253e+00	-7.970879e-01	-5.761178e-01	5.093273e-03	-6.016160e+00	-2.895459e+00	-7.881214e-01
8.287368e-01	3.567536e-01	4.276612e-01	7.781267e-03	1.004886e+01	5.127290e+00	3.111677e-01	4.275130e-01	8.300948e-03	1.005164e+01	5.165427e+00	3.025572e-01
2.809350e-01	5.426960e-01	-1.927373e-01	6.547061e-02	-1.170513e+01	-5.094962e+00	1.228116e-01	-1.914136e-01	6.699752e-02	-1.172518e+01	-5.121870e+00	1.271160e-01
1.409249e-01	8.021964e-01	3.703086e-01	1.734746e-01	-4.785804e+00	-1.075592e+00	-2.283673e-01	3.684880e-01	1.774104e-01	-4.779461e+00	-1.062795e+00	-2.205715e-01
7.455149e-02	9.868859e-01	4.411173e-02	2.169963e-01	5.110394e-01	1.656662e+00	8.847824e-02	3.675085e-02	2.201386e-01	6.585810e-01	1.667674e+00	4.891992e-02
7.722442e-01	1.987163e-01	8.072037e-02	-1.189977e-03	7.295869e+00	3.658167e+00	1.707797e-01	8.142930e-02	1.022921e-03	7.294232e+00	3.678002e+00	1.757042e-01
5.523106e-03	8.154608e-01	5.476117e-01	1.013568e-02	-1.962934e-01	-1.141650e-01	-6.596098e-01	5.474824e-01	7.672269e-03	-2.012118e-01	-4.415485e-02	-6.188477e-01
7.068569e-01	7.290067e-01	-2.016811e-01	2.279859e-01	1.034541e+01	7.011792e+00	1.080433e-02	-2.014073e-01	2.248697e-01	1.034074e+01	7.021134e+00	8.722901e-03
7.712698e-01	7.404550e-02	3.150225e-02	-9.037852e-04	2.886846e+00	1.419315e+00	2.071364e-01	3.071672e-02	1.978919e-05	2.872145e+00	1.437676e+00	2.036274e-01
3.584660e-01	1.158698e-01	-2.259231e-01	7.768273e-04	-3.475171e+00	-1.717271e+00	-9.328946e-01	-2.242874e-01	1.627256e-04	-3.468986e+00	-1.726067e+00	-9.245893e-01
8.631027e-01	6.232979e-01	6.040091e-01	6.462775e-02	9.212938e+00	5.190247e+00	-6.196775e-01	6.039944e-01	6.292965e-02	9.222765e+00	5.217157e+00	-6.025493e-01
3.308983e-01	6.355922e-02	-9.730631e-02	5.011857e-04	-2.184577e+00	-1.074784e+00	-7.577244e-01	-9.653684e-02	1.407051e-05	-2.176563e+00	-1.086953e+00	-7.492914e-01
3.109827e-01	3.251837e-01	-3.199369e-01	1.010671e-02	-9.825403e+00	-4.716560e+00	-2.994077e-01	-3.188794e-01	9.267679e-03	-9.827146e+00	-4.742574e+00	-2.967233e-01
7.296057e-01	6.375571e-01	-1.171615e-01	1.258729e-01	1.207966e+01	7.187398e+00	-7.861055e-02	-1.160429e-01	1.240726e-01	1.209599e+01	7.215630e+00	-8.732060e-02
8.872120e-01	4.722150e-01	7.563488e-01	1.757720e-02	8.271135e+00	4.331883e+00	3.482303e-02	7.563388e-01	1.725225e-02	8.293486e+00	4.365951e+00	3.071550e-02
1.195950e-01	7.132444e-01	5.728380e-01	9.295955e-02	-6.200928e+00	-2.300096e+00	-3.498630e-01	5.727780e-01	9.496202e-02	-6.192180e+00	-2.297244e+00	-3.345429e-01
7.607845e-01	5.612771e-01	6.552386e-02	6.912673e-02	1.275712e+01	7.081698e+00	-1.271724e-01	6.645837e-02	6.775948e-02	1.278883e+01	7.118757e+00	-1.342528e-01
7.709666e-01	4.937956e-01	1.310829e-01	3.999761e-02	1.273912e+01	6.821406e+00	-5.932151e-02	1.313316e-01	3.918273e-02	1.277252e+01	6.862361e+00	-6.621991e-02
5.227328e-01	4.275412e-01	-9.646571e-01	3.264275e-02	2.050106e+00	1.484094e+00	-3.560251e-01	-9.642818e-01	3.332754e-02	2.054474e+00	1.494947e+00	-3.546249e-01
2.542008e-02	1.078922e-01	3.304920e-01	4.849136e-04	-6.708096e-01	-3.560515e-01	1.454260e+00	3.282681e-01	1.080999e-05	-6.641228e-01	-3.314603e-01	1.462780e+00
3.143012e-02	6.364101e-01	8.909414e-01	1.872864e-02	-2.140151e+00	-8.962542e-01	-4.127681e-01	8.918928e-01	1.617105e-02	-2.140931e+00	-9.180068e-01	-3.836368e-01
3.143564e-01	5.085707e-01	-3.945136e-01	5.491832e-02	-1.108604e+01	-4.868292e+00	7.021198e-02	-3.932905e-01	5.583844e-02	-1.110957e+01	-4.896014e+00	7.450756e-02
9.075657e-01	2.492927e-01	5.912675e-01	7.316023e-04	4.879195e+00	2.460576e+00	9.417372e-01	5.898502e-01	1.105860e-03	4.882320e+00	2.467776e+00	9.248486e-01
4.103831e-01	7.555506e-01	-5.884268e-01	3.106605e-01	-3.006136e+00	1.001542e+00	1.103699e+00	-5.874231e-01	3.130472e-01	-3.002411e+00	9.847739e-01	1.097697e+00
2.287987e-01	7.698075e-02	3.168142e-02	1.041025e-03	-2.992119e+00	-1.471935e+00	2.085419e-01	3.180881e-02	2.312431e-05	-2.981675e+00	-1.489035e+00	2.026002e-01
2.897519e-01	1.612220e-01	-1.209833e-01	1.521617e-03	-5.895255e+00	-2.902669e+00	-3.416491e-01	-1.199102e-01	5.335144e-04	-5.893723e+00	-2.927006e+00	-3.388707e-01
9.296967e-01	8.081198e-01	5.160483e-01	9.517959e-02	3.493832e+00	2.428431e+00	-1.836911e+00	5.125389e-01	9.343114e-02	3.508254e+00	2.447820e+00	-1.823384e+00
6.334035e-01	8.714598e-01	-2.627501e-01	5.295525e-01	6.099526e+00	6.673168e+00	5.850240e-01	-2.627957e-01	5.268379e-01	6.089114e+00	6.671836e+00	5.973835e-01
8.036715e-01	1.865707e-01	1.827996e-01	-1.174152e-03	6.576999e+00	3.296794e+00	4.284971e-01	1.830188e-01	7.008308e-04	6.574483e+00	3.309780e+00	4.314308e-01
8.925582e-01	5.393422e-01	7.747721e-01	2.876525e-02	7.980524e+00	4.278886e+00	-2.852094e-01	7.747041e-01	2.802219e-02	8.001356e+00	4.312416e+00	-2.765921e-01
8.074396e-01	8.960905e-01	1.151250e-01	3.712960e-01	5.394996e+00	5.148749e+00	-1.347365e+00	1.132364e-01	3.666945e-01	5.406973e+00	5.158782e+00	-1.358455e+00
3.180038e-01	1.100527e-01	-1.415474e-01	8.207858e-04	-3.875767e+00	-1.912197e+00	-6.190354e-01	-1.404367e-01	1.233598e-04	-3.871309e+00	-1.928929e+00	-6.122902e-01
2.279357e-01	4.271079e-01	1.332750e-01	2.204719e-02	-1.189676e+01	-5.628123e+00	8.581984e-02	1.345829e-01	2.184446e-02	-1.191632e+01	-5.651291e+00	8.870815e-02
8.180141e-01	8.607299e-01	1.784465e-01	3.009242e-01	6.223677e+00	5.175452e+00	-1.304458e+00	1.756065e-01	2.969834e-01	6.225733e+00	5.183086e+00	-1.314749e+00
6.953117e-03	5.107473e-01	9.966612e-01	1.835555e-03	-5.353034e-01	-1.947034e-01	3.993633e-02	9.984764e-01	1.486343e-03	-5.368682e-01	-2.509733e-01	5.389105e-02
4.174112e-01	2.221084e-01	-5.603332e-01	2.980739e-03	-3.964399e+00	-1.914329e+00	-1.056205e+00	-5.579298e-01	2.352200e-03	-3.961917e+00	-1.917416e+00	-1.044224e+00
1.198661e-01	3.376155e-01	6.365036e-01	4.752666e-03	-7.439293e+00	-3.607955e+00	5.797997e-01	6.366537e-01	4.777741e-03	-7.443640e+00	-3.636912e+00	5.785587e-01
9.429088e-01	3.232033e-01	7.965983e-01	1.726300e-03	3.766448e+00	1.914930e+00	7.782224e-01	7.955945e-01	1.946664e-03	3.772602e+00	1.922439e+00	7.586987e-01
5.187905e-01	7.030185e-01	-7.991040e-01	2.443603e-01	2.570346e+00	3.368952e+00	9.206126e-01	-7.978138e-01	2.438428e-01	2.576606e+00	3.369410e+00	9.061520e-01
3.636299e-01	9.717811e-01	-6.166866e-02	8.098791e-01	2.518214e+00	6.264709e+00	1.600405e+00	-5.797601e-02	8.112142e-01	2.498224e+00	6.257735e+00	1.606528e+00
9.624463e-01	2.517828e-01	6.934959e-01	1.082391e-03	2.091302e+00	1.043521e+00	1.089272e+00	6.913536e-01	4.730404e-04	2.096370e+00	1.059458e+00	1.067609e+00
4.972485e-01	3.008787e-01	-8.121115e-01	8.117169e-03	-6.580403e-02	1.241845e-01	-9.354780e-01	-8.105155e-01	8.195015e-03	-6.715344e-02	1.298449e-01	-9.195305e-01
2.848409e-01	3.688787e-02	-2.543575e-02	6.711185e-04	-1.431072e+00	-6.978524e-01	-3.420909e-01	-2.511057e-02	1.444424e-06	-1.418184e+00	-7.088568e-01	-3.388366e-01
6.095641e-01	5.026790e-01	-7.733736e-01	5.998608e-02	8.453022e+00	4.923374e+00	-2.870868e-02	-7.722290e-01	6.010511e-02	8.461551e+00	4.948193e+00	-2.363507e-02
5.147965e-02	2.786469e-01	7.286544e-01	1.975894e-05	-3.057659e+00	-1.511796e+00	9.821495e-01	7.279807e-01	9.707503e-04	-3.052770e+00	-1.505482e+00	9.635559e-01
9.082651e-01	2.395624e-01	5.746338e-01	5.945414e-04	4.694452e+00	2.366379e+00	9.732213e-01	5.731087e-01	9.361184e-04	4.696991e+00	2.371941e+00	9.563398e-01
1.448956e-01	4.894528e-01	6.112446e-01	2.429357e-02	-9.689718e+00	-4.515354e+00	1.127013e-01	6.130887e-01	2.523161e-02	-9.712676e+00	-4.547034e+00	1.128916e-01
9.856495e-01	2.420558e-01	6.886644e-01	1.654729e-03	7.776669e-01	3.670577e-01	1.150854e+00	6.864408e-01	1.547147e-04	7.824572e-01	3.950636e-01	1.128083e+00
6.721352e-01	7.616191e-01	-3.200016e-01	2.913933e-01	9.076738e+00	6.798271e+00	2.730666e-01	-3.199592e-01	2.884617e-01	9.066910e+00	6.805943e+00	2.686000e-01
2.376381e-01	7.282159e-01	5.850512e-02	1.866418e-01	-8.404785e+00	-2.608160e+00	2.546674e-01	5.849091e-02	1.909794e-01	-8.395018e+00	-2.623969e+00	2.441548e-01
3.677834e-01	6.323056e-01	-6.181441e-01	1.437236e-01	-7.572948e+00	-2.393702e+00	5.455340e-01	-6.169121e-01	1.462559e-01	-7.564076e+00	-2.394204e+00	5.290240e-01
6.335294e-01	5.357746e-01	-6.652592e-01	7.530692e-02	9.840836e+00	5.734240e+00	6.622304e-02	-6.639986e-01	7.525573e-02	9.851851e+00	5.768695e+00	6.500050e-02
9.029058e-02	8.353018e-01	4.195417e-01	1.330849e-01	-2.688342e+00	-3.804141e-01	-4.261805e-01	4.171493e-01	1.362468e-01	-2.687706e+00	-3.651874e-01	-4.171768e-01
3.207804e-01	1.865191e-01	-2.394550e-01	1.884222e-03	-6.254855e+00	-3.071430e+00	-5.643671e-01	-2.379091e-01	1.023478e-03	-6.251356e+00	-3.092754e+00	-5.620250e-01
4.077606e-02	5.908928e-01	9.266399e-01	1.704332e-02	-2.943066e+00	-1.291268e+00	-2.638226e-01	9.281881e-01	1.557404e-02	-2.950068e+00	-1.316893e+00	-2.381000e-01
6.775640e-01	1.658880e-02	-2.258939e-02	-2.995729e-04	5.999831e-01	2.686766e-01	-6.922642e-01	-2.289834e-02	6.424835e-08	5.879829e-01	2.940147e-01	-6.895499e-01
5.120931e-01	2.264963e-01	-6.539651e-01	2.662867e-03	6.701710e-01	4.029155e-01	-1.201676e+00	-6.511312e-01	2.629850e-03	6.693645e-01	4.043483e-01	-1.186359e+00
6.451725e-01	1.743671e-01	-3.210919e-01	-7.188022e-04	5.199034e+00	2.605716e+00	-8.176523e-01	-3.187572e-01	8.299123e-04	5.194625e+00	2.625870e+00	-8.213706e-01
6.909374e-01	3.867356e-01	-3.399343e-01	1.780710e-02	1.116622e+01	5.848226e+00	-2.245319e-01	-3.399252e-01	1.846428e-02	1.116833e+01	5.870629e+00	-2.182798e-01
9.367291e-01	1.375217e-01	3.884956e-01	2.179146e-04	2.039479e+00	1.029421e+00	1.330258e+00	3.860676e-01	7.062763e-05	2.039185e+00	1.022674e+00	1.314670e+00
3.410667e-01	1.134743e-01	-1.903850e-01	7.734895e-04	-3.687213e+00	-1.820675e+00	-8.047208e-01	-1.889673e-01	1.455603e-04	-3.681837e+00	-1.833222e+00	-7.969444e-01
9.246928e-01	8.773386e-01	3.385267e-01	1.403931e-01	2.782003e+00	2.342629e+00	-2.212283e+00	3.345864e-01	1.388660e-01	2.785673e+00	2.342522e+00	-2.200406e+00
2.579421e-01	6.599838e-01	-4.446858e-02	1.338630e-01	-1.016950e+01	-3.810324e+00	2.517174e-01	-4.371233e-02	1.374637e-01	-1.016546e+01	-3.833029e+00	2.431559e-01
8.172215e-01	5.552007e-01	4.026515e-01	5.333856e-02	1.163343e+01	6.354615e+00	-2.385548e-01	4.037704e-01	5.161083e-02	1.166198e+01	6.388741e+00	-2.364197e-01
5.296505e-01	2.418528e-01	-6.794093e-01	3.289789e-03	1.660820e+00	9.110610e-01	-1.133304e+00	-6.768603e-01	3.406572e-03	1.659537e+00	9.142802e-01	-1.119578e+00
9.310358e-02	8.972149e-01	2.674244e-01	1.823883e-01	-1.410039e+00	5.409577e-01	-2.633462e-01	2.645611e-01	1.868495e-01	-1.368909e+00	5.650756e-01	-2.672488e-01
9.004172e-01	6.331012e-01	7.417701e-01	5.061796e-02	7.029464e+00	3.953310e+00	-7.767348e-01	7.407192e-01	4.944460e-02	7.037953e+00	3.987571e+00	-7.571217e-01
3.390301e-01	3.492099e-01	-4.734094e-01	1.357666e-02	-9.321747e+00	-4.408803e+00	-3.748295e-01	-4.722325e-01	1.300984e-02	-9.329034e+00	-4.440986e+00	-3.689627e-01
7.259552e-01	8.971094e-01	-4.678935e-02	4.965250e-01	6.124775e+00	6.342676e+00	-4.379171e-01	-4.780608e-02	4.912592e-01	6.136533e+00	6.353880e+00	-4.389150e-01
8.870857e-01	7.798749e-01	4.872803e-01	1.304924e-01	5.876521e+00	3.908033e+00	-1.473955e+00	4.838514e-01	1.284849e-01	5.879466e+00	3.928237e+00	-1.462868e+00
6.420314e-01	8.414079e-02	-1.650053e-01	-1.163989e-03	2.571274e+00	1.265072e+00	-9.554106e-01	-1.639558e-01	4.521442e-05	2.558401e+00	1.282425e+00	-9.515296e-01
1.616294e-01	8.985534e-01	1.670576e-01	3.116412e-01	-1.987443e+00	1.123978e+00	1.188047e-01	1.651765e-01	3.169713e-01	-1.934933e+00	1.149078e+00	1.084375e-01
6.064288e-01	9.198033e-03	-2.330083e-02	-5.281270e-04	2.356682e-01	1.063776e-01	-1.237370e+00	-2.266962e-02	6.761419e-09	2.250996e-01	1.125542e-01	-1.231965e+00
1.014723e-01	6.635014e-01	6.989650e-01	5.996826e-02	-6.151968e+00	-2.523864e+00	-3.477421e-01	6.998510e-01	6.074129e-02	-6.148605e+00	-2.525023e+00	-3.311103e-01
5.062574e-03	1.608087e-01	4.855358e-01	-9.806454e-04	-1.938903e-01	-1.352699e-01	1.380851e+00	4.837337e-01	1.063509e-05	-1.931611e-01	-9.618372e-02	1.374927e+00
5.487337e-01	6.918948e-01	-7.868007e-01	2.273349e-01	4.421987e+00	4.168985e+00	8.158723e-01	-7.854047e-01	2.264906e-01	4.429652e+00	4.178916e+00	7.943100e-01
6.519610e-01	2.242699e-01	-3.764301e-01	7.193983e-04	6.688055e+00	3.379265e+00	-6.879694e-01	-3.742247e-01	2.246937e-03	6.683324e+00	3.401775e+00	-6.932926e-01
7.121788e-01	2.372496e-01	-1.611564e-01	3.383160e-04	8.330930e+00	4.202110e+00	-2.740038e-01	-1.596586e-01	2.490073e-03	8.325265e+00	4.225606e+00	-2.748098e-01
3.254001e-01	7.464910e-01	-3.265986e-01	2.608010e-01	-6.580652e+00	-1.151579e+00	7.699305e-01	-3.261392e-01	2.649708e-01	-6.573975e+00	-1.157256e+00	7.554638e-01
6.496326e-01	8.492227e-01	-2.685679e-01	4.669335e-01	6.831804e+00	6.685063e+00	4.438976e-01	-2.689782e-01	4.636843e-01	6.813807e+00	6.682964e+00	4.541846e-01
6.576126e-01	5.683085e-01	-5.370961e-01	9.201577e-02	1.089723e+01	6.383578e+00	1.159889e-01	-5.358512e-01	9.178410e-02	1.091293e+01	6.425491e+00	1.055963e-01
9.367558e-02	3.677161e-01	7.603905e-01	4.839450e-03	-6.315705e+00	-3.046585e+00	5.603963e-01	7.609337e-01	5.303221e-03	-6.325089e+00	-3.076012e+00	5.549387e-01
2.652029e-01	2.439902e-01	-6.691098e-02	3.859967e-03	-8.637706e+00	-4.228406e+00	-1.053282e-01	-6.615654e-02	2.622745e-03	-8.633692e+00	-4.252349e+00	-1.041746e-01
9.730096e-01	3.930979e-01	9.305392e-01	2.047658e-03	2.018262e+00	1.023201e+00	4.872539e-01	9.305892e-01	2.022280e-03	2.022965e+00	1.042349e+00	4.728800e-01
8.920458e-01	6.311384e-01	7.143509e-01	5.405597e-02	7.550985e+00	4.248279e+00	-7.440616e-01	7.134928e-01	5.278736e-02	7.559788e+00	4.281724e+00	-7.248021e-01
7.948107e-01	5.026371e-01	2.772664e-01	3.946584e-02	1.234219e+01	6.603433e+00	-7.755654e-02	2.778395e-01	3.835457e-02	1.237638e+01	6.646029e+00	-8.375826e-02
5.769037e-01	4.925177e-01	-8.863274e-01	5.681828e-02	6.295347e+00	3.834129e+00	-5.811521e-02	-8.852679e-01	5.713301e-02	6.300926e+00	3.846475e+00	-5.480743e-02
1.952436e-01	7.224516e-01	2.581466e-01	1.527820e-01	-8.197067e+00	-2.779116e+00	9.704143e-03	2.582285e-01	1.568120e-01	-8.188569e+00	-2.791952e+00	9.050280e-03
2.807728e-01	2.431692e-02	-1.497555e-02	6.414354e-04	-9.559408e-01	-4.618414e-01	-3.031221e-01	-1.466472e-02	2.699506e-07	-9.411443e-01	-4.705055e-01	-3.009460e-01
6.454720e-01	1.771113e-01	-3.248067e-01	-6.680787e-04	5.280456e+00	2.647658e+00	-8.111861e-01	-3.224632e-01	8.829961e-04	5.276111e+00	2.667969e+00	-8.150793e-01
9.404577e-01	9.539277e-01	1.408866e-01	1.532514e-01	1.356052e+00	1.643443e+00	-2.738472e+00	1.342588e-01	1.539932e-01	1.308105e+00	1.622637e+00	-2.724881e+00
9.148635e-01	3.701590e-01	7.901800e-01	4.534215e-03	5.927259e+00	3.029128e+00	5.244277e-01	7.897197e-01	4.961673e-03	5.934091e+00	3.047471e+00	5.076306e-01
1.545759e-02	9.283177e-01	2.267030e-01	3.227118e-02	-1.469621e-01	7.345639e-02	-3.452627e-01	2.222456e-01	3.605017e-02	-1.167674e-01	1.746195e-01	-3.587356e-01
4.281843e-01	9.666539e-01	-9.737754e-02	8.511518e-01	2.967879e+00	6.764731e+00	1.718072e+00	-9.410218e-02	8.510119e-01	2.948455e+00	6.756440e+00	1.712646e+00
9.636190e-01	8.530087e-01	4.382057e-01	6.086573e-02	1.543856e+00	1.173230e+00	-2.218869e+00	4.339584e-01	6.037987e-02	1.551871e+00	1.200643e+00	-2.195898e+00
2.944493e-01	3.850980e-01	-2.588875e-01	1.814643e-02	-1.110607e+01	-5.259985e+00	-1.372308e-01	-2.579007e-01	1.756461e-02	-1.111853e+01	-5.285602e+00	-1.321454e-01
8.511360e-01	3.169224e-01	4.982426e-01	3.791124e-03	8.541285e+00	4.325283e+00	5.023915e-01	4.980479e-01	4.547817e-03	8.543657e+00	4.357928e+00	4.930144e-01
1.694934e-01	5.568011e-01	4.748515e-01	4.695562e-02	-1.044860e+01	-4.676263e+00	-6.365478e-03	4.768463e-01	4.879584e-02	-1.046757e+01	-4.707969e+00	-5.020961e-03
9.361539e-01	6.960294e-01	7.536089e-01	4.810131e-02	4.272160e+00	2.512579e+00	-1.219271e+00	7.514810e-01	4.676041e-02	4.274210e+00	2.540195e+00	-1.196604e+00
5.700610e-01	9.717730e-02	-2.738277e-01	-6.119907e-04	1.627566e+00	8.207040e-01	-1.358371e+00	-2.719158e-01	8.702688e-05	1.613100e+00	8.119230e-01	-1.355363e+00
6.150070e-01	9.900528e-01	-2.612925e-02	9.016260e-01	3.847881e+00	7.388931e+00	6.536943e-01	-2.343618e-02	8.987681e-01	3.890859e+00	7.392219e+00	6.441475e-01
1.400847e-01	5.183296e-01	6.339151e-01	2.958313e-02	-9.411882e+00	-4.330857e+00	4.324210e-02	6.359578e-01	3.075065e-02	-9.433456e+00	-4.360770e+00	4.499022e-02
8.773723e-01	7.407681e-01	5.246758e-01	1.150571e-01	6.978056e+00	4.382851e+00	-1.227807e+00	5.218974e-01	1.131544e-01	6.976711e+00	4.404872e+00	-1.211890e+00
6.970153e-01	7.024837e-01	-2.635861e-01	2.007056e-01	1.067743e+01	7.016995e+00	9.235874e-02	-2.628775e-01	1.983500e-01	1.068288e+01	7.035570e+00	8.302636e-02
3.594914e-01	2.935923e-01	-5.075461e-01	7.397115e-03	-7.645075e+00	-3.658875e+00	-6.030573e-01	-5.060758e-01	6.717642e-03	-7.646041e+00	-3.685735e+00	-5.973891e-01
8.093605e-01	8.101127e-01	2.076129e-01	2.464815e-01	7.785926e+00	5.679835e+00	-1.033595e+00	2.047084e-01	2.428084e-01	7.773189e+00	5.684925e+00	-1.032313e+00
8.670716e-01	9.132397e-01	1.830880e-01	2.853422e-01	3.748550e+00	3.728921e+00	-2.013671e+00	1.806404e-01	2.821040e-01	3.743838e+00	3.725347e+00	-2.013823e+00
5.113424e-01	5.015163e-01	-9.984787e-01	6.231803e-02	1.400665e+00	1.458309e+00	1.311602e-02	-9.974503e-01	6.322144e-02	1.399036e+00	1.455881e+00	3.923344e-03
7.982946e-01	6.499636e-01	2.654250e-01	1.083376e-01	1.132824e+01	6.628883e+00	-4.483782e-01	2.662559e-01	1.056719e-01	1.133612e+01	6.643549e+00	-4.389496e-01
7.019665e-01	7.957921e-01	-1.771190e-01	3.272353e-01	8.828000e+00	6.839291e+00	-5.887836e-03	-1.778785e-01	3.229938e-01	8.803689e+00	6.837107e+00	6.482005e-04
8.900046e-01	3.379955e-01	6.733533e-01	3.923237e-03	7.041729e+00	3.575278e+00	5.859799e-01	6.728711e-01	4.420689e-03	7.046942e+00	3.601946e+00	5.704687e-01
3.755832e-01	9.398274e-02	-2.080818e-01	6.244481e-04	-2.579293e+00	-1.277130e+00	-1.075322e+00	-2.065096e-01	7.213342e-05	-2.573056e+00	-1.281923e+00	-1.066498e+00
5.782800e-01	3.594320e-02	-1.001045e-01	-6.096065e-04	6.836514e-01	3.384390e-01	-1.378207e+00	-9.932230e-02	1.618824e-06	6.688781e-01	3.347093e-01	-1.375780e+00
4.655981e-01	5.426446e-01	-9.695789e-01	8.485305e-02	-2.029110e+00	-5.844949e-02	2.371425e-01	-9.679773e-01	8.620262e-02	-2.035586e+00	-6.465411e-02	2.196227e-01
2.865417e-01	5.908331e-01	-2.195571e-01	9.313795e-02	-1.108756e+01	-4.556823e+00	2.216872e-01	-2.183829e-01	9.547072e-02	-1.109541e+01	-4.578186e+00	2.195919e-01
3.050119e-02	3.734911e-02	1.169822e-01	1.525253e-03	-2.830618e-01	-1.506683e-01	1.510317e+00	1.149234e-01	1.861757e-07	-2.801864e-01	-1.400633e-01	1.531439e+00
8.225999e-01	3.601909e-01	3.988461e-01	8.389533e-03	1.030669e+01	5.265098e+00	2.798562e-01	3.986913e-01	8.902563e-03	1.030953e+01	5.303061e+00	2.717997e-01
1.270613e-01	5.222432e-01	6.940846e-01	2.784291e-02	-8.736230e+00	-4.017612e+00	2.751651e-02	6.961865e-01	2.891072e-02	-8.756701e+00	-4.046198e+00	3.111699e-02
7.699930e-01	2.158216e-01	7.783651e-02	-7.982254e-04	7.849192e+00	3.943061e+00	1.458249e-01	7.858863e-02	1.434818e-03	7.846800e+00	3.963289e+00	1.507179e-01
6.228902e-01	8.534829e-02	-1.910654e-01	-1.082301e-03	2.339339e+00	1.157399e+00	-1.089061e+00	-1.897993e-01	4.915593e-05	2.324983e+00	1.165947e+00	-1.085167e+00
5.168261e-02	5.313545e-01	9.410928e-01	1.310650e-02	-3.881388e+00	-1.771762e+00	-4.010123e-02	9.431422e-01	1.288612e-02	-3.892913e+00	-1.800948e+00	-2.283644e-02
5.406350e-01	6.374296e-01	-8.805950e-01	1.641107e-01	3.915069e+00	3.503328e+00	6.161474e-01	-8.787935e-01	1.637497e-01	3.910003e+00	3.496345e+00	6.029900e-01
7.260908e-01	9.758511e-01	-1.391238e-02	6.935229e-01	3.724099e+00	6.096188e+00	-7.072802e-01	-1.134329e-02	6.875498e-01	3.759975e+00	6.107373e+00	-6.944166e-01
5.163003e-01	3.229568e-01	-8.459412e-01	1.063228e-02	1.224974e+00	8.048085e-01	-8.393166e-01	-8.448186e-01	1.086446e-02	1.225676e+00	8.146816e-01	-8.258477e-01
7.951856e-01	2.708327e-01	2.103248e-01	1.496255e-03	9.120122e+00	4.607769e+00	2.814124e-01	2.105983e-01	3.227917e-03	9.117335e+00	4.630178e+00	2.833497e-01
4.389715e-01	7.845722e-02	-2.279551e-01	5.464852e-04	-1.145759e+00	-5.733275e-01	-1.416613e+00	-2.262733e-01	3.719634e-05	-1.145208e+00	-5.697595e-01	-1.412685e+00
2.535169e-02	9.626474e-01	1.231992e-01	6.373337e-02	-1.206616e-02	3.825957e-01	-1.382363e-01	1.155951e-01	6.832296e-02	5.053341e-02	4.511108e-01	-1.955922e-01
8.359795e-01	6.959738e-01	4.207807e-01	1.180952e-01	9.463488e+00	5.715372e+00	-8.033392e-01	4.198914e-01	1.156186e-01	9.462563e+00	5.728031e+00	-7.872611e-01
4.089531e-01	1.732950e-01	-4.378959e-01	1.557618e-03	-3.508830e+00	-1.722236e+00	-1.139484e+00	-4.354627e-01	8.652275e-04	-3.503487e+00	-1.721787e+00	-1.129364e+00
1.564377e-01	2.502434e-01	3.926899e-01	2.599984e-03	-7.377584e+00	-3.618147e+00	6.171393e-01	3.924535e-01	1.850614e-03	-7.370134e+00	-3.640695e+00	6.209533e-01
5.492265e-01	7.145955e-01	-7.453235e-01	2.585731e-01	4.418291e+00	4.362447e+00	8.950365e-01	-7.441529e-01	2.576481e-01	4.430462e+00	4.378536e+00	8.709468e-01
6.601971e-01	2.799343e-01	-4.135393e-01	4.044563e-03	8.262960e+00	4.220414e+00	-5.376012e-01	-4.119852e-01	5.379388e-03	8.257142e+00	4.243871e+00	-5.402419e-01
9.548644e-01	7.378964e-01	7.066165e-01	4.332381e-02	2.798340e+00	1.712824e+00	-1.506791e+00	7.041783e-01	4.189811e-02	2.806162e+00	1.743764e+00	-1.486066e+00
5.543540e-01	6.117205e-01	-8.866670e-01	1.382590e-01	4.861197e+00	3.785273e+00	4.835685e-01	-8.848049e-01	1.379906e-01	4.854414e+00	3.780674e+00	4.715022e-01
4.196002e-01	2.477315e-01	-6.165880e-01	4.201740e-03	-4.211266e+00	-2.010942e+00	-9.902586e-01	-6.143592e-01	3.646879e-03	-4.210656e+00	-2.017001e+00	-9.774086e-01
3.559730e-01	7.578456e-01	-4.266160e-01	2.928527e-01	-5.252733e+00	-2.669932e-01	9.403998e-01	-4.259007e-01	2.966610e-01	-5.247559e+00	-2.750614e-01	9.293470e-01
1.439446e-02	1.160734e-01	3.572579e-01	3.289282e-04	-4.081947e-01	-2.361279e-01	1.454877e+00	3.551697e-01	8.205935e-06	-4.044864e-01	-2.018190e-01	1.461798e+00
4.600355e-02	4.072972e-02	1.244655e-01	8.134544e-04	-4.634056e-01	-2.233083e-01	1.476037e+00	1.223136e-01	3.963455e-07	-4.570411e-01	-2.284622e-01	1.493328e+00
8.554599e-01	7.036574e-01	4.950507e-01	1.096551e-01	8.559327e+00	5.178685e+00	-9.401727e-01	4.935096e-01	1.075362e-01	8.558861e+00	5.196378e+00	-9.230103e-01
4.741739e-01	9.783496e-02	-3.006082e-01	4.545748e-04	-6.061149e-01	-3.021699e-01	-1.481966e+00	-2.985667e-01	9.131566e-05	-6.104879e-01	-2.996438e-01	-1.477503e+00
4.916159e-01	4.734718e-01	-9.959465e-01	4.921126e-02	-2.332952e-01	5.183697e-01	-1.193801e-01	-9.951468e-01	5.023725e-02	-2.349619e-01	5.191431e-01	-1.284994e-01
1.732025e-01	4.338518e-01	4.526924e-01	1.813379e-02	-1.070275e+01	-5.079505e+00	1.981088e-01	4.540408e-01	1.834100e-02	-1.072298e+01	-5.107840e+00	1.979979e-01
3.985049e-01	6.158499e-01	-7.523365e-01	1.344327e-01	-6.110153e+00	-1.720325e+00	5.372918e-01	-7.508308e-01	1.365959e-01	-6.104237e+00	-1.721314e+00	5.200934e-01
6.350933e-01	4.530492e-02	-9.415245e-02	-8.578002e-04	1.352727e+00	6.550714e-01	-1.033526e+00	-9.374437e-02	3.839144e-06	1.338128e+00	6.695727e-01	-1.027601e+00
3.746129e-01	6.258597e-01	-6.522607e-01	1.392577e-01	-7.322735e+00	-2.298611e+00	5.360314e-01	-6.509593e-01	1.416785e-01	-7.314586e+00	-2.299047e+00	5.192822e-01
5.031363e-01	8.564891e-01	-4.373116e-01	5.378737e-01	2.603613e+00	5.065395e+00	1.416616e+00	-4.356485e-01	5.381041e-01	2.620964e+00	5.080086e+00	1.405233e+00
6.586933e-01	1.629351e-01	-2.679819e-01	-1.070052e-03	5.188493e+00	2.590556e+00	-7.407597e-01	-2.658416e-01	6.189991e-04	5.184932e+00	2.615260e+00	-7.437925e-01
7.056960e-02	6.424190e-01	8.133699e-01	3.813729e-02	-4.627609e+00	-1.958299e+00	-3.738799e-01	8.143816e-01	3.745221e-02	-4.627288e+00	-1.963851e+00	-3.528810e-01
2.651226e-02	5.857754e-01	9.490463e-01	1.171181e-02	-1.935284e+00	-8.335748e-01	-2.561434e-01	9.505687e-01	9.795323e-03	-1.941573e+00	-8.704544e-01	-2.280871e-01
9.402294e-01	5.754740e-01	9.049289e-01	2.098989e-02	4.610578e+00	2.505050e+00	-5.244789e-01	9.042772e-01	2.047320e-02	4.622495e+00	2.524705e+00	-5.125013e-01
3.881702e-01	6.432879e-01	-6.884341e-01	1.583286e-01	-6.320579e+00	-1.655358e+00	6.299033e-01	-6.871111e-01	1.607863e-01	-6.312122e+00	-1.656394e+00	6.141413e-01
4.582530e-01	5.456167e-01	-9.575392e-01	8.644432e-02	-2.574755e+00	-3.186054e-01	2.530208e-01	-9.558945e-01	8.786273e-02	-2.581004e+00	-3.242993e-01	2.348714e-01
9.414639e-01	3.861029e-01	8.743218e-01	3.698304e-03	4.267670e+00	2.191383e+00	4.954665e-01	8.740221e-01	4.063824e-03	4.274249e+00	2.200276e+00	4.790308e-01
9.611896e-01	9.053498e-01	2.899011e-01	8.129948e-02	1.259228e+00	1.163676e+00	-2.533797e+00	2.843216e-01	8.171206e-02	1.249967e+00	1.166512e+00	-2.504919e+00
1.957917e-01	6.936216e-02	7.253522e-02	6.769001e-04	-2.574878e+00	-1.266571e+00	5.256436e-01	7.221804e-02	1.335658e-05	-2.559856e+00	-1.278773e+00	5.123504e-01
1.007788e-01	1.822279e-02	4.807425e-02	-9.694993e-04	-4.324964e-01	-1.845460e-01	1.265398e+00	4.612466e-02	3.433195e-08	-4.254597e-01	-2.127185e-01	1.264193e+00
9.444377e-02	6.830064e-01	6.953533e-01	6.305286e-02	-5.530852e+00	-2.204896e+00	-3.989767e-01	6.957548e-01	6.362553e-02	-5.524630e+00	-2.203384e+00	-3.812351e-01
7.118951e-02	3.189760e-01	7.597622e-01	1.677901e-03	-4.550231e+00	-2.222611e+00	7.917812e-01	7.597045e-01	2.295997e-03	-4.551017e+00	-2.232320e+00	7.785696e-01
8.448746e-01	2.327289e-02	4.306811e-02	-7.713139e-04	7.687927e-01	3.813815e-01	8.732126e-01	4.101193e-02	1.373740e-07	7.596553e-01	3.798631e-01	8.795387e-01
8.144678e-01	2.818552e-01	3.050044e-01	2.060771e-03	8.991720e+00	4.543838e+00	3.845472e-01	3.051006e-01	3.473745e-03	8.991073e+00	4.569484e+00	3.835119e-01
1.181656e-01	6.967368e-01	6.001875e-01	8.372089e-02	-6.441000e+00	-2.481781e+00	-3.409816e-01	6.005004e-01	8.548591e-02	-6.433561e+00	-2.480613e+00	-3.257055e-01
6.289426e-01	8.774713e-01	-2.589441e-01	5.474066e-01	5.909893e+00	6.677648e+00	6.238974e-01	-2.588597e-01	5.448534e-01	5.901964e+00	6.676598e+00	6.366359e-01
7.350706e-01	8.034803e-01	-5.283269e-02	3.128995e-01	8.801688e+00	6.692356e+00	-3.280494e-01	-5.422416e-02	3.081971e-01	8.777058e+00	6.689995e+00	-3.207365e-01
2.820350e-01	1.774402e-01	-1.067656e-01	1.838118e-03	-6.497751e+00	-3.196762e+00	-2.675672e-01	-1.057646e-01	7.678389e-04	-6.496335e+00	-3.222203e+00	-2.655146e-01
7.506142e-01	8.068342e-01	3.928840e-03	3.037691e-01	8.671867e+00	6.549686e+00	-4.829699e-01	2.201014e-03	2.990766e-01	8.649032e+00	6.548591e+00	-4.765851e-01
9.905041e-01	4.126179e-01	9.605204e-01	1.253247e-03	7.244747e-01	3.571870e-01	3.901716e-01	9.608430e-01	8.645908e-04	7.296400e-01	3.773923e-01	3.795489e-01
3.720184e-01	7.764124e-01	-4.490200e-01	3.308943e-01	-4.130087e+00	5.344796e-01	1.064427e+00	-4.482007e-01	3.344089e-01	-4.124498e+00	5.220134e-01	1.055130e+00
3.408039e-01	9.307564e-01	-1.184540e-01	6.556454e-01	5.283493e-01	4.530085e+00	1.395848e+00	-1.165628e-01	6.585693e-01	5.477083e-01	4.519235e+00	1.393681e+00
8.584120e-01	4.289942e-01	6.140894e-01	1.480734e-02	9.638432e+00	4.990985e+00	1.808418e-01	6.141021e-01	1.457353e-02	9.656002e+00	5.031829e+00	1.707981e-01
7.508705e-01	7.545424e-01	4.546285e-03	2.326631e-01	9.984949e+00	6.803045e+00	-3.749679e-01	3.812136e-03	2.285749e-01	9.969660e+00	6.802421e+00	-3.671753e-01
1.031247e-01	9.025521e-01	2.430952e-01	2.064888e-01	-1.398867e+00	7.050967e-01	-1.996500e-01	2.402983e-01	2.112406e-01	-1.349634e+00	7.294718e-01	-2.060830e-01
5.052524e-01	8.264568e-01	-5.195496e-01	4.664517e-01	2.454076e+00	4.606305e+00	1.346501e+00	-5.183085e-01	4.664676e-01	2.472701e+00	4.622862e+00	1.330243e+00
3.200500e-01	8.955225e-01	-1.381055e-01	5.389615e-01	-1.273319e+00	3.029175e+00	1.184321e+00	-1.373475e-01	5.430757e-01	-1.239125e+00	3.019044e+00	1.174712e+00
3.892019e-01	1.083863e-02	-2.736056e-02	1.855195e-04	-2.833880e-01	-1.272781e-01	-1.205427e+00	-2.612220e-02	1.297294e-08	-2.743406e-01	-1.371631e-01	-1.204585e+00
9.053811e-01	9.128749e-02	2.362798e-01	-6.518364e-04	1.994081e+00	1.010074e+00	1.254421e+00	2.343389e-01	2.034031e-05	1.991874e+00	9.972740e-01	1.248034e+00
3.193140e-01	9.500611e-01	-6.841552e-02	6.836057e-01	1.100871e+00	4.902205e+00	1.336240e+00	-6.591585e-02	6.869448e-01	1.112061e+00	4.894351e+00	1.342594e+00
9.506062e-01	5.734378e-01	9.275354e-01	1.719521e-02	3.841880e+00	2.085514e+00	-5.204420e-01	9.269965e-01	1.671179e-02	3.852561e+00	2.101139e+00	-5.098435e-01
6.318370e-01	4.484456e-01	-6.678567e-01	3.680858e-02	9.455911e+00	5.198657e+00	-2.075571e-01	-6.672397e-01	3.702309e-02	9.468222e+00	5.229463e+00	-1.968185e-01
2.932112e-01	3.286649e-01	-2.312037e-01	1.021519e-02	-1.028014e+01	-4.947708e+00	-2.069315e-01	-2.302597e-01	9.291565e-03	-1.028116e+01	-4.970957e+00	-2.048691e-01
6.725181e-01	7.523740e-01	-3.284988e-01	2.772857e-01	9.260759e+00	6.806224e+00	2.703517e-01	-3.283288e-01	2.745098e-01	9.254050e+00	6.816175e+00	2.638523e-01
7.915785e-01	7.896175e-01	1.608371e-01	2.406797e-01	8.668584e+00	6.122686e+00	-8.108064e-01	1.585491e-01	2.367397e-01	8.651464e+00	6.124626e+00	-8.046280e-01
9.120692e-02	4.944203e-01	8.380796e-01	1.626256e-02	-6.656716e+00	-3.100905e+00	1.065505e-01	8.401113e-01	1.688899e-02	-6.675981e+00	-3.133035e+00	1.131728e-01
5.755964e-02	5.495288e-01	9.220009e-01	1.675454e-02	-4.261886e+00	-1.932266e+00	-1.056982e-01	9.240119e-01	1.640062e-02	-4.273205e+00	-1.957533e+00	-8.677252e-02
4.415306e-01	8.877034e-01	-3.246581e-01	6.097168e-01	1.170085e+00	4.729721e+00	1.564806e+00	-3.224623e-01	6.105248e-01	1.191569e+00	4.722330e+00	1.553863e+00
3.509153e-01	1.170678e-01	-2.145691e-01	7.906258e-04	-3.640048e+00	-1.797941e+00	-8.762186e-01	-2.130041e-01	1.675963e-04	-3.634212e+00	-1.808516e+00	-8.682211e-01
1.429924e-01	7.615101e-01	4.251617e-01	1.426294e-01	-5.937673e+00	-1.820171e+00	-2.515906e-01	4.241945e-01	1.460357e-01	-5.928924e+00	-1.813835e+00	-2.405213e-01
6.182178e-01	1.011235e-01	-2.317230e-01	-1.072377e-03	2.671820e+00	1.328718e+00	-1.102023e+00	-2.300894e-01	9.744088e-05	2.658752e+00	1.335158e+00	-1.099192e+00
8.410763e-02	7.009687e-01	6.971845e-01	6.283370e-02	-4.762929e+00	-1.841133e+00	-4.531953e-01	6.971050e-01	6.305426e-02	-4.754807e+00	-1.837685e+00	-4.345961e-01
7.276385e-02	8.218594e-01	4.784045e-01	1.012956e-01	-2.439138e+00	-4.820582e-01	-5.099013e-01	4.763620e-01	1.033872e-01	-2.441709e+00	-4.660745e-01	-4.964352e-01
7.062418e-01	8.134962e-02	-6.884336e-02	-1.167506e-03	3.069483e+00	1.498371e+00	-4.136996e-01	-6.863118e-02	3.491914e-05	3.059112e+00	1.532131e+00	-4.126459e-01
8.483854e-02	9.866385e-01	4.250628e-02	2.463723e-01	5.906885e-01	1.879511e+00	1.137116e-01	3.614166e-02	2.495866e-01	7.438929e-01	1.889746e+00	8.428466e-02
3.742711e-01	3.706424e-01	-6.478176e-01	1.760504e-02	-8.000186e+00	-3.690316e+00	-4.337895e-01	-6.465344e-01	1.741897e-02	-8.011369e+00	-3.723704e+00	-4.256397e-01
8.127989e-01	9.472477e-01	6.353402e-02	4.518240e-01	3.801661e+00	4.723998e+00	-1.656880e+00	6.341690e-02	4.466652e-01	3.799920e+00	4.729200e+00	-1.647756e+00
9.860001e-01	7.533777e-01	6.991691e-01	1.474953e-02	8.364699e-01	4.864867e-01	-1.638827e+00	6.968591e-01	1.416398e-02	8.474943e-01	5.365510e-01	-1.623639e+00
3.762598e-01	8.350154e-02	-1.862767e-01	5.625784e-04	-2.289975e+00	-1.133765e+00	-1.089788e+00	-1.848194e-01	4.498848e-05	-2.283873e+00	-1.138704e+00	-1.081150e+00
7.771464e-01	5.584041e-01	1.658571e-01	6.419584e-02	1.259342e+01	6.949259e+00	-1.605891e-01	1.668911e-01	6.264502e-02	1.262489e+01	6.985559e+00	-1.654477e-01
4.242222e-01	9.063535e-01	-2.600361e-01	6.549213e-01	1.207452e+00	4.965260e+00	1.595072e+00	-2.577216e-01	6.557916e-01	1.224049e+00	4.953321e+00	1.586077e+00
1.111983e-01	4.926251e-01	7.635257e-01	1.935270e-02	-7.895758e+00	-3.680567e+00	1.110275e-01	7.654868e-01	2.015787e-02	-7.916930e+00	-3.712950e+00	1.147855e-01
1.135462e-02	4.686607e-01	9.907927e-01	8.123815e-04	-8.756744e-01	-3.671010e-01	2.290865e-01	9.926257e-01	1.720539e-03	-8.767419e-01	-4.163438e-01	2.297423e-01
5.630416e-02	1.188187e-01	3.443770e-01	2.643168e-04	-1.599827e+00	-8.040643e-01	1.371307e+00	3.420886e-01	3.507213e-05	-1.586397e+00	-7.914274e-01	1.372358e+00
1.175270e-01	6.492100e-01	6.584592e-01	6.273749e-02	-7.152000e+00	-2.978020e+00	-2.782790e-01	6.597455e-01	6.410849e-02	-7.151451e+00	-2.983235e+00	-2.645673e-01
7.460444e-01	5.833686e-01	-2.502769e-02	8.427945e-02	1.267514e+01	7.168399e+00	-1.083918e-01	-2.400364e-02	8.290631e-02	1.270254e+01	7.203969e+00	-1.169244e-01
9.621716e-01	3.748708e-01	8.980030e-01	2.215147e-03	2.753064e+00	1.403007e+00	5.705266e-01	8.977548e-01	2.341377e-03	2.758066e+00	1.416508e+00	5.539888e-01
2.857125e-01	8.685983e-01	-8.915910e-02	4.401691e-01	-2.894911e+00	1.649347e+00	8.895714e-01	-8.926785e-02	4.450279e-01	-2.865649e+00	1.641286e+00	8.776363e-01
2.235964e-01	9.632216e-01	1.693803e-02	5.511541e-01	8.211771e-01	3.903618e+00	7.587142e-01	1.903814e-02	5.561565e-01	8.807361e-01	3.904720e+00	7.743750e-01
1.215545e-02	9.698779e-01	1.027591e-01	2.824953e-02	1.285574e-02	1.642716e-01	-8.060977e-02	9.421472e-02	3.378187e-02	4.872485e-02	2.333488e-01	-1.703082e-01
4.316083e-02	8.911424e-01	3.257878e-01	8.238253e-02	-7.673731e-01	1.448433e-01	-4.531770e-01	3.231029e-01	8.525040e-02	-7.462375e-01	2.008662e-01	-4.442194e-01
5.277010e-01	9.929638e-01	-2.428573e-02	9.689608e-01	3.935984e+00	7.825588e+00	1.428177e+00	-2.176914e-02	9.684719e-01	3.949438e+00	7.826726e+00	1.413961e+00
7.379741e-02	5.538542e-01	8.795546e-01	2.162817e-02	-5.371559e+00	-2.435723e+00	-1.091331e-01	8.816409e-01	2.162097e-02	-5.383852e+00	-2.457702e+00	-9.271163e-02
9.693016e-01	5.230978e-01	9.787484e-01	7.411167e-03	2.447714e+00	1.299390e+00	-2.292978e-01	9.788727e-01	7.209812e-03	2.457640e+00	1.311518e+00	-2.288367e-01
6.293984e-01	6.957483e-01	-5.624999e-01	2.164132e-01	8.679511e+00	6.170218e+00	5.052811e-01	-5.613817e-01	2.152233e-01	8.693003e+00	6.202546e+00	4.773140e-01
4.545411e-01	6.275578e-01	-8.851956e-01	1.521443e-01	-2.281216e+00	3.386593e-01	6.339608e-01	-8.834698e-01	1.535221e-01	-2.281632e+00	3.269892e-01	6.226097e-01
5.843141e-01	9.011572e-01	-2.648598e-01	6.373997e-01	4.763306e+00	6.617137e+00	1.008002e+00	-2.636739e-01	6.364807e-01	4.765499e+00	6.620506e+00	1.019461e+00
4.544729e-02	2.809636e-01	7.418042e-01	-2.889335e-04	-2.726028e+00	-1.348351e+00	9.871489e-01	7.411601e-01	8.867102e-04	-2.721662e+00	-1.341895e+00	9.668868e-01
9.504106e-01	8.902630e-01	3.264772e-01	9.786120e-02	1.742134e+00	1.524367e+00	-2.405103e+00	3.216878e-01	9.746606e-02	1.739869e+00	1.526815e+00	-2.381957e+00
4.556569e-01	6.201324e-01	-8.955318e-01	1.450783e-01	-2.267170e+00	2.941397e-01	6.010413e-01	-8.937742e-01	1.464569e-01	-2.268162e+00	2.829411e-01	5.887911e-01
2.773816e-01	1.881218e-01	-9.633499e-02	2.076894e-03	-6.879732e+00	-3.382742e+00	-2.237802e-01	-9.538948e-02	9.584204e-04	-6.878150e+00	-3.408507e+00	-2.220356e-01
4.636985e-01	3.533525e-01	-8.735435e-01	1.521549e-02	-2.365458e+00	-9.219855e-01	-6.889017e-01	-8.725392e-01	1.548825e-02	-2.369879e+00	-9.219457e-01	-6.774729e-01
5.836560e-01	7.773548e-02	-2.105711e-01	-7.735491e-04	1.542596e+00	7.718135e-01	-1.321640e+00	-2.091533e-01	3.526165e-05	1.526376e+00	7.659095e-01	-1.318452e+00
9.743938e-01	9.862098e-01	5.340254e-02	7.373843e-02	4.325978e-01	6.629514e-01	-2.995104e+00	4.275031e-02	7.601554e-02	3.954991e-01	6.602204e-01	-3.030176e+00
6.981613e-01	5.360963e-01	-3.185098e-01	6.742892e-02	1.230332e+01	6.875265e+00	-1.238437e-02	-3.179284e-01	6.710280e-02	1.232988e+01	6.915955e+00	-1.877863e-02
3.095280e-01	8.137944e-01	-2.017865e-01	3.577009e-01	-4.690508e+00	3.425978e-01	8.794248e-01	-2.017492e-01	3.623833e-01	-4.678020e+00	3.327947e-01	8.665692e-01
6.847308e-01	1.626176e-01	-1.967863e-01	-1.338094e-03	5.650565e+00	2.814726e+00	-5.449784e-01	-1.949415e-01	5.848136e-04	5.649162e+00	2.846158e+00	-5.469120e-01
9.109263e-01	8.225366e-01	4.519986e-01	1.284124e-01	4.131657e+00	2.979014e+00	-1.828788e+00	4.483608e-01	1.264262e-01	4.144591e+00	2.994513e+00	-1.820621e+00
9.497990e-01	7.257190e-01	7.238466e-01	4.500131e-02	3.193089e+00	1.931026e+00	-1.424420e+00	7.214952e-01	4.356463e-02	3.198689e+00	1.959522e+00	-1.402684e+00
6.134149e-01	4.182432e-01	-7.324356e-01	2.837190e-02	8.210570e+00	4.492215e+00	-3.294296e-01	-7.318383e-01	2.867771e-02	8.220754e+00	4.521779e+00	-3.186974e-01
9.327276e-01	8.660632e-01	3.765026e-01	1.194190e-01	2.643569e+00	2.138226e+00	-2.185610e+00	3.725189e-01	1.180177e-01	2.650671e+00	2.142951e+00	-2.171659e+00
4.521957e-02	2.636792e-02	8.147162e-02	9.101331e-04	-2.934774e-01	-1.371570e-01	1.483207e+00	7.942524e-02	6.844129e-08	-2.914545e-01	-1.457117e-01	1.502650e+00
3.764636e-01	8.105527e-01	-4.009559e-01	3.961851e-01	-2.975570e+00	1.490596e+00	1.195383e+00	-4.000658e-01	3.995416e-01	-2.964052e+00	1.475524e+00	1.184742e+00
9.872751e-01	1.504176e-01	4.560586e-01	1.756400e-03	4.570008e-01	2.250564e-01	1.419952e+00	4.537050e-01	2.045885e-05	4.573614e-01	2.294968e-01	1.393382e+00
5.941305e-01	3.808911e-01	-7.733081e-01	1.976719e-02	6.725762e+00	3.655322e+00	-4.955668e-01	-7.726961e-01	2.013401e-02	6.733081e+00	3.683702e+00	-4.862659e-01
9.699134e-01	8.421182e-01	4.715249e-01	4.783341e-02	1.340003e+00	9.762235e-01	-2.166228e+00	4.674333e-01	4.746440e-02	1.349278e+00	1.012818e+00	-2.143340e+00
8.383280e-01	4.686932e-01	5.240341e-01	2.423225e-02	1.080088e+01	5.672065e+00	2.133659e-02	5.243809e-01	2.346949e-02	1.082897e+01	5.714931e+00	1.504311e-02
4.148197e-01	2.734075e-01	-6.532236e-01	5.872995e-03	-4.772477e+00	-2.257585e+00	-8.929691e-01	-6.512715e-01	5.388930e-03	-4.773756e+00	-2.268617e+00	-8.803058e-01
5.637638e-02	8.647217e-01	3.889540e-01	9.592608e-02	-1.347989e+00	-2.080067e-02	-4.893033e-01	3.867133e-01	9.850982e-02	-1.341497e+00	1.277673e-02	-4.776921e-01
8.129004e-01	9.997166e-01	-9.581447e-04	5.590088e-01	2.324905e+00	4.436763e+00	-1.970361e+00	3.427200e-04	5.538958e-01	2.226535e+00	4.437584e+00	-1.910451e+00
9.966358e-01	5.554316e-01	9.845542e-01	1.447245e-03	2.639560e-01	1.447630e-01	-4.252833e-01	9.846553e-01	1.005863e-03	2.688290e-01	1.452803e-01	-4.215949e-01
7.689869e-01	9.447649e-01	2.003986e-02	5.345265e-01	4.367332e+00	5.538323e+00	-1.123373e+00	2.054877e-02	5.287668e-01	4.392970e+00	5.554570e+00	-1.120232e+00
8.496467e-01	2.473486e-01	4.111237e-01	5.695671e-04	7.166205e+00	3.605407e+00	6.563926e-01	4.108902e-01	1.703057e-03	7.167628e+00	3.625126e+00	6.510319e-01
4.505442e-01	1.291602e-01	-3.782888e-01	8.173883e-04	-1.509019e+00	-7.469203e-01	-1.383348e+00	-3.758208e-01	2.749483e-04	-1.508149e+00	-7.413022e-01	-1.374059e+00
9.540501e-01	6.061744e-01	9.065979e-01	2.013987e-02	3.502275e+00	1.928642e+00	-7.180856e-01	9.057766e-01	1.942294e-02	3.508831e+00	1.946666e+00	-7.028816e-01
2.286433e-01	6.717003e-01	1.140909e-01	1.301645e-01	-9.890074e+00	-3.719788e+00	1.384695e-01	1.147893e-01	1.339676e-01	-9.887371e+00	-3.747012e+00	1.328138e-01
6.181280e-01	3.581630e-01	-6.657795e-01	1.485178e-02	7.831673e+00	4.145117e+00	-5.158600e-01	-6.650081e-01	1.533572e-02	7.835814e+00	4.174813e+00	-5.083053e-01
1.135584e-01	6.715729e-01	6.480456e-01	6.968537e-02	-6.639668e+00	-2.681676e+00	-3.254156e-01	6.488719e-01	7.103785e-02	-6.635344e+00	-2.683002e+00	-3.102005e-01
5.203077e-01	7.723178e-01	-6.513702e-01	3.555824e-01	2.871789e+00	4.184698e+00	1.161016e+00	-6.505007e-01	3.550584e-01	2.887654e+00	4.202213e+00	1.140534e+00
5.201634e-01	8.521808e-01	-4.457326e-01	5.262489e-01	3.167865e+00	5.277694e+00	1.350963e+00	-4.442860e-01	5.263262e-01	3.181621e+00	5.296547e+00	1.340746e+00
5.519067e-01	5.609379e-01	-9.316480e-01	9.750408e-02	4.654566e+00	3.376287e+00	2.645310e-01	-9.299802e-01	9.769200e-02	4.649200e+00	3.369550e+00	2.578798e-01
8.766528e-01	4.034831e-01	6.819912e-01	9.910643e-03	8.479136e+00	4.358296e+00	3.092324e-01	6.818212e-01	1.001512e-02	8.491164e+00	4.394512e+00	2.965340e-01
1.340160e-01	2.878362e-02	6.181353e-02	-8.526742e-04	-8.597780e-01	-4.071428e-01	1.055455e+00	6.013625e-02	2.805309e-07	-8.465188e-01	-4.232009e-01	1.041779e+00
7.551367e-01	6.203093e-01	2.880830e-02	1.049802e-01	1.231924e+01	7.138076e+00	-1.816714e-01	2.999197e-02	1.029901e-01	1.233745e+01	7.164907e+00	-1.857896e-01
7.040793e-01	2.129647e-01	-1.782202e-01	-5.070269e-04	7.506732e+00	3.770824e+00	-3.508067e-01	-1.764839e-01	1.648503e-03	7.502946e+00	3.797917e+00	-3.525307e-01
1.363722e-01	1.454564e-02	3.158009e-02	-1.060516e-03	-4.437817e-01	-1.981866e-01	1.040219e+00	2.991255e-02	1.859682e-08	-4.338447e-01	-2.169147e-01	1.027515e+00
3.505878e-01	5.899175e-01	-5.686051e-01	1.059217e-01	-9.005753e+00	-3.397337e+00	3.571974e-01	-5.673548e-01	1.080074e-01	-9.004849e+00	-3.403890e+00	3.447173e-01
3.922442e-01	4.374751e-01	-7.657700e-01	3.400734e-02	-7.386132e+00	-3.204062e+00	-2.208027e-01	-7.644363e-01	3.454920e-02	-7.405491e+00	-3.228901e+00	-2.198394e-01
9.041579e-01	3.482558e-01	7.327581e-01	3.899619e-03	6.368930e+00	3.240865e+00	5.887440e-01	7.322128e-01	4.362318e-03	6.374700e+00	3.262507e+00	5.719296e-01
5.139895e-01	7.836524e-01	-6.270151e-01	3.771496e-01	2.600033e+00	4.176208e+00	1.210523e+00	-6.261145e-01	3.767683e-01	2.616513e+00	4.192966e+00	1.190985e+00
3.965430e-01	6.220865e-01	-7.396892e-01	1.396993e-01	-6.146905e+00	-1.700331e+00	5.599177e-01	-7.382210e-01	1.419216e-01	-6.140258e+00	-1.701301e+00	5.430523e-01
8.623630e-01	9.495198e-01	1.043209e-01	3.440070e-01	2.980954e+00	3.632419e+00	-2.179428e+00	1.024603e-01	3.406297e-01	2.945118e+00	3.624993e+00	-2.165655e+00
1.470742e-01	9.265867e-01	1.394501e-01	3.232439e-01	-9.532546e-01	1.664804e+00	1.250720e-01	1.377417e-01	3.285991e-01	-8.740245e-01	1.690791e+00	1.150348e-01
4.921163e-01	2.582449e-01	-7.266826e-01	4.557639e-03	-3.818447e-01	-9.108658e-02	-1.097355e+00	-7.242935e-01	4.446248e-03	-3.823504e-01	-8.787215e-02	-1.080082e+00
4.591359e-01	9.800316e-01	-6.384233e-02	9.152411e-01	3.547496e+00	7.371763e+00	1.711941e+00	-6.063613e-02	9.148958e-01	3.534090e+00	7.368268e+00	1.701830e+00
4.926181e-01	3.287520e-01	-8.589543e-01	1.147273e-02	-3.566345e-01	2.780180e-02	-8.175997e-01	-8.578161e-01	1.167768e-02	-3.582508e-01	3.400218e-02	-8.036041e-01
6.334006e-01	2.401461e-01	-4.602248e-01	1.830280e-03	6.453633e+00	3.279797e+00	-7.636853e-01	-4.580602e-01	3.038027e-03	6.448895e+00	3.300352e+00	-7.676315e-01
7.586417e-02	1.288805e-01	3.520753e-01	2.010167e-04	-2.285028e+00	-1.142137e+00	1.287506e+00	3.500069e-01	6.513517e-05	-2.269199e+00	-1.131567e+00	1.283270e+00
1.280466e-01	1.519034e-01	3.194762e-01	4.758537e-04	-4.167367e+00	-2.066678e+00	9.763025e-01	3.185052e-01	2.084542e-04	-4.153208e+00	-2.068370e+00	9.683301e-01
1.388279e-01	6.408744e-01	5.796363e-01	6.919023e-02	-8.249283e+00	-3.446283e+00	-2.020775e-01	5.811228e-01	7.126258e-02	-8.251352e+00	-3.458501e+00	-1.924359e-01
1.818807e-01	3.456676e-01	3.667500e-01	8.434445e-03	-1.002285e+01	-4.852531e+00	3.192990e-01	3.672202e-01	7.721045e-03	-1.002579e+01	-4.878874e+00	3.227313e-01
8.967876e-01	4.739617e-01	7.944098e-01	1.629537e-02	7.679431e+00	4.022080e+00	3.106685e-02	7.943243e-01	1.607746e-02	7.700310e+00	4.053684e+00	2.715748e-02
6.675574e-01	1.723205e-01	-2.572646e-01	-1.030564e-03	5.646480e+00	2.821326e+00	-6.637731e-01	-2.551499e-01	7.623859e-04	5.643663e+00	2.848377e+00	-6.672537e-01
1.922896e-01	4.086953e-02	4.597098e-02	3.751218e-04	-1.519753e+00	-7.446330e-01	5.683398e-01	4.541824e-02	1.584751e-06	-1.504254e+00	-7.518945e-01	5.525960e-01
1.689357e-01	2.785908e-01	3.743870e-01	3.913075e-03	-8.384303e+00	-4.097250e+00	4.938082e-01	3.743247e-01	3.048986e-03	-8.378685e+00	-4.123677e+00	4.989872e-01
1.770111e-01	8.870336e-02	1.222827e-01	5.333722e-04	-3.113680e+00	-1.534545e+00	6.823729e-01	1.217754e-01	3.268071e-05	-3.098071e+00	-1.546825e+00	6.686407e-01
1.206366e-01	4.607789e-01	7.191018e-01	1.595876e-02	-8.406875e+00	-3.961985e+00	2.051792e-01	7.207187e-01	1.667832e-02	-8.428566e+00	-3.997108e+00	2.059888e-01
2.063343e-01	3.642701e-01	2.459046e-01	1.141962e-02	-1.089113e+01	-5.250468e+00	1.954461e-01	2.466708e-01	1.063074e-02	-1.089650e+01	-5.273147e+00	1.980674e-01
5.034173e-01	6.903945e-01	-8.275837e-01	2.273255e-01	1.536898e+00	2.751818e+00	8.900627e-01	-8.261929e-01	2.271769e-01	1.539170e+00	2.743908e+00	8.804929e-01
3.931306e-02	7.994098e-01	5.723932e-01	5.071035e-02	-1.555690e+00	-4.294817e-01	-6.172644e-01	5.713980e-01	5.031065e-02	-1.558876e+00	-4.018293e-01	-5.939518e-01
6.279001e-01	8.175987e-02	-1.774746e-01	-1.095623e-03	2.314412e+00	1.142200e+00	-1.058702e+00	-1.763313e-01	4.112595e-05	2.300119e+00	1.153077e+00	-1.054556e+00
8.735778e-01	9.208716e-01	1.749507e-01	2.811674e-01	3.425906e+00	3.525279e+00	-2.112029e+00	1.724128e-01	2.781576e-01	3.413909e+00	3.519309e+00	-2.108567e+00
6.107884e-02	2.768781e-01	7.093076e-01	4.629791e-04	-3.585043e+00	-1.770364e+00	9.644818e-01	7.086347e-01	1.120796e-03	-3.579548e+00	-1.765486e+00	9.484555e-01
8.062007e-01	7.482592e-01	2.475382e-01	1.826349e-01	9.351969e+00	6.105005e+00	-7.971203e-01	2.458698e-01	1.792832e-01	9.341374e+00	6.108290e+00	-7.859415e-01
1.845216e-01	2.093499e-01	2.445581e-01	2.147228e-03	-7.026152e+00	-3.455710e+00	4.963528e-01	2.444584e-01	1.052171e-03	-7.020632e+00	-3.480160e+00	4.996600e-01
3.704724e-01	4.845230e-01	-6.873159e-01	4.975381e-02	-8.684690e+00	-3.703099e+00	-1.543757e-02	-6.858962e-01	5.061306e-02	-8.706284e+00	-3.726384e+00	-1.816322e-02
6.182545e-01	3.689139e-01	-6.755592e-01	1.681200e-02	7.972245e+00	4.239464e+00	-4.820413e-01	-6.748620e-01	1.725894e-02	7.977670e+00	4.269534e+00	-4.735965e-01
4.625348e-01	7.474704e-01	-6.940692e-01	3.092871e-01	-4.362652e-01	2.284571e+00	1.136086e+00	-6.930479e-01	3.099994e-01	-4.299278e-01	2.273424e+00	1.129051e+00
3.668413e-02	2.524374e-01	6.947331e-01	-8.436739e-04	-2.044467e+00	-1.021880e+00	1.099515e+00	6.936578e-01	4.669618e-04	-2.038107e+00	-1.007955e+00	1.079371e+00
7.133492e-01	8.952060e-01	-7.287806e-02	5.084291e-01	6.195504e+00	6.466664e+00	-2.886981e-01	-7.379558e-02	5.032932e-01	6.204358e+00	6.475435e+00	-2.873784e-01
5.116774e-01	5.321134e-01	-9.936113e-01	7.927698e-02	1.523703e+00	1.670883e+00	1.639791e-01	-9.922384e-01	8.011698e-02	1.518760e+00	1.662763e+00	1.531602e-01
1.071728e-01	4.474125e-01	7.695594e-01	1.256964e-02	-7.591465e+00	-3.591651e+00	2.606487e-01	7.710704e-01	1.323824e-02	-7.611793e+00	-3.628366e+00	2.613498e-01
5.326172e-01	2.424710e-01	-6.782681e-01	3.298312e-03	1.823139e+00	9.924833e-01	-1.126763e+00	-6.757420e-01	3.438391e-03	1.821778e+00	9.959728e-01	-1.113448e+00
2.692437e-01	3.772844e-01	-1.126975e-01	1.590422e-02	-1.138899e+01	-5.436328e+00	-5.372354e-02	-1.117644e-01	1.516663e-02	-1.139822e+01	-5.457911e+00	-5.014299e-02
2.007216e-02	3.220795e-01	8.409658e-01	-1.836210e-03	-1.331636e+00	-6.473323e-01	8.712890e-01	8.410770e-01	6.781229e-04	-1.331658e+00	-6.531963e-01	8.432463e-01
2.114486e-01	3.274977e-01	2.050013e-01	8.164257e-03	-1.036617e+01	-5.029860e+00	2.050405e-01	2.054948e-01	7.091919e-03	-1.036487e+01	-5.052508e+00	2.085662e-01
1.197629e-01	8.905265e-01	2.487358e-01	2.261355e-01	-1.897368e+00	6.037717e-01	-1.545638e-01	2.461379e-01	2.310810e-01	-1.857965e+00	6.279457e-01	-1.607284e-01
5.935923e-01	6.791019e-01	-7.051924e-01	2.045074e-01	7.084326e+00	5.318933e+00	6.289233e-01	-7.037525e-01	2.035588e-01	7.095437e+00	5.346201e+00	6.003520e-01
7.891706e-01	4.984422e-01	2.431595e-01	3.898481e-02	1.245815e+01	6.660417e+00	-6.790227e-02	2.436366e-01	3.795847e-02	1.249217e+01	6.703008e+00	-7.458300e-02
8.692111e-02	5.371065e-01	8.465567e-01	2.203974e-02	-6.300046e+00	-2.882374e+00	-4.237249e-02	8.487353e-01	2.244429e-02	-6.315448e+00	-2.907000e+00	-3.024025e-02
5.868409e-01	7.454390e-01	-6.137850e-01	2.985387e-01	6.259185e+00	5.500906e+00	8.331009e-01	-6.130308e-01	2.973593e-01	6.272606e+00	5.529733e+00	8.050492e-01
4.316597e-01	1.275810e-01	-3.570746e-01	8.727610e-04	-2.036290e+00	-1.009667e+00	-1.324243e+00	-3.547424e-01	2.588555e-04	-2.033071e+00	-1.004362e+00	-1.314918e+00
2.837763e-01	3.630826e-01	-1.923679e-01	1.430967e-02	-1.100958e+01	-5.262037e+00	-1.242581e-01	-1.914466e-01	1.352113e-02	-1.101647e+01	-5.284796e+00	-1.208186e-01
6.459169e-01	5.707782e-01	-5.947451e-01	9.539625e-02	1.038218e+01	6.157926e+00	1.472733e-01	-5.933675e-01	9.517963e-02	1.039506e+01	6.198056e+00	1.369559e-01
3.560970e-01	9.865142e-01	-3.080750e-02	8.505297e-01	3.053968e+00	6.702365e+00	1.609034e+00	-2.618911e-02	8.519873e-01	3.036246e+00	6.699927e+00	1.620329e+00
6.057746e-01	2.372273e-01	-5.361257e-01	2.127439e-03	5.310364e+00	2.713686e+00	-9.099021e-01	-5.338313e-01	2.993821e-03	5.306480e+00	2.728960e+00	-9.103110e-01
1.017833e-01	1.528598e-01	3.721428e-01	3.255904e-04	-3.476202e+00	-1.730561e+00	1.126527e+00	3.706815e-01	1.716221e-04	-3.460233e+00	-1.723380e+00	1.118632e+00
2.459582e-01	1.606820e-01	1.178902e-02	1.716644e-03	-6.065198e+00	-2.987085e+00	3.381370e-02	1.228052e-02	4.653388e-04	-6.063933e+00	-3.014591e+00	3.566110e-02
1.865676e-01	2.850956e-01	3.028723e-01	4.709989e-03	-8.994489e+00	-4.391528e+00	3.842447e-01	3.029493e-01	3.654191e-03	-8.989415e+00	-4.417803e+00	3.896557e-01
1.733742e-01	8.967646e-01	1.492505e-01	3.297701e-01	-2.105978e+00	1.191734e+00	1.900183e-01	1.475648e-01	3.350877e-01	-2.054622e+00	1.214666e+00	1.793977e-01
8.023458e-02	5.245113e-01	8.708424e-01	1.852855e-02	-5.892307e+00	-2.711024e+00	-2.646953e-03	8.730009e-01	1.887654e-02	-5.908176e+00	-2.738155e+00	9.325176e-03
4.103970e-01	9.823776e-01	-5.057609e-02	8.947704e-01	3.292747e+00	7.106746e+00	1.736289e+00	-4.679374e-02	8.946949e-01	3.271858e+00	7.100395e+00	1.732729e+00
1.120397e-01	3.978558e-01	7.225077e-01	8.204728e-03	-7.616230e+00	-3.649532e+00	4.163288e-01	7.233693e-01	8.638128e-03	-7.631498e+00	-3.685479e+00	4.146201e-01
9.694695e-01	8.655064e-01	4.071873e-01	5.373695e-02	1.226941e+00	9.601221e-01	-2.311136e+00	4.025420e-01	5.374008e-02	1.230807e+00	9.879490e-01	-2.283782e+00
8.170714e-01	2.579033e-01	2.961933e-01	8.533597e-04	8.344807e+00	4.205822e+00	4.369256e-01	2.963402e-01	2.404832e-03	8.344433e+00	4.228164e+00	4.370972e-01
1.708882e-01	6.686429e-01	4.104670e-01	9.905735e-02	-8.921318e+00	-3.524311e+00	-1.138000e-01	4.114808e-01	1.022287e-01	-8.919747e+00	-3.542535e+00	-1.087362e-01
9.293751e-01	5.567628e-01	8.893520e-01	2.158229e-02	5.446696e+00	2.935067e+00	-4.087832e-01	8.888263e-01	2.114556e-02	5.461465e+00	2.958610e+00	-3.988836e-01
5.716126e-01	2.799795e-01	-6.955298e-01	5.588502e-03	4.296802e+00	2.260995e+00	-9.113742e-01	-6.937845e-01	5.989909e-03	4.296541e+00	2.276635e+00	-9.038274e-01
7.694924e-01	1.870444e-01	6.701559e-02	-1.389921e-03	6.933009e+00	3.471461e+00	1.535618e-01	6.772757e-02	8.109036e-04	6.931697e+00	3.491860e+00	1.582725e-01
3.236796e-01	4.254366e-01	-4.355239e-01	2.794012e-02	-1.065292e+01	-4.911402e+00	-1.429160e-01	-4.343863e-01	2.786095e-02	-1.067464e+01	-4.944392e+00	-1.357551e-01
5.076104e-01	2.424102e-01	-6.918769e-01	3.498763e-03	4.719701e-01	3.185249e-01	-1.151910e+00	-6.892585e-01	3.452071e-03	4.714491e-01	3.211682e-01	-1.135717e+00
1.148376e-01	6.106198e-01	7.040653e-01	4.796836e-02	-7.476560e+00	-3.247926e+00	-2.093662e-01	7.059031e-01	4.907442e-02	-7.482976e+00	-3.259279e+00	-1.973267e-01
2.886310e-01	5.812380e-01	-2.337656e-01	8.772507e-02	-1.117417e+01	-4.642302e+00	2.067652e-01	-2.325639e-01	8.988207e-02	-1.118434e+01	-4.664336e+00	2.058031e-01
1.543634e-01	4.811401e-01	5.626282e-01	2.412853e-02	-1.011582e+01	-4.726681e+00	1.274828e-01	5.643950e-01	2.498174e-02	-1.013919e+01	-4.758063e+00	1.270631e-01
5.325894e-01	5.182443e-02	-1.598333e-01	-2.255738e-04	4.278612e-01	2.151944e-01	-1.515848e+00	-1.587066e-01	7.175597e-06	4.147355e-01	2.081985e-01	-1.517643e+00
3.366046e-01	1.344154e-01	-2.137173e-01	9.795725e-04	-4.402656e+00	-2.171456e+00	-7.478738e-01	-2.121714e-01	2.843631e-04	-4.397874e+00	-2.186244e+00	-7.415063e-01
6.337585e-02	9.899592e-01	3.777057e-02	1.869047e-01	4.733340e-01	1.448564e+00	8.732745e-02	2.907106e-02	1.899633e-01	6.138799e-01	1.458280e+00	3.167212e-02
3.223542e-01	8.098738e-01	-2.471809e-01	3.603908e-01	-4.558535e+00	4.401336e-01	9.407128e-01	-2.469639e-01	3.649240e-01	-4.547252e+00	4.299355e-01	9.281932e-01
2.546412e-01	6.815023e-01	-2.507704e-02	1.508518e-01	-9.672286e+00	-3.449361e+00	2.712130e-01	-2.454426e-02	1.547374e-01	-9.665528e+00	-3.470444e+00	2.607975e-01
7.602273e-01	5.956386e-01	6.017280e-02	8.784717e-02	1.253261e+01	7.114398e+00	-1.688496e-01	6.133947e-02	8.610017e-02	1.255684e+01	7.145727e+00	-1.740819e-01
4.715762e-01	4.118411e-01	-9.472257e-01	2.792153e-02	-1.866213e+00	-5.187482e-01	-4.197890e-01	-9.465923e-01	2.865398e-02	-1.868965e+00	-5.170304e-01	-4.186450e-01
3.488686e-01	9.295282e-01	-1.297393e-01	6.612974e-01	5.955068e-01	4.604058e+00	1.430999e+00	-1.278052e-01	6.639589e-01	6.132784e-01	4.592420e+00	1.428004e+00
8.306187e-01	9.650260e-01	5.339807e-02	4.447207e-01	3.065770e+00	4.251664e+00	-1.955254e+00	5.319903e-02	4.400261e-01	3.028804e+00	4.250242e+00	-1.931431e+00
1.242980e-01	7.308670e-01	5.318978e-01	1.062063e-01	-6.034752e+00	-2.125379e+00	-3.403176e-01	5.314618e-01	1.086109e-01	-6.025465e+00	-2.121099e+00	-3.255808e-01
9.383396e-01	1.812337e-01	5.016925e-01	5.187541e-04	2.564095e+00	1.290304e+00	1.242078e+00	4.991404e-01	2.076790e-04	2.564008e+00	1.288880e+00	1.223279e+00
6.649713e-02	7.411202e-01	6.649210e-01	6.273189e-02	-3.374464e+00	-1.184608e+00	-5.418925e-01	6.640556e-01	6.256677e-02	-3.366997e+00	-1.176967e+00	-5.228797e-01
5.744730e-01	8.418280e-01	-4.261203e-01	4.892713e-01	5.024197e+00	5.976786e+00	1.052517e+00	-4.254687e-01	4.885366e-01	5.023277e+00	5.993608e+00	1.049500e+00
1.397731e-01	7.952667e-01	3.846614e-01	1.662445e-01	-4.951442e+00	-1.201218e+00	-2.427143e-01	3.829535e-01	1.700502e-01	-4.944946e+00	-1.189505e+00	-2.338797e-01
2.016279e-01	1.636566e-01	1.471414e-01	1.593322e-03	-5.890574e+00	-2.902549e+00	4.104091e-01	1.471790e-01	4.246133e-04	-5.886371e+00	-2.927619e+00	4.102287e-01
1.642665e-01	8.145741e-01	2.839630e-01	2.128063e-01	-4.877331e+00	-8.470833e-01	-7.323313e-02	2.822239e-01	2.172553e-01	-4.867421e+00	-8.334486e-01	-7.140458e-02
6.651968e-01	5.230654e-01	-5.074430e-01	6.507748e-02	1.127374e+01	6.352916e+00	2.868176e-04	-5.066435e-01	6.499893e-02	1.129296e+01	6.392074e+00	-5.516149e-04
3.588308e-01	8.771998e-01	-2.387786e-01	5.315391e-01	-1.255663e+00	3.058239e+00	1.330725e+00	-2.377195e-01	5.348172e-01	-1.226740e+00	3.044751e+00	1.318501e+00
3.924453e-01	8.165988e-01	-4.261362e-01	4.166959e-01	-2.241528e+00	1.984895e+00	1.270206e+00	-4.250753e-01	4.195234e-01	-2.227507e+00	1.968716e+00	1.259245e+00
4.391350e-01	3.769447e-01	-8.603262e-01	1.948193e-02	-4.124973e+00	-1.742183e+00	-5.514975e-01	-8.592935e-01	1.982084e-02	-4.133011e+00	-1.751008e+00	-5.434313e-01
4.626799e-01	3.013783e-01	-7.910490e-01	8.271337e-03	-2.257659e+00	-9.673519e-01	-9.073311e-01	-7.893448e-01	8.193246e-03	-2.260793e+00	-9.672810e-01	-8.911470e-01
7.476089e-01	5.027204e-01	-1.518750e-02	4.614517e-02	1.289374e+01	6.967522e+00	-6.399125e-02	-1.502258e-02	4.550185e-02	1.292654e+01	7.006337e+00	-7.020664e-02
2.322132e-01	8.995737e-01	3.510451e-02	4.313110e-01	-1.983691e+00	1.941027e+00	6.099558e-01	3.460514e-02	4.364703e-01	-1.934110e+00	1.944126e+00	6.003156e-01
3.838915e-01	5.435528e-01	-7.400612e-01	7.997885e-02	-7.689229e+00	-2.940645e+00	2.223737e-01	-7.385195e-01	8.154743e-02	-7.697357e+00	-2.948518e+00	2.086373e-01
9.064713e-01	6.242378e-01	7.706763e-01	4.503916e-02	6.715484e+00	3.750945e+00	-7.448585e-01	7.696511e-01	4.397722e-02	6.724802e+00	3.785098e+00	-7.256764e-01
1.168988e-01	9.398313e-01	1.420315e-01	2.751382e-01	-4.849475e-01	1.567556e+00	9.704679e-03	1.394548e-01	2.801256e-01	-3.903009e-01	1.593207e+00	-1.231194e-03
6.277078e-01	3.349060e-01	-6.045521e-01	1.093671e-02	7.985199e+00	4.171997e+00	-5.536356e-01	-6.035749e-01	1.158132e-02	7.985655e+00	4.200312e+00	-5.488715e-01
1.392728e-01	7.940246e-01	3.880909e-01	1.646488e-01	-4.973223e+00	-1.222198e+00	-2.467393e-01	3.864009e-01	1.684246e-01	-4.966716e+00	-1.210667e+00	-2.376822e-01
6.200725e-01	5.334610e-01	-7.259852e-01	7.531205e-02	9.115153e+00	5.379241e+00	7.344435e-02	-7.246342e-01	7.529222e-02	9.123497e+00	5.408584e+00	7.323979e-02
8.938918e-01	7.885966e-01	4.879077e-01	1.285432e-01	5.426002e+00	3.658412e+00	-1.556508e+00	4.843972e-01	1.265450e-01	5.431780e+00	3.678702e+00	-1.546102e+00
1.516756e-01	3.117225e-01	4.808015e-01	4.844159e-03	-8.449106e+00	-4.112321e+00	5.170155e-01	4.808293e-01	4.330887e-03	-8.447746e+00	-4.140512e+00	5.205176e-01
2.484896e-01	7.439458e-01	6.998181e-03	2.111014e-01	-7.903953e+00	-2.195933e+00	3.440360e-01	6.836642e-03	2.155658e-01	-7.893705e+00	-2.208292e+00	3.315006e-01
3.353336e-02	5.698895e-01	9.526966e-01	1.242617e-02	-2.479245e+00	-1.092978e+00	-1.949465e-01	9.544088e-01	1.109139e-02	-2.487198e+00	-1.126825e+00	-1.697945e-01
7.624581e-01	8.767648e-01	3.140450e-02	4.062457e-01	6.557744e+00	6.014115e+00	-7.899536e-01	2.952377e-02	4.011774e-01	6.560234e+00	6.025511e+00	-7.952731e-01
3.420821e-01	8.212566e-01	-2.916700e-01	3.958600e-01	-3.667310e+00	1.107763e+00	1.079220e+00	-2.911792e-01	4.000565e-01	-3.653889e+00	1.095819e+00	1.067185e+00
1.106325e-01	8.464516e-01	3.588079e-01	1.708010e-01	-2.913998e+00	-2.318046e-01	-3.148000e-01	3.562590e-01	1.748485e-01	-2.907401e+00	-2.143019e-01	-3.105334e-01
1.274894e-01	3.972875e-01	6.592167e-01	9.413093e-03	-8.444534e+00	-4.048147e+00	3.833441e-01	6.600412e-01	9.713361e-03	-8.460140e+00	-4.083375e+00	3.827044e-01
7.972948e-01	1.499181e-01	1.328527e-01	-1.454741e-03	5.463938e+00	2.731271e+00	4.076539e-01	1.328649e-01	3.003795e-04	5.460231e+00	2.742137e+00	4.092266e-01
2.292519e-01	7.222521e-01	9.951931e-02	1.752014e-01	-8.559203e+00	-2.766802e+00	1.987369e-01	9.957408e-02	1.794738e-01	-8.549997e+00	-2.784047e+00	1.900218e-01
7.200361e-01	6.411473e-01	-1.701711e-01	1.318633e-01	1.194617e+01	7.170152e+00	-3.231516e-02	-1.690572e-01	1.301879e-01	1.196268e+01	7.199666e+00	-4.308361e-02
6.939480e-01	5.427244e-01	-3.425274e-01	7.146922e-02	1.218784e+01	6.851928e+00	1.758978e-03	-3.418467e-01	7.114679e-02	1.221334e+01	6.893223e+00	-5.484007e-03
2.517996e-01	3.456963e-01	-1.078385e-02	1.116434e-02	-1.099871e+01	-5.303951e+00	5.239606e-03	-1.000401e-02	1.015559e-02	-1.100034e+01	-5.323909e+00	7.496701e-03
1.815983e-01	9.084497e-01	1.194887e-01	3.624730e-01	-1.682171e+00	1.598246e+00	2.831815e-01	1.181949e-01	3.678285e-01	-1.620870e+00	1.618946e+00	2.727947e-01
5.833916e-01	4.008516e-01	-8.247107e-01	2.457306e-02	6.225140e+00	3.464016e+00	-4.364701e-01	-8.241779e-01	2.493774e-02	6.233479e+00	3.490011e+00	-4.273238e-01
4.620059e-01	9.472824e-01	-1.631728e-01	7.995003e-01	2.895037e+00	6.511130e+00	1.661607e+00	-1.601857e-01	7.994969e-01	2.886079e+00	6.506979e+00	1.655982e+00
1.533521e-01	5.862297e-01	5.478308e-01	5.275664e-02	-9.556084e+00	-4.199026e+00	-7.952809e-02	5.498069e-01	5.472412e-02	-9.569963e+00	-4.224885e+00	-7.545006e-02
5.058887e-01	6.114540e-01	-9.405159e-01	1.393236e-01	1.359058e+00	2.063079e+00	5.443066e-01	-9.386807e-01	1.397593e-01	1.350917e+00	2.046872e+00	5.344031e-01
1.811115e-02	8.721231e-01	3.900891e-01	3.173521e-02	-4.093575e-01	-6.401218e-02	-5.535344e-01	3.884885e-01	3.289824e-02	-4.070606e-01	2.280179e-02	-5.291324e-01
9.321174e-01	5.651330e-01	8.920098e-01	2.206647e-02	5.229307e+00	2.827950e+00	-4.582364e-01	8.914185e-01	2.158808e-02	5.243101e+00	2.850750e+00	-4.471781e-01
6.966504e-01	9.224985e-01	-7.931778e-02	5.952998e-01	5.392326e+00	6.539203e+00	-1.586605e-01	-7.930629e-02	5.903427e-01	5.420636e+00	6.549952e+00	-1.574389e-01
7.072382e-01	1.525397e-01	-1.238310e-01	-1.575828e-03	5.597750e+00	2.781535e+00	-3.707807e-01	-1.223993e-01	4.306663e-04	5.597578e+00	2.815728e+00	-3.705271e-01
5.762882e-01	6.067148e-01	-8.397549e-01	1.319961e-01	6.344363e+00	4.464329e+00	4.215033e-01	-8.379037e-01	1.316267e-01	6.340598e+00	4.471999e+00	4.080400e-01
4.241308e-01	7.364438e-01	-6.554999e-01	2.838666e-01	-2.697408e+00	9.983544e-01	1.057857e+00	-6.544535e-01	2.858271e-01	-2.694650e+00	9.813833e-01	1.053066e+00
9.343661e-01	9.255677e-01	2.173983e-01	1.505783e-01	1.839262e+00	1.899149e+00	-2.546669e+00	2.122854e-01	1.502549e-01	1.816386e+00	1.882221e+00	-2.528321e+00
4.508395e-01	1.132388e-01	-3.340523e-01	6.884336e-04	-1.324658e+00	-6.590994e-01	-1.410272e+00	-3.318101e-01	1.624729e-04	-1.324789e+00	-6.537856e-01	-1.402716e+00
9.848403e-01	8.388973e-01	4.867874e-01	2.317794e-02	6.850619e-01	4.678048e-01	-2.170754e+00	4.825889e-01	2.357830e-02	6.918202e-01	5.145479e-01	-2.144716e+00
1.246634e-01	9.208410e-01	1.767852e-01	2.692664e-01	-1.063648e+00	1.266766e+00	-2.446249e-02	1.744076e-01	2.744530e-01	-9.902364e-01	1.293158e+00	-3.491378e-02
8.698956e-01	5.188380e-01	6.825358e-01	2.973475e-02	9.345453e+00	4.983967e+00	-1.719737e-01	6.828713e-01	2.880105e-02	9.372125e+00	5.019126e+00	-1.680060e-01
5.912753e-01	3.990029e-01	-7.986398e-01	2.395841e-02	6.713059e+00	3.698921e+00	-4.324847e-01	-7.980774e-01	2.431079e-02	6.721575e+00	3.726361e+00	-4.229313e-01
5.476252e-02	3.351976e-01	8.178003e-01	1.074702e-03	-3.654740e+00	-1.780308e+00	7.685584e-01	8.180062e-01	2.161187e-03	-3.657694e+00	-1.790162e+00	7.513866e-01
8.028529e-01	4.633014e-03	6.754398e-03	-3.427267e-06	1.796208e-01	7.408765e-02	5.097750e-01	4.744987e-03	2.674636e-10	1.729052e-01	8.645293e-02	5.120481e-01
3.334995e-01	3.981689e-01	-4.766337e-01	2.204302e-02	-1.008864e+01	-4.690659e+00	-2.346995e-01	-4.754897e-01	2.177363e-02	-1.010567e+01	-4.724727e+00	-2.277181e-01
5.373955e-01	9.198548e-01	-2.445031e-01	7.109165e-01	3.816693e+00	6.541154e+00	1.343326e+00	-2.422862e-01	7.110056e-01	3.820662e+00	6.548057e+00	1.347653e+00
3.463463e-01	3.469535e-01	-5.057569e-01	1.336768e-02	-9.006664e+00	-4.252121e+00	-4.091920e-01	-5.045400e-01	1.283482e-02	-9.013730e+00	-4.284908e+00	-4.028497e-01
7.375008e-01	4.522180e-01	-7.723159e-02	3.080389e-02	1.263761e+01	6.705521e+00	-6.154019e-02	-7.757162e-02	3.070982e-02	1.265839e+01	6.736653e+00	-6.302140e-02
2.246054e-01	4.524396e-01	1.556178e-01	2.700368e-02	-1.200450e+01	-5.628720e+00	8.430427e-02	1.571128e-01	2.717413e-02	-1.202827e+01	-5.653766e+00	8.725481e-02
1.408577e-01	1.763876e-01	3.338482e-01	8.952320e-04	-5.119318e+00	-2.531708e+00	8.514485e-01	3.332292e-01	4.145103e-04	-5.108305e+00	-2.540053e+00	8.472435e-01
4.983678e-01	4.189256e-01	-9.681132e-01	3.004953e-02	1.680249e-01	5.189207e-01	-3.961532e-01	-9.676874e-01	3.079939e-02	1.693654e-01	5.258023e-01	-3.955051e-01
9.148450e-01	3.623942e-01	7.816181e-01	4.120111e-03	5.861846e+00	2.991854e+00	5.571381e-01	7.811069e-01	4.559231e-03	5.868202e+00	3.009586e+00	5.400025e-01
5.805882e-01	6.322641e-01	-8.019031e-01	1.553072e-01	6.554688e+00	4.731627e+00	5.106108e-01	-8.001044e-01	1.547121e-01	6.554724e+00	4.745534e+00	4.916367e-01
1.309543e-02	6.635370e-01	8.672662e-01	1.203957e-02	-8.542453e-01	-3.308288e-01	-5.001922e-01	8.679531e-01	7.972744e-03	-8.514096e-01	-3.536116e-01	-4.651361e-01
1.780366e-01	9.610693e-01	5.283660e-02	4.476055e-01	4.147306e-01	3.064189e+00	4.486758e-01	5.330264e-02	4.526820e-01	5.050530e-01	3.078641e+00	4.547272e-01
1.486634e-01	4.146243e-01	5.722426e-01	1.307407e-02	-9.596438e+00	-4.582347e+00	2.890726e-01	5.733002e-01	1.330663e-02	-9.614381e+00	-4.614631e+00	2.889539e-01
8.535050e-02	9.968733e-01	1.563686e-02	2.589632e-01	8.170761e-01	2.068596e+00	1.802159e-01	8.443693e-03	2.616370e-01	9.867634e-01	2.068127e+00	1.455896e-01
5.021950e-01	5.953848e-01	-9.571646e-01	1.250246e-01	1.018152e+00	1.786688e+00	4.731758e-01	-9.553459e-01	1.256553e-01	1.009778e+00	1.771182e+00	4.622872e-01
6.707734e-02	7.499600e-01	6.463285e-01	6.613758e-02	-3.289165e+00	-1.120523e+00	-5.461113e-01	6.453109e-01	6.616969e-02	-3.282633e+00	-1.111931e+00	-5.274858e-01
2.099062e-01	8.980535e-01	7.942414e-02	3.932761e-01	-2.107636e+00	1.623111e+00	4.463646e-01	7.847409e-02	3.985092e-01	-2.056370e+00	1.634301e+00	4.358678e-01
2.051402e-01	1.906883e-01	1.567689e-01	2.047211e-03	-6.793068e+00	-3.343358e+00	3.599438e-01	1.568378e-01	7.943400e-04	-6.789532e+00	-3.369772e+00	3.624875e-01
3.655059e-02	4.720670e-01	9.680646e-01	5.064994e-03	-2.793022e+00	-1.292582e+00	2.066772e-01	9.699983e-01	5.689892e-03	-2.801399e+00	-1.328380e+00	2.115460e-01
5.648410e-01	6.570950e-02	-1.894630e-01	-5.787313e-04	1.037706e+00	5.210534e-01	-1.413439e+00	-1.881929e-01	1.825740e-05	1.021693e+00	5.125134e-01	-1.411613e+00
7.755271e-01	4.532889e-01	1.581106e-01	2.777347e-02	1.248850e+01	6.579681e+00	-7.446975e-03	1.579880e-01	2.736538e-02	1.251323e+01	6.618840e+00	-1.381705e-02
5.243902e-01	4.407629e-01	-9.716560e-01	3.691357e-02	2.222327e+00	1.616078e+00	-2.916130e-01	-9.712163e-01	3.763083e-02	2.226632e+00	1.625576e+00	-2.917711e-01
4.007633e-01	5.596402e-01	-7.992539e-01	9.162733e-02	-6.538168e+00	-2.266600e+00	3.023705e-01	-7.976183e-01	9.336390e-02	-6.541755e+00	-2.269907e+00	2.847983e-01
1.552409e-01	1.819288e-01	3.037820e-01	1.184851e-03	-5.625408e+00	-2.776961e+00	7.444762e-01	3.033718e-01	5.133416e-04	-5.616625e+00	-2.791383e+00	7.424575e-01
8.617849e-01	9.461145e-01	1.106960e-01	3.405143e-01	3.072484e+00	3.665440e+00	-2.154146e+00	1.088415e-01	3.370902e-01	3.041224e+00	3.658346e+00	-2.142089e+00
3.733096e-01	2.707452e-01	-5.275179e-01	5.632728e-03	-6.676410e+00	-3.206876e+00	-7.282318e-01	-5.258269e-01	4.953311e-03	-6.676430e+00	-3.228444e+00	-7.214870e-01
6.439992e-01	4.087344e-01	-5.930791e-01	2.473655e-02	9.714475e+00	5.199849e+00	-3.041553e-01	-5.926402e-01	2.510270e-02	9.723055e+00	5.230021e+00	-2.936385e-01
2.538730e-02	1.561533e-01	4.672161e-01	-3.654659e-04	-9.450871e-01	-4.945196e-01	1.372175e+00	4.651477e-01	4.737076e-05	-9.391651e-01	-4.677624e-01	1.368885e+00
7.159718e-01	6.589236e-01	-1.873239e-01	1.486579e-01	1.165858e+01	7.146286e+00	-1.620615e-02	-1.862793e-01	1.467604e-01	1.167211e+01	7.172420e+00	-2.627245e-02
2.709694e-02	2.219727e-01	6.343653e-01	-1.174659e-03	-1.369896e+00	-6.967756e-01	1.207988e+00	6.329020e-01	2.064162e-04	-1.363604e+00	-6.762226e-01	1.190481e+00
2.310753e-01	6.718924e-01	1.010594e-01	1.314814e-01	-9.899604e+00	-3.713228e+00	1.496633e-01	1.017466e-01	1.352894e-01	-9.896654e+00	-3.740192e+00	1.436061e-01
1.971150e-02	1.041094e-01	3.209718e-01	5.927980e-04	-5.038189e-01	-2.779582e-01	1.466525e+00	3.188082e-01	7.270281e-06	-4.984529e-01	-2.488075e-01	1.476315e+00
7.999155e-01	1.785453e-01	1.638926e-01	-1.296461e-03	6.374756e+00	3.193334e+00	4.060345e-01	1.641168e-01	5.975455e-04	6.372143e+00	3.206152e+00	4.090604e-01
6.527458e-01	2.381833e-01	-3.924463e-01	1.375973e-03	7.055659e+00	3.574461e+00	-6.577476e-01	-3.903594e-01	2.854940e-03	7.050586e+00	3.597211e+00	-6.628130e-01
9.944219e-02	2.431727e-01	5.618420e-01	1.194865e-03	-5.077919e+00	-2.506451e+00	9.314011e-01	5.610825e-01	1.074712e-03	-5.067347e+00	-2.507156e+00	9.252151e-01
7.222664e-01	8.556957e-01	-7.441732e-02	4.157173e-01	7.355074e+00	6.547315e+00	-3.012268e-01	-7.593368e-02	4.106584e-01	7.340058e+00	6.549500e+00	-2.965968e-01
8.302192e-01	3.971837e-01	4.580824e-01	1.260847e-02	1.055196e+01	5.429546e+00	2.171836e-01	4.579840e-01	1.265356e-02	1.056203e+01	5.472164e+00	2.071427e-01
6.680848e-01	2.049849e-01	-2.977141e-01	-2.660453e-04	6.600791e+00	3.317640e+00	-6.148351e-01	-2.955464e-01	1.525089e-03	6.596951e+00	3.343115e+00	-6.197724e-01
2.931482e-01	8.963351e-01	-8.608043e-02	5.092708e-01	-1.618277e+00	2.658283e+00	1.021137e+00	-8.568138e-02	5.139155e-01	-1.580306e+00	2.649960e+00	1.012028e+00
1.300290e-02	8.550936e-02	2.665910e-01	1.136929e-03	-2.762548e-01	-1.727478e-01	1.495426e+00	2.645309e-01	2.183353e-06	-2.720891e-01	-1.358913e-01	1.509490e+00
2.078868e-01	2.653315e-02	2.213031e-02	5.107224e-04	-1.024372e+00	-5.002944e-01	4.225874e-01	2.177477e-02	3.011669e-07	-1.009814e+00	-5.048390e-01	4.093812e-01
1.814361e-01	5.830414e-01	4.016278e-01	6.003937e-02	-1.058899e+01	-4.627560e+00	-1.806530e-02	4.034674e-01	6.235826e-02	-1.060403e+01	-4.660296e+00	-1.637442e-02
4.214247e-01	8.926709e-01	-2.934180e-01	6.146019e-01	7.666867e-01	4.545227e+00	1.559912e+00	-2.913245e-01	6.157393e-01	7.889622e-01	4.533113e+00	1.549055e+00
8.174429e-01	3.418177e-01	3.615798e-01	6.642461e-03	1.015539e+01	5.173389e+00	2.961158e-01	3.614514e-01	7.407160e-03	1.015602e+01	5.208031e+00	2.899109e-01
2.594239e-01	3.796926e-01	-5.594182e-02	1.586685e-02	-1.149031e+01	-5.489849e+00	-1.523703e-02	-5.500093e-02	1.512510e-02	-1.149963e+01	-5.510807e+00	-1.191112e-02
5.902948e-01	2.680641e-01	-6.310996e-01	4.372984e-03	5.114133e+00	2.649738e+00	-8.880600e-01	-6.291906e-01	4.957260e-03	5.112247e+00	2.667081e+00	-8.843409e-01
6.241487e-01	4.094118e-01	-6.828458e-01	2.565458e-02	8.726973e+00	4.718571e+00	-3.410686e-01	-6.822850e-01	2.598580e-02	8.736494e+00	4.749074e+00	-3.302950e-01
5.520471e-01	4.361266e-01	-9.284831e-01	3.516841e-02	4.275956e+00	2.617163e+00	-3.099735e-01	-9.280012e-01	3.569594e-02	4.283010e+00	2.632591e+00	-3.057492e-01
2.944662e-01	9.484524e-01	-4.669535e-02	6.421834e-01	7.537854e-01	4.484704e+00	1.184649e+00	-4.446341e-02	6.462985e-01	7.781291e-01	4.477610e+00	1.192411e+00
7.636052e-01	1.401139e-01	3.598589e-02	-1.634747e-03	5.344862e+00	2.659662e+00	1.184337e-01	3.638086e-02	2.606334e-04	5.342457e+00	2.682389e+00	1.208847e-01
8.684672e-01	4.874312e-01	6.767249e-01	2.335452e-02	9.395029e+00	4.952833e+00	-3.737924e-02	6.769668e-01	2.266766e-02	9.421724e+00	4.989888e+00	-3.919592e-02
8.945515e-01	7.998546e-01	4.672992e-01	1.351826e-01	5.204377e+00	3.586097e+00	-1.617983e+00	4.637155e-01	1.331257e-01	5.212167e+00	3.604707e+00	-1.609571e+00
4.252137e-01	2.247026e-02	-6.423447e-02	3.240108e-04	-4.052103e-01	-1.970722e-01	-1.394178e+00	-6.288902e-02	2.479329e-07	-4.012914e-01	-2.005795e-01	-1.397058e+00
2.686778e-01	5.416341e-01	-1.174942e-01	6.275943e-02	-1.187731e+01	-5.208597e+00	1.090098e-01	-1.160870e-01	6.432098e-02	-1.189832e+01	-5.236638e+00	1.138108e-01
6.334779e-01	2.578882e-01	-4.861974e-01	2.918601e-03	6.837888e+00	3.488577e+00	-7.236024e-01	-4.842362e-01	4.039875e-03	6.833202e+00	3.510592e+00	-7.266701e-01
1.393568e-01	8.349296e-01	3.197664e-01	2.015977e-01	-3.804513e+00	-4.357024e-01	-1.852293e-01	3.174805e-01	2.060222e-01	-3.796065e+00	-4.175086e-01	-1.825121e-01
9.844012e-01	5.256901e-01	9.916756e-01	4.055947e-03	1.246479e+00	6.566189e-01	-2.461731e-01	9.919614e-01	3.740980e-03	1.254120e+00	6.697581e-01	-2.458472e-01
1.716799e-01	2.723078e-01	3.567370e-01	3.738254e-03	-8.325090e+00	-4.071117e+00	4.888695e-01	3.566664e-01	2.823877e-03	-8.319094e+00	-4.097326e+00	4.941646e-01
1.839164e-02	9.142980e-01	2.677525e-01	3.719625e-02	-2.335789e-01	6.189393e-02	-4.090450e-01	2.642256e-01	4.035336e-02	-2.088675e-01	1.603816e-01	-4.082705e-01
1.177518e-01	5.765163e-01	7.152082e-01	3.884009e-02	-7.938550e+00	-3.541630e+00	-1.235438e-01	7.173291e-01	3.994045e-02	-7.951309e+00	-3.559981e+00	-1.144106e-01
2.740557e-01	5.541779e-01	-1.497465e-01	6.977770e-02	-1.170901e+01	-5.062092e+00	1.330684e-01	-1.483956e-01	7.153828e-02	-1.172723e+01	-5.089083e+00	1.366151e-01
6.514201e-01	8.297411e-01	-2.955123e-01	4.245439e-01	7.267138e+00	6.671389e+00	4.363478e-01	-2.959268e-01	4.213652e-01	7.246934e+00	6.670431e+00	4.435739e-01
2.064219e-01	1.099681e-02	9.776711e-03	3.385842e-04	-4.330302e-01	-2.071719e-01	4.374845e-01	9.339816e-03	8.832699e-09	-4.178776e-01	-2.089340e-01	4.244915e-01
1.368863e-01	9.000178e-01	2.038652e-01	2.683199e-01	-1.778609e+00	9.340060e-01	-2.853104e-02	2.015603e-01	2.735551e-01	-1.726796e+00	9.602667e-01	-3.777540e-02
8.738893e-01	5.974129e-01	6.695176e-01	5.054876e-02	8.846818e+00	4.893116e+00	-5.328470e-01	6.695307e-01	4.915622e-02	8.860949e+00	4.924165e+00	-5.168794e-01
6.005167e-01	6.650363e-01	-7.025719e-01	1.867915e-01	7.552569e+00	5.430096e+00	5.602465e-01	-7.010308e-01	1.859337e-01	7.562549e+00	5.458780e+00	5.328449e-01
1.753719e-01	9.144111e-01	1.213388e-01	3.606142e-01	-1.443603e+00	1.690891e+00	2.614272e-01	1.200523e-01	3.659975e-01	-1.377000e+00	1.713029e+00	2.513607e-01
4.187707e-01	3.831388e-01	-8.155774e-01	2.059266e-02	-5.501051e+00	-2.411697e+00	-4.908464e-01	-8.144132e-01	2.085102e-02	-5.512004e+00	-2.429472e+00	-4.834215e-01
5.189176e-01	4.696687e-02	-1.470742e-01	-8.198619e-05	2.306933e-01	1.153466e-01	-1.539436e+00	-1.459786e-01	4.857346e-06	2.194912e-01	1.103661e-01	-1.542766e+00
1.662840e-01	7.380331e-01	3.683814e-01	1.443432e-01	-7.174905e+00	-2.377497e+00	-1.391592e-01	3.681178e-01	1.480362e-01	-7.165672e+00	-2.379344e+00	-1.324342e-01
8.279949e-02	6.031519e-01	8.208048e-01	3.408548e-02	-5.689744e+00	-2.498053e+00	-2.510468e-01	8.225340e-01	3.403890e-02	-5.695770e+00	-2.509274e+00	-2.331045e-01
2.453496e-01	3.892958e-01	2.646244e-02	1.666990e-02	-1.163340e+01	-5.554717e+00	3.840013e-02	2.746594e-02	1.600168e-02	-1.164455e+01	-5.575651e+00	4.152124e-02
2.886941e-01	3.556730e-01	-2.173370e-01	1.341698e-02	-1.081697e+01	-5.175443e+00	-1.534003e-01	-2.164096e-01	1.260457e-02	-1.082264e+01	-5.198686e+00	-1.501540e-01
7.190455e-01	2.971221e-01	-1.560598e-01	4.273206e-03	9.997396e+00	5.098846e+00	-1.892362e-01	-1.553244e-01	6.019967e-03	9.989843e+00	5.116488e+00	-1.884318e-01
5.664045e-01	4.760505e-01	-9.124888e-01	4.982045e-02	5.493727e+00	3.371719e+00	-1.278474e-01	-9.116276e-01	5.024493e-02	5.500065e+00	3.383305e+00	-1.246535e-01
6.636708e-01	9.368289e-01	-1.025581e-01	6.747593e-01	4.950809e+00	6.780975e+00	1.970277e-01	-1.017752e-01	6.706656e-01	4.985487e+00	6.788078e+00	1.998709e-01
7.325716e-01	2.149410e-01	-6.962764e-02	-7.196069e-04	7.841253e+00	3.938372e+00	-1.382460e-01	-6.831501e-02	1.589584e-03	7.837743e+00	3.963244e+00	-1.362319e-01
3.118407e-02	2.622645e-01	7.206941e-01	-1.173109e-03	-1.793312e+00	-8.953499e-01	1.076498e+00	7.197793e-01	4.627495e-04	-1.788212e+00	-8.835196e-01	1.054088e+00
5.950778e-01	5.142671e-02	-1.338505e-01	-7.877648e-04	1.153734e+00	5.706797e-01	-1.285986e+00	-1.329999e-01	6.684765e-06	1.137546e+00	5.695528e-01	-1.281834e+00
4.963662e-01	5.968426e-01	-9.556475e-01	1.261605e-01	5.844301e-01	1.579026e+00	4.839400e-01	-9.538262e-01	1.268852e-01	5.766664e-01	1.563898e+00	4.727135e-01
3.342442e-01	7.709117e-01	-3.332987e-01	3.021449e-01	-5.566314e+00	-3.875661e-01	8.851103e-01	-3.328421e-01	3.063827e-01	-5.559975e+00	-3.954124e-01	8.724914e-01
1.065990e-01	7.513863e-02	1.852450e-01	-3.037155e-04	-1.842108e+00	-9.044189e-01	1.206059e+00	1.833432e-01	1.047630e-05	-1.823944e+00	-9.111354e-01	1.197335e+00
7.281883e-01	4.954913e-01	-1.366303e-01	4.581550e-02	1.278499e+01	6.920683e+00	-6.144577e-02	-1.366045e-01	4.543981e-02	1.281412e+01	6.957301e+00	-6.524819e-02
6.884021e-01	4.348274e-01	-3.694801e-01	2.941099e-02	1.165309e+01	6.215151e+00	-1.590001e-01	-3.695571e-01	2.966806e-02	1.166674e+01	6.242746e+00	-1.518739e-01
2.464025e-01	8.191017e-01	1.293570e-02	3.098213e-01	-5.239882e+00	-3.047497e-01	4.873551e-01	1.216432e-02	3.146822e-01	-5.224868e+00	-3.073561e-01	4.756808e-01
7.994153e-01	6.946961e-01	2.502272e-01	1.403168e-01	1.058793e+01	6.471736e+00	-5.834330e-01	2.501294e-01	1.372442e-01	1.058639e+01	6.478554e+00	-5.711572e-01
2.721456e-01	5.902305e-01	-1.344031e-01	8.916417e-02	-1.131785e+01	-4.708057e+00	1.866243e-01	-1.331612e-01	9.157469e-02	-1.132765e+01	-4.732923e+00	1.860370e-01
3.609742e-01	9.158289e-02	-1.836137e-01	6.023049e-04	-2.737036e+00	-1.353416e+00	-9.760809e-01	-1.822122e-01	6.374496e-05	-2.730802e+00	-1.361225e+00	-9.671447e-01
9.173127e-01	1.368193e-01	3.639750e-01	-8.869171e-05	2.604340e+00	1.313569e+00	1.252329e+00	3.617303e-01	9.000838e-05	2.602509e+00	1.305202e+00	1.238963e+00
9.502364e-01	4.460059e-01	9.377880e-01	5.928844e-03	3.855457e+00	2.006695e+00	2.012882e-01	9.378582e-01	6.161021e-03	3.865237e+00	2.015501e+00	1.909194e-01
