# x y true_fields pred_fields error_fields
1.111111119389533997e-01 1.111111119389533997e-01 5.199013277888298035e-03 1.834546960890293121e-02 1.250389814376831055e-01 2.070720046758651733e-01 1.798106543719768524e-02 6.730788946151733398e-01 3.371332585811614990e-01 8.666957616806030273e-01 2.853902578353881836e-01 3.689363598823547363e-03 1.769159734249114990e-02 1.364037990570068359e-01 1.747542321681976318e-01 9.523184970021247864e-03 6.662715077400207520e-01 1.658873558044433594e-01 4.595247805118560791e-01 3.850506842136383057e-01 -1.509649679064750671e-03 -6.538722664117813110e-04 1.136481761932373047e-02 -3.231777250766754150e-02 -8.457880467176437378e-03 -6.807386875152587891e-03 -1.712459027767181396e-01 -4.071709811687469482e-01 9.966042637825012207e-02
2.222222238779067993e-01 1.111111119389533997e-01 9.770948439836502075e-03 1.976666413247585297e-02 1.226828992366790771e-01 2.188857495784759521e-01 2.825987152755260468e-02 6.764907240867614746e-01 3.351877033710479736e-01 8.630257844924926758e-01 2.873768210411071777e-01 8.376140147447586060e-03 1.956124417483806610e-02 1.294713467359542847e-01 1.838437020778656006e-01 1.722776703536510468e-02 6.548474431037902832e-01 1.853880435228347778e-01 5.082061886787414551e-01 3.706553280353546143e-01 -1.394808292388916016e-03 -2.054199576377868652e-04 6.788447499275207520e-03 -3.504204750061035156e-02 -1.103210449218750000e-02 -2.164328098297119141e-02 -1.497996598482131958e-01 -3.548195958137512207e-01 8.327850699424743652e-02
3.333333432674407959e-01 1.111111119389533997e-01 1.316436287015676498e-02 2.072950266301631927e-02 1.121711805462837219e-01 2.217943072319030762e-01 3.496995195746421814e-02 6.753002405166625977e-01 3.329732418060302734e-01 8.579144477844238281e-01 2.882634401321411133e-01 1.149478554725646973e-02 2.080840431153774261e-02 1.126134917140007019e-01 1.832498610019683838e-01 2.282585762441158295e-02 6.257905960083007812e-01 2.087981253862380981e-01 5.637004971504211426e-01 3.498697578907012939e-01 -1.669577322900295258e-03 7.890164852142333984e-05 4.423111677169799805e-04 -3.854444622993469238e-02 -1.214409433305263519e-02 -4.950964450836181641e-02 -1.241751164197921753e-01 -2.942139506340026855e-01 6.160631775856018066e-02
4.444444477558135986e-01 1.111111119389533997e-01 1.496996171772480011e-02 2.112803980708122253e-02 9.492533653974533081e-02 2.160123586654663086e-01 3.757469728589057922e-02 6.699374318122863770e-01 3.315275609493255615e-01 8.537524342536926270e-01 2.876039445400238037e-01 1.308589428663253784e-02 2.110219001770019531e-02 8.842942863702774048e-02 1.734814047813415527e-01 2.568875811994075775e-02 5.763055682182312012e-01 2.313006371259689331e-01 6.120232939720153809e-01 3.230038285255432129e-01 -1.884067431092262268e-03 -2.584978938102722168e-05 -6.495907902717590332e-03 -4.253095388412475586e-02 -1.188593916594982147e-02 -9.363186359405517578e-02 -1.002269238233566284e-01 -2.417291402816772461e-01 3.539988398551940918e-02
5.555555820465087891e-01 1.111111119389533997e-01 1.496995985507965088e-02 2.095914073288440704e-02 7.373087853193283081e-02 2.037989944219589233e-01 3.596707433462142944e-02 6.622116565704345703e-01 3.315276801586151123e-01 8.523445725440979004e-01 2.854802906513214111e-01 1.325020939111709595e-02 2.068511769175529480e-02 6.067429110407829285e-02 1.552329063415527344e-01 2.589061111211776733e-02 5.058142542839050293e-01 2.455896139144897461e-01 6.341373324394226074e-01 2.910506725311279297e-01 -1.719750463962554932e-03 -2.740230411291122437e-04 -1.305658742785453796e-02 -4.856608808040618896e-02 -1.007646322250366211e-02 -1.563974022865295410e-01 -8.593806624412536621e-02 -2.182072401046752930e-01 5.570381879806518555e-03
6.666666865348815918e-01 1.111111119389533997e-01 1.316436100751161575e-02 2.030183561146259308e-02 5.216872319579124451e-02 1.884678602218627930e-01 3.032080642879009247e-02 6.557849049568176270e-01 3.329736888408660889e-01 8.543267250061035156e-01 2.828742265701293945e-01 1.208587735891342163e-02 2.009321190416812897e-02 3.392219170928001404e-02 1.333205997943878174e-01 2.358524501323699951e-02 4.250855147838592529e-01 2.537661492824554443e-01 6.349486112594604492e-01 2.510506212711334229e-01 -1.078483648598194122e-03 -2.086237072944641113e-04 -1.824653148651123047e-02 -5.514726042747497559e-02 -6.735561415553092957e-03 -2.306993901729583740e-01 -7.920753955841064453e-02 -2.193781137466430664e-01 -3.182360529899597168e-02
7.777777910232543945e-01 1.111111119389533997e-01 9.770944714546203613e-03 1.928033865988254547e-02 3.368616476655006409e-02 1.730692386627197266e-01 2.108961716294288635e-02 6.554397940635681152e-01 3.351891338825225830e-01 8.591177463531494141e-01 2.815416753292083740e-01 9.693272411823272705e-03 1.944969967007637024e-02 1.279428135603666306e-02 1.201331391930580139e-01 1.880627870559692383e-02 3.670876026153564453e-01 2.713983952999114990e-01 6.532149910926818848e-01 2.034245580434799194e-01 -7.767230272293090820e-05 1.693610101938247681e-04 -2.089188247919082642e-02 -5.293609946966171265e-02 -2.283338457345962524e-03 -2.883521914482116699e-01 -6.379073858261108398e-02 -2.059027552604675293e-01 -7.811711728572845459e-02
8.888888955116271973e-01 1.111111119389533997e-01 5.199010483920574188e-03 1.802804507315158844e-02 2.020761743187904358e-02 1.589052528142929077e-01 9.134397841989994049e-03 6.599991917610168457e-01 3.371373116970062256e-01 8.642541170120239258e-01 2.817537784576416016e-01 6.199590861797332764e-03 1.846136339008808136e-02 -7.090403232723474503e-05 1.201264932751655579e-01 1.154796686023473740e-02 3.672826886177062988e-01 3.037642240524291992e-01 7.143548727035522461e-01 1.758378446102142334e-01 1.000580377876758575e-03 4.333183169364929199e-04 -2.027852088212966919e-02 -3.877875953912734985e-02 2.413569018244743347e-03 -2.927165031433105469e-01 -3.337308764457702637e-02 -1.498992443084716797e-01 -1.059159338474273682e-01
1.111111119389533997e-01 2.222222238779067993e-01 8.549579419195652008e-03 3.700836375355720520e-02 1.601393371820449829e-01 2.248333841562271118e-01 1.759892702102661133e-02 6.787198185920715332e-01 3.383609056472778320e-01 8.704370260238647461e-01 2.862552404403686523e-01 7.297281175851821899e-03 3.615437075495719910e-02 1.660919487476348877e-01 1.944134831428527832e-01 1.084355823695659637e-02 6.546980738639831543e-01 1.624399423599243164e-01 4.500948786735534668e-01 3.854192495346069336e-01 -1.252298243343830109e-03 -8.539929986000061035e-04 5.952611565589904785e-03 -3.041990101337432861e-02 -6.755368784070014954e-03 -2.402174472808837891e-02 -1.759209632873535156e-01 -4.203421473503112793e-01 9.916400909423828125e-02
2.222222238779067993e-01 2.222222238779067993e-01 1.606795378029346466e-02 4.001965001225471497e-02 1.532635986804962158e-01 2.366030812263488770e-01 2.077314071357250214e-02 6.851307749748229980e-01 3.352167010307312012e-01 8.646354675292968750e-01 2.896665334701538086e-01 1.541730761528015137e-02 3.995297849178314209e-02 1.573587357997894287e-01 2.025494873523712158e-01 1.428657211363315582e-02 6.623476147651672363e-01 1.791394054889678955e-01 4.929746687412261963e-01 3.759526908397674561e-01 -6.506461650133132935e-04 -6.667152047157287598e-05 4.095137119293212891e-03 -3.405359387397766113e-02 -6.486568599939346313e-03 -2.278316020965576172e-02 -1.560772955417633057e-01 -3.716607987880706787e-01 8.628615736961364746e-02
3.333333432674407959e-01 2.222222238779067993e-01 2.164829708635807037e-02 4.188667237758636475e-02 1.330016851425170898e-01 2.344375848770141602e-01 2.123090066015720367e-02 6.828029751777648926e-01 3.313310146331787109e-01 8.555994629859924316e-01 2.911551296710968018e-01 2.076102048158645630e-02 4.211340099573135376e-02 1.330847293138504028e-01 1.959257125854492188e-01 1.520996354520320892e-02 6.452488899230957031e-01 1.978164464235305786e-01 5.384268164634704590e-01 3.609253168106079102e-01 -8.872766047716140747e-04 2.267286181449890137e-04 8.304417133331298828e-05 -3.851187229156494141e-02 -6.020937114953994751e-03 -3.755408525466918945e-02 -1.335145682096481323e-01 -3.171726465225219727e-01 6.977018713951110840e-02
4.444444477558135986e-01 2.222222238779067993e-01 2.461753226816654205e-02 4.242497682571411133e-02 1.019695773720741272e-01 2.195290029048919678e-01 1.957229152321815491e-02 6.704893708229064941e-01 3.287535607814788818e-01 8.477110862731933594e-01 2.892805039882659912e-01 2.321318909525871277e-02 4.243031144142150879e-02 9.548505395650863647e-02 1.755892038345336914e-01 1.408933848142623901e-02 5.929204225540161133e-01 2.172078639268875122e-01 5.807117819786071777e-01 3.367651104927062988e-01 -1.404343172907829285e-03 5.334615707397460938e-06 -6.484523415565490723e-03 -4.393979907035827637e-02 -5.482953041791915894e-03 -7.756894826889038086e-02 -1.115456968545913696e-01 -2.669993042945861816e-01 4.748460650444030762e-02
5.555555820465087891e-01 2.222222238779067993e-01 2.461753226816654205e-02 4.174938052892684937e-02 6.389926373958587646e-02 1.954201012849807739e-01 1.638724841177463531e-02 6.411066055297851562e-01 3.288202583789825439e-01 8.424340486526489258e-01 2.809948027133941650e-01 2.296440303325653076e-02 4.142842069268226624e-02 5.099917575716972351e-02 1.441303491592407227e-01 1.199220586568117142e-02 4.867030978202819824e-01 2.321285754442214966e-01 6.008607149124145508e-01 2.942411899566650391e-01 -1.653129234910011292e-03 -3.209598362445831299e-04 -1.290008798241615295e-02 -5.128975212574005127e-02 -4.395042546093463898e-03 -1.544035077095031738e-01 -9.669168293476104736e-02 -2.415733337402343750e-01 1.324638724327087402e-02
6.666666865348815918e-01 2.222222238779067993e-01 2.164829522371292114e-02 4.017600417137145996e-02 2.741012349724769592e-02 1.707857847213745117e-01 1.198695413768291473e-02 6.092614531517028809e-01 3.315677940845489502e-01 8.419670462608337402e-01 2.696755230426788330e-01 2.036164700984954834e-02 3.987051174044609070e-02 9.331400506198406219e-03 1.109708622097969055e-01 9.289257228374481201e-03 3.438370525836944580e-01 2.459039688110351562e-01 5.957014560699462891e-01 2.112481743097305298e-01 -1.286648213863372803e-03 -3.054924309253692627e-04 -1.807872205972671509e-02 -5.981492251157760620e-02 -2.697696909308433533e-03 -2.654244005680084229e-01 -8.566382527351379395e-02 -2.462655901908874512e-01 -5.842734873294830322e-02
7.777777910232543945e-01 2.222222238779067993e-01 1.606794819235801697e-02 3.807435184717178345e-02 2.176783978939056396e-03 1.546825617551803589e-01 6.441341247409582138e-03 6.224513649940490723e-01 3.357439935207366943e-01 8.537335991859436035e-01 2.714055478572845459e-01 1.582109183073043823e-02 3.815460205078125000e-02 -2.063033357262611389e-02 9.691769629716873169e-02 5.639027804136276245e-03 2.437572330236434937e-01 2.714856863021850586e-01 5.939516425132751465e-01 9.389127045869827271e-02 -2.468563616275787354e-04 8.025020360946655273e-05 -2.280711755156517029e-02 -5.776486545801162720e-02 -8.023134432733058929e-04 -3.786941170692443848e-01 -6.425830721855163574e-02 -2.597819566726684570e-01 -1.775142848491668701e-01
8.888888955116271973e-01 2.222222238779067993e-01 8.549575693905353546e-03 3.573866188526153564e-02 -1.443383097648620605e-02 1.428913325071334839e-01 -1.595416542841121554e-04 6.499303579330444336e-01 3.394104242324829102e-01 8.672623634338378906e-01 2.776012122631072998e-01 9.781867265701293945e-03 3.634663671255111694e-02 -3.643212094902992249e-02 1.007836535573005676e-01 6.074588745832443237e-04 2.242611348628997803e-01 3.135488927364349365e-01 6.416209340095520020e-01 2.315932884812355042e-02 1.232291571795940399e-03 6.079748272895812988e-04 -2.199828997254371643e-02 -4.210767894983291626e-02 7.670005434192717075e-04 -4.256692230701446533e-01 -2.586153149604797363e-02 -2.256414294242858887e-01 -2.544418871402740479e-01
1.111111119389533997e-01 3.333333432674407959e-01 9.873271919786930084e-03 5.598868429660797119e-02 1.754754185676574707e-01 2.310776114463806152e-01 1.698016747832298279e-02 6.830290555953979492e-01 3.194404244422912598e-01 8.290737271308898926e-01 2.976968288421630859e-01 9.229186922311782837e-03 5.505328625440597534e-02 1.768524795770645142e-01 1.997700333595275879e-01 1.042018644511699677e-02 6.389018297195434570e-01 1.504277288913726807e-01 4.184427857398986816e-01 3.908432126045227051e-01 -6.440849974751472473e-04 -9.353980422019958496e-04 1.377061009407043457e-03 -3.130757808685302734e-02 -6.559981033205986023e-03 -4.412722587585449219e-02 -1.690126955509185791e-01 -4.106309413909912109e-01 9.314638376235961914e-02
2.222222238779067993e-01 3.333333432674407959e-01 1.855568028986454010e-02 6.075897067785263062e-02 1.680027097463607788e-01 2.445410341024398804e-01 1.293124724179506302e-02 6.916645169258117676e-01 3.205935060977935791e-01 8.330686092376708984e-01 2.992599606513977051e-01 1.880710944533348083e-02 6.084717810153961182e-02 1.700141727924346924e-01 2.087444961071014404e-01 9.192219004034996033e-03 6.595849394798278809e-01 1.669661551713943481e-01 4.619217813014984131e-01 3.832796812057495117e-01 2.514291554689407349e-04 8.820742368698120117e-05 2.011463046073913574e-03 -3.579653799533843994e-02 -3.739028237760066986e-03 -3.207957744598388672e-02 -1.536273509263992310e-01 -3.711468279361724854e-01 8.401972055435180664e-02
3.333333432674407959e-01 3.333333432674407959e-01 2.500000223517417908e-02 6.347151100635528564e-02 1.437417119741439819e-01 2.403262406587600708e-01 6.981687620282173157e-03 6.883466839790344238e-01 3.201491236686706543e-01 8.315324783325195312e-01 2.986643314361572266e-01 2.505311556160449982e-02 6.387275457382202148e-02 1.434421986341476440e-01 1.996411085128784180e-01 5.609398707747459412e-03 6.523919701576232910e-01 1.833891719579696655e-01 5.030328631401062012e-01 3.714901208877563477e-01 5.311332643032073975e-05 4.012435674667358398e-04 -2.995133399963378906e-04 -4.068513214588165283e-02 -1.372288912534713745e-03 -3.595471382141113281e-02 -1.367599517107009888e-01 -3.284996151924133301e-01 7.282578945159912109e-02
4.444444477558135986e-01 3.333333432674407959e-01 2.842895314097404480e-02 6.389081478118896484e-02 1.052174940705299377e-01 2.194444239139556885e-01 9.852466173470020294e-04 6.672764420509338379e-01 3.204940855503082275e-01 8.287920951843261719e-01 2.929913103580474854e-01 2.773367241024971008e-02 6.400145590305328369e-02 9.764751046895980835e-02 1.735751330852508545e-01 1.193167641758918762e-03 5.987810492515563965e-01 2.020904719829559326e-01 5.449625849723815918e-01 3.483133316040039062e-01 -6.952807307243347168e-04 1.106411218643188477e-04 -7.569983601570129395e-03 -4.586929082870483398e-02 2.079210244119167328e-04 -6.849539279937744141e-02 -1.184036135673522949e-01 -2.838295102119445801e-01 5.532202124595642090e-02
5.555555820465087891e-01 3.333333432674407959e-01 2.842894941568374634e-02 6.237072870135307312e-02 5.445099622011184692e-02 1.841934621334075928e-01 -3.710692515596747398e-03 5.978924632072448730e-01 3.234179317951202393e-01 8.220330476760864258e-01 2.708525955677032471e-01 2.707550674676895142e-02 6.208468228578567505e-02 4.248141869902610779e-02 1.330008804798126221e-01 -2.368297427892684937e-03 4.508079588413238525e-01 2.182126939296722412e-01 5.636874437332153320e-01 2.916010320186614990e-01 -1.353442668914794922e-03 -2.860464155673980713e-04 -1.196957752108573914e-02 -5.119258165359497070e-02 1.342395087704062462e-03 -1.470845043659210205e-01 -1.052052378654479980e-01 -2.583456039428710938e-01 2.074843645095825195e-02
6.666666865348815918e-01 3.333333432674407959e-01 2.500000037252902985e-02 5.962250754237174988e-02 7.967282086610794067e-03 1.517322510480880737e-01 -6.607891991734504700e-03 5.153606534004211426e-01 3.290734589099884033e-01 8.139718174934387207e-01 2.367630600929260254e-01 2.356926724314689636e-02 5.926164239645004272e-02 -6.172392982989549637e-03 9.412231296300888062e-02 -4.653489217162132263e-03 2.400824576616287231e-01 2.370834350585937500e-01 5.351088047027587891e-01 1.285242885351181030e-01 -1.430733129382133484e-03 -3.608651459217071533e-04 -1.413967460393905640e-02 -5.760993808507919312e-02 1.954402774572372437e-03 -2.752782106399536133e-01 -9.199002385139465332e-02 -2.788630127906799316e-01 -1.082387715578079224e-01
7.777777910232543945e-01 3.333333432674407959e-01 1.855567470192909241e-02 5.638204142451286316e-02 -1.531005650758743286e-02 1.406071782112121582e-01 -8.009299635887145996e-03 5.608739852905273438e-01 3.359513282775878906e-01 8.401167392730712891e-01 2.503548562526702881e-01 1.781570911407470703e-02 5.635069310665130615e-02 -3.813517466187477112e-02 8.355381339788436890e-02 -6.316484883427619934e-03 1.388782560825347900e-01 2.703121006488800049e-01 4.918346107006072998e-01 -9.024674445390701294e-02 -7.399655878543853760e-04 -3.134831786155700684e-05 -2.282511815428733826e-02 -5.705336481332778931e-02 1.692814752459526062e-03 -4.219957292079925537e-01 -6.563922762870788574e-02 -3.482821285724639893e-01 -3.406015932559967041e-01
8.888888955116271973e-01 3.333333432674407959e-01 9.873267263174057007e-03 5.313185602426528931e-02 -2.971149981021881104e-02 1.345020532608032227e-01 -8.734902366995811462e-03 6.358060836791992188e-01 3.416403830051422119e-01 8.692317605018615723e-01 2.721444070339202881e-01 1.042903214693069458e-02 5.378946661949157715e-02 -5.399778857827186584e-02 9.167123585939407349e-02 -8.033419027924537659e-03 1.335217207670211792e-01 3.203080892562866211e-01 5.339534878730773926e-01 -1.665001660585403442e-01 5.557648837566375732e-04 6.576105952262878418e-04 -2.428628876805305481e-02 -4.283081740140914917e-02 7.014833390712738037e-04 -5.022843480110168457e-01 -2.133229374885559082e-02 -3.352782726287841797e-01 -4.386445879936218262e-01
1.111111119389533997e-01 4.444444477558135986e-01 9.356226772069931030e-03 7.528643310070037842e-02 1.741465926170349121e-01 2.356242686510086060e-01 1.949526928365230560e-02 6.921546459197998047e-01 3.257948458194732666e-01 8.448314666748046875e-01 2.965696752071380615e-01 8.925776928663253784e-03 7.436271756887435913e-02 1.730233132839202881e-01 2.002762556076049805e-01 1.259687542915344238e-02 6.361143589019775391e-01 1.647715866565704346e-01 4.550265073776245117e-01 3.807797133922576904e-01 -4.304498434066772461e-04 -9.237155318260192871e-04 -1.123279333114624023e-03 -3.534801304340362549e-02 -6.898393854498863220e-03 -5.604028701782226562e-02 -1.610232591629028320e-01 -3.898049592971801758e-01 8.421003818511962891e-02
2.222222238779067993e-01 4.444444477558135986e-01 1.758395321667194366e-02 8.198460936546325684e-02 1.687992513179779053e-01 2.498263120651245117e-01 8.009478449821472168e-03 7.019767165184020996e-01 3.180404305458068848e-01 8.289345502853393555e-01 3.031904101371765137e-01 1.795945316553115845e-02 8.222064375877380371e-02 1.681051850318908691e-01 2.107682526111602783e-01 4.978470504283905029e-03 6.597955226898193359e-01 1.673217117786407471e-01 4.628402888774871826e-01 3.830849528312683105e-01 3.754999488592147827e-04 2.360343933105468750e-04 -6.940662860870361328e-04 -3.905805945396423340e-02 -3.031007945537567139e-03 -4.218119382858276367e-02 -1.507187187671661377e-01 -3.660942614078521729e-01 7.989454269409179688e-02
3.333333432674407959e-01 4.444444477558135986e-01 2.369079552590847015e-02 8.548400551080703735e-02 1.459837704896926880e-01 2.439892441034317017e-01 -4.369670525193214417e-03 6.983936429023742676e-01 3.119868338108062744e-01 8.146530389785766602e-01 3.055888712406158447e-01 2.390537597239017487e-02 8.606523275375366211e-02 1.437969654798507690e-01 2.008492648601531982e-01 -3.485044464468955994e-03 6.547016501426696777e-01 1.745548546314239502e-01 4.809237122535705566e-01 3.775718212127685547e-01 2.145804464817047119e-04 5.812272429466247559e-04 -2.186805009841918945e-03 -4.313997924327850342e-02 8.846260607242584229e-04 -4.369199275970458984e-02 -1.374319791793823242e-01 -3.337293267250061035e-01 7.198294997215270996e-02
4.444444477558135986e-01 4.444444477558135986e-01 2.694017812609672546e-02 8.552554994821548462e-02 1.087772920727729797e-01 2.203150093555450439e-01 -1.457812078297138214e-02 6.791164278984069824e-01 3.088845014572143555e-01 8.046584129333496094e-01 3.025231659412384033e-01 2.643593028187751770e-02 8.578553050756454468e-02 1.009298712015151978e-01 1.731038987636566162e-01 -1.029648818075656891e-02 6.069917082786560059e-01 1.872864216566085815e-01 5.094614028930664062e-01 3.601130247116088867e-01 -5.042478442192077637e-04 2.599805593490600586e-04 -7.847420871257781982e-03 -4.721111059188842773e-02 4.281632602214813232e-03 -7.212471961975097656e-02 -1.215980798006057739e-01 -2.951970100402832031e-01 5.758985877037048340e-02
5.555555820465087891e-01 4.444444477558135986e-01 2.694017626345157623e-02 8.282317221164703369e-02 6.188413500785827637e-02 1.858423054218292236e-01 -2.082047425210475922e-02 6.313620805740356445e-01 3.126539289951324463e-01 8.050701022148132324e-01 2.874779701232910156e-01 2.570335008203983307e-02 8.261012285947799683e-02 4.848678037524223328e-02 1.318671703338623047e-01 -1.442315615713596344e-02 4.858805537223815918e-01 2.027896791696548462e-01 5.340684652328491211e-01 3.168039321899414062e-01 -1.236826181411743164e-03 -2.130493521690368652e-04 -1.339735463261604309e-02 -5.397513508796691895e-02 6.397318094968795776e-03 -1.454815268516540527e-01 -1.098642498254776001e-01 -2.710016369819641113e-01 2.932596206665039062e-02
6.666666865348815918e-01 4.444444477558135986e-01 2.369079366326332092e-02 7.864134013652801514e-02 1.822815090417861938e-02 1.551354378461837769e-01 -2.253338508307933807e-02 5.789321064949035645e-01 3.225668668746948242e-01 8.161254525184631348e-01 2.650485634803771973e-01 2.216476947069168091e-02 7.822911441326141357e-02 9.522245964035391808e-04 9.462556988000869751e-02 -1.599419675767421722e-02 3.087551593780517578e-01 2.267454266548156738e-01 5.464643836021423340e-01 2.050174176692962646e-01 -1.526024192571640015e-03 -4.122257232666015625e-04 -1.727592572569847107e-02 -6.050986796617507935e-02 6.539188325405120850e-03 -2.701769471168518066e-01 -9.582144021987915039e-02 -2.696610689163208008e-01 -6.003114581108093262e-02
7.777777910232543945e-01 4.444444477558135986e-01 1.758394762873649597e-02 7.420340180397033691e-02 -9.247064590454101562e-03 1.410590857267379761e-01 -2.025571092963218689e-02 6.016888618469238281e-01 3.354475498199462891e-01 8.486351370811462402e-01 2.649296820163726807e-01 1.641685701906681061e-02 7.402952015399932861e-02 -3.251578286290168762e-02 8.534776419401168823e-02 -1.565917022526264191e-02 1.913187205791473389e-01 2.687759995460510254e-01 5.491625666618347168e-01 2.159887552261352539e-02 -1.167090609669685364e-03 -1.738816499710083008e-04 -2.326871827244758606e-02 -5.571132153272628784e-02 4.596540704369544983e-03 -4.103701412677764893e-01 -6.667155027389526367e-02 -2.994725704193115234e-01 -2.433308064937591553e-01
8.888888955116271973e-01 4.444444477558135986e-01 9.356222115457057953e-03 7.020761817693710327e-02 -2.641450613737106323e-02 1.355322897434234619e-01 -1.568151824176311493e-02 6.472718119621276855e-01 3.475084304809570312e-01 8.842749595642089844e-01 2.723071575164794922e-01 9.077850729227066040e-03 7.080544531345367432e-02 -5.137953534722328186e-02 9.474279731512069702e-02 -1.376941613852977753e-02 1.723936051130294800e-01 3.264509141445159912e-01 6.003833413124084473e-01 -8.043854683637619019e-02 -2.783713862299919128e-04 5.978271365165710449e-04 -2.496502920985221863e-02 -4.078949242830276489e-02 1.912102103233337402e-03 -4.748781919479370117e-01 -2.105751633644104004e-02 -2.838916182518005371e-01 -3.527457118034362793e-01
1.111111119389533997e-01 5.555555820465087891e-01 7.484979461878538132e-03 9.490160644054412842e-02 1.968583166599273682e-01 2.933504283428192139e-01 3.163376078009605408e-02 8.685744404792785645e-01 4.256051778793334961e-01 1.097547769546508789e+00 2.893967032432556152e-01 6.786219775676727295e-03 9.405345469713211060e-02 1.942627429962158203e-01 2.537190020084381104e-01 2.357151359319686890e-02 7.963045239448547363e-01 2.784805893898010254e-01 7.482202053070068359e-01 3.433974087238311768e-01 -6.987596862018108368e-04 -8.481517434120178223e-04 -2.595573663711547852e-03 -3.963142633438110352e-02 -8.062247186899185181e-03 -7.226991653442382812e-02 -1.471245884895324707e-01 -3.493275642395019531e-01 5.400070548057556152e-02
2.222222238779067993e-01 5.555555820465087891e-01 1.406716089695692062e-02 1.036965698003768921e-01 1.937155425548553467e-01 3.167869150638580322e-01 8.819379843771457672e-03 8.783982992172241211e-01 4.245930016040802002e-01 1.097022533416748047e+00 2.918517589569091797e-01 1.384788751602172852e-02 1.040366813540458679e-01 1.909276992082595825e-01 2.717376947402954102e-01 5.427403375506401062e-03 8.192504644393920898e-01 2.795408964157104492e-01 7.529799342155456543e-01 3.468152582645416260e-01 -2.192733809351921082e-04 3.401115536689758301e-04 -2.787843346595764160e-03 -4.504922032356262207e-02 -3.391976468265056610e-03 -5.914783477783203125e-02 -1.450521051883697510e-01 -3.440425992012023926e-01 5.496349930763244629e-02
3.333333432674407959e-01 5.555555820465087891e-01 1.895263418555259705e-02 1.079241782426834106e-01 1.704490035772323608e-01 3.135376274585723877e-01 -1.588157005608081818e-02 8.749706149101257324e-01 4.220660030841827393e-01 1.090804815292358398e+00 2.922206819057464600e-01 1.864263415336608887e-02 1.086472198367118835e-01 1.674143821001052856e-01 2.643837332725524902e-01 -1.261212490499019623e-02 8.167353868484497070e-01 2.807596325874328613e-01 7.556875944137573242e-01 3.457910418510437012e-01 -3.100000321865081787e-04 7.230415940284729004e-04 -3.034621477127075195e-03 -4.915389418601989746e-02 3.269445151090621948e-03 -5.823522806167602539e-02 -1.413063704967498779e-01 -3.351172208786010742e-01 5.357035994529724121e-02
4.444444477558135986e-01 5.555555820465087891e-01 2.155214175581932068e-02 1.073291972279548645e-01 1.333785653114318848e-01 2.815499007701873779e-01 -3.393103182315826416e-02 8.595285415649414062e-01 4.003461897373199463e-01 1.039627909660339355e+00 2.984111905097961426e-01 2.079560607671737671e-02 1.077352911233901978e-01 1.273501515388488770e-01 2.306139767169952393e-01 -2.455060742795467377e-02 7.815876603126525879e-01 2.682837545871734619e-01 7.222164273262023926e-01 3.459937274456024170e-01 -7.565356791019439697e-04 4.060938954353332520e-04 -6.028413772583007812e-03 -5.093592405319213867e-02 9.380424395203590393e-03 -7.794088125228881836e-02 -1.320624351501464844e-01 -3.174114823341369629e-01 4.758253693580627441e-02
5.555555820465087891e-01 5.555555820465087891e-01 2.155213989317417145e-02 1.031067222356796265e-01 8.897254616022109985e-02 2.394276857376098633e-01 -4.232584685087203979e-02 8.372817039489746094e-01 3.883102238178253174e-01 1.008954763412475586e+00 2.991606593132019043e-01 2.031679078936576843e-02 1.029670462012290955e-01 7.899990677833557129e-02 1.856923997402191162e-01 -2.972079999744892120e-02 7.026370763778686523e-01 2.658752202987670898e-01 7.082878351211547852e-01 3.319929242134094238e-01 -1.235349103808403015e-03 -1.396760344505310059e-04 -9.972639381885528564e-03 -5.373528599739074707e-02 1.260504685342311859e-02 -1.346446275711059570e-01 -1.224350035190582275e-01 -3.006669282913208008e-01 3.283226490020751953e-02
6.666666865348815918e-01 5.555555820465087891e-01 1.895263232290744781e-02 9.723251312971115112e-02 4.707835614681243896e-02 2.011566609144210815e-01 -4.143312573432922363e-02 8.187743425369262695e-01 3.856348693370819092e-01 9.999201893806457520e-01 2.964599132537841797e-01 1.749571226537227631e-02 9.676300734281539917e-02 3.255947306752204895e-02 1.442086100578308105e-01 -2.966027520596981049e-02 5.872759819030761719e-01 2.789473235607147217e-01 7.224565744400024414e-01 2.949695587158203125e-01 -1.456920057535171509e-03 -4.695057868957519531e-04 -1.451888307929039001e-02 -5.694805085659027100e-02 1.177285052835941315e-02 -2.314983606338500977e-01 -1.066875457763671875e-01 -2.774636149406433105e-01 -1.490354537963867188e-03
7.777777910232543945e-01 5.555555820465087891e-01 1.406715530902147293e-02 9.153844416141510010e-02 1.599524915218353271e-02 1.755046993494033813e-01 -3.328879177570343018e-02 8.177821636199951172e-01 3.862319588661193848e-01 1.001093149185180664e+00 2.959739565849304199e-01 1.277235802263021469e-02 9.120990335941314697e-02 -2.833564300090074539e-03 1.233045086264610291e-01 -2.565145306289196014e-02 4.874440431594848633e-01 3.112013936042785645e-01 7.697849273681640625e-01 2.367954403162002563e-01 -1.294797286391258240e-03 -3.285408020019531250e-04 -1.882881298661231995e-02 -5.220019072294235229e-02 7.637338712811470032e-03 -3.303381204605102539e-01 -7.503056526184082031e-02 -2.313082218170166016e-01 -5.917851626873016357e-02
8.888888955116271973e-01 5.555555820465087891e-01 7.484976202249526978e-03 8.696596324443817139e-02 -1.536905765533447266e-03 1.643528044223785400e-01 -2.204570733010768890e-02 8.309124708175659180e-01 3.875875174999237061e-01 1.006296873092651367e+00 2.981542646884918213e-01 6.631914526224136353e-03 8.742401003837585449e-02 -2.314313128590583801e-02 1.255351006984710693e-01 -1.862251572310924530e-02 4.730949699878692627e-01 3.567090034484863281e-01 8.551916480064392090e-01 1.987244784832000732e-01 -8.530616760253906250e-04 4.580467939376831055e-04 -2.160622552037239075e-02 -3.881770372390747070e-02 3.423191606998443604e-03 -3.578175008296966553e-01 -3.087851405143737793e-02 -1.511052250862121582e-01 -9.942978620529174805e-02
1.111111119389533997e-01 6.666666865348815918e-01 4.936635494232177734e-03 1.148342117667198181e-01 1.977649331092834473e-01 3.202438354492187500e-01 4.330871626734733582e-02 1.011513113975524902e+00 4.430852234363555908e-01 1.159894824028015137e+00 3.088845312595367432e-01 3.847785294055938721e-03 1.140943244099617004e-01 1.867371797561645508e-01 2.768110930919647217e-01 3.526512905955314636e-02 9.052050709724426270e-01 3.271844387054443359e-01 8.760094046592712402e-01 3.387088477611541748e-01 -1.088850200176239014e-03 -7.398873567581176758e-04 -1.102775335311889648e-02 -4.343274235725402832e-02 -8.043587207794189453e-03 -1.063080430030822754e-01 -1.159007847309112549e-01 -2.838854193687438965e-01 2.982431650161743164e-02
2.222222238779067993e-01 6.666666865348815918e-01 9.277840144932270050e-03 1.258948594331741333e-01 2.003410160541534424e-01 3.561111688613891602e-01 1.360484957695007324e-02 1.020152211189270020e+00 4.657174050807952881e-01 1.212624073028564453e+00 3.018883764743804932e-01 8.381441235542297363e-03 1.262481808662414551e-01 1.883572638034820557e-01 3.063817024230957031e-01 9.560963138937950134e-03 9.193517565727233887e-01 3.496495783329010010e-01 9.309309720993041992e-01 3.312341868877410889e-01 -8.963989093899726868e-04 3.533214330673217773e-04 -1.198375225067138672e-02 -4.972946643829345703e-02 -4.043886438012123108e-03 -1.008004546165466309e-01 -1.160678267478942871e-01 -2.816931009292602539e-01 2.934581041336059570e-02
3.333333432674407959e-01 6.666666865348815918e-01 1.250000018626451492e-02 1.307920217514038086e-01 1.814370900392532349e-01 3.623705804347991943e-01 -2.258942835032939911e-02 1.017151594161987305e+00 4.888442158699035645e-01 1.264033913612365723e+00 2.928800880908966064e-01 1.163633912801742554e-02 1.315571963787078857e-01 1.711180210113525391e-01 3.069927990436553955e-01 -1.785338483750820160e-02 9.092346429824829102e-01 3.714004158973693848e-01 9.806740283966064453e-01 3.202382028102874756e-01 -8.636610582470893860e-04 7.651746273040771484e-04 -1.031906902790069580e-02 -5.537778139114379883e-02 4.736043512821197510e-03 -1.079169511795043945e-01 -1.174437999725341797e-01 -2.833598852157592773e-01 2.735811471939086914e-02
4.444444477558135986e-01 6.666666865348815918e-01 1.421447470784187317e-02 1.293017268180847168e-01 1.529332250356674194e-01 3.227280974388122559e-01 -4.736566543579101562e-02 1.003909587860107422e+00 4.453314244747161865e-01 1.163894295692443848e+00 3.067730665206909180e-01 1.325526088476181030e-02 1.297914534807205200e-01 1.391977071762084961e-01 2.674415111541748047e-01 -3.678205609321594238e-02 8.775288462638854980e-01 3.291352987289428711e-01 8.776757717132568359e-01 3.333054184913635254e-01 -9.592138230800628662e-04 4.897266626358032227e-04 -1.373551785945892334e-02 -5.528658628463745117e-02 1.058360934257507324e-02 -1.263807415962219238e-01 -1.161961257457733154e-01 -2.862185239791870117e-01 2.653235197067260742e-02
5.555555820465087891e-01 6.666666865348815918e-01 1.421447470784187317e-02 1.232213601469993591e-01 1.144358813762664795e-01 2.746795415878295898e-01 -5.768366158008575439e-02 9.865901470184326172e-01 4.258495569229125977e-01 1.116856217384338379e+00 3.113272190093994141e-01 1.312719285488128662e-02 1.231269687414169312e-01 9.964390844106674194e-02 2.171436250209808350e-01 -4.431109130382537842e-02 8.257095813751220703e-01 3.102061450481414795e-01 8.270486593246459961e-01 3.330630362033843994e-01 -1.087281852960586548e-03 -9.439140558242797852e-05 -1.479197293519973755e-02 -5.753591656684875488e-02 1.337257027626037598e-02 -1.608805656433105469e-01 -1.156434118747711182e-01 -2.898075580596923828e-01 2.173581719398498535e-02
6.666666865348815918e-01 6.666666865348815918e-01 1.249999832361936569e-02 1.153960153460502625e-01 7.625566422939300537e-02 2.336207181215286255e-01 -5.551856011152267456e-02 9.732995033264160156e-01 4.271129071712493896e-01 1.117826700210571289e+00 3.085846602916717529e-01 1.134860888123512268e-02 1.148790940642356873e-01 6.135721132159233093e-02 1.789526939392089844e-01 -4.213695973157882690e-02 7.656207084655761719e-01 3.192762136459350586e-01 8.409342169761657715e-01 3.169384300708770752e-01 -1.151389442384243011e-03 -5.169212818145751953e-04 -1.489845290780067444e-02 -5.466802418231964111e-02 1.338160037994384766e-02 -2.076787948608398438e-01 -1.078366935253143311e-01 -2.768924832344055176e-01 8.353769779205322266e-03
7.777777910232543945e-01 6.666666865348815918e-01 9.277836419641971588e-03 1.083871573209762573e-01 4.844866320490837097e-02 2.071126997470855713e-01 -4.270091280341148376e-02 9.703375697135925293e-01 4.307163655757904053e-01 1.125603675842285156e+00 3.066645860671997070e-01 8.150000125169754028e-03 1.079334318637847900e-01 3.250174596905708313e-02 1.595227420330047607e-01 -3.282172232866287231e-02 7.314203381538391113e-01 3.465986251831054688e-01 8.979573249816894531e-01 2.953850328922271729e-01 -1.127836294472217560e-03 -4.537254571914672852e-04 -1.594691723585128784e-02 -4.758995771408081055e-02 9.879190474748611450e-03 -2.389172315597534180e-01 -8.411774039268493652e-02 -2.276463508605957031e-01 -1.127955317497253418e-02
8.888888955116271973e-01 6.666666865348815918e-01 4.936633165925741196e-03 1.034068763256072998e-01 3.489273041486740112e-02 1.985883116722106934e-01 -2.583448775112628937e-02 9.790291190147399902e-01 4.327132999897003174e-01 1.131446838378906250e+00 3.073862493038177490e-01 3.823226317763328552e-03 1.036852374672889709e-01 1.755572482943534851e-02 1.622414886951446533e-01 -1.981540955603122711e-02 7.662869691848754883e-01 3.837811648845672607e-01 9.866312146186828613e-01 2.854086458683013916e-01 -1.113406848162412643e-03 2.783611416816711426e-04 -1.733700558543205261e-02 -3.634682297706604004e-02 6.019078195095062256e-03 -2.127421498298645020e-01 -4.893213510513305664e-02 -1.448156237602233887e-01 -2.197760343551635742e-02
1.111111119389533997e-01 7.777777910232543945e-01 2.442736178636550903e-03 1.350842267274856567e-01 1.655221432447433472e-01 3.092311918735504150e-01 5.742374435067176819e-02 1.011966705322265625e+00 4.419253170490264893e-01 1.157310366630554199e+00 3.093958497047424316e-01 1.213841140270233154e-03 1.344528049230575562e-01 1.442058384418487549e-01 2.593914568424224854e-01 4.871115833520889282e-02 8.626379370689392090e-01 3.522624373435974121e-01 9.301736354827880859e-01 3.202850222587585449e-01 -1.228895038366317749e-03 -6.314218044281005859e-04 -2.131630480289459229e-02 -4.983973503112792969e-02 -8.712586015462875366e-03 -1.493287682533264160e-01 -8.966287970542907715e-02 -2.271367311477661133e-01 1.088917255401611328e-02
2.222222238779067993e-01 7.777777910232543945e-01 4.590842407196760178e-03 1.485794633626937866e-01 1.743043512105941772e-01 3.503247797489166260e-01 2.336815744638442993e-02 1.018378853797912598e+00 4.652641415596008301e-01 1.211321353912353516e+00 3.017566204071044922e-01 3.439061343669891357e-03 1.488002240657806396e-01 1.530812978744506836e-01 2.917762696743011475e-01 1.895936205983161926e-02 8.742852807044982910e-01 3.710507154464721680e-01 9.751933217048645020e-01 3.140970766544342041e-01 -1.151781063526868820e-03 2.207607030868530273e-04 -2.122305333614349365e-02 -5.854851007461547852e-02 -4.408795386552810669e-03 -1.440935730934143066e-01 -9.421342611312866211e-02 -2.361280322074890137e-01 1.234045624732971191e-02
3.333333432674407959e-01 7.777777910232543945e-01 6.185225211083889008e-03 1.540875136852264404e-01 1.646952480077743530e-01 3.607938587665557861e-01 -1.963832601904869080e-02 1.016152024269104004e+00 4.893527328968048096e-01 1.264995217323303223e+00 2.925187349319458008e-01 5.205638706684112549e-03 1.547213047742843628e-01 1.472812443971633911e-01 2.958031296730041504e-01 -1.470666192471981049e-02 8.653535246849060059e-01 3.898453712463378906e-01 1.016839385032653809e+00 3.041572272777557373e-01 -9.795865043997764587e-04 6.337910890579223633e-04 -1.741400361061096191e-02 -6.499072909355163574e-02 4.931664094328880310e-03 -1.507984995841979980e-01 -9.950736165046691895e-02 -2.481558322906494141e-01 1.163849234580993652e-02
4.444444477558135986e-01 7.777777910232543945e-01 7.033578585833311081e-03 1.514431536197662354e-01 1.477824300527572632e-01 3.235862851142883301e-01 -5.039503425359725952e-02 1.006327986717224121e+00 4.481666982173919678e-01 1.170708894729614258e+00 3.061087727546691895e-01 6.221592426300048828e-03 1.518893390893936157e-01 1.279312372207641602e-01 2.616872489452362061e-01 -3.918371349573135376e-02 8.394843935966491699e-01 3.446500003337860107e-01 9.094868302345275879e-01 3.194354176521301270e-01 -8.119861595332622528e-04 4.461854696273803711e-04 -1.985119283199310303e-02 -6.189903616905212402e-02 1.121132075786590576e-02 -1.668435931205749512e-01 -1.035166978836059570e-01 -2.612220644950866699e-01 1.332664489746093750e-02
5.555555820465087891e-01 7.777777910232543945e-01 7.033577654510736465e-03 1.431671082973480225e-01 1.202568635344505310e-01 2.772948145866394043e-01 -6.293251365423202515e-02 9.935035109519958496e-01 4.298925399780273438e-01 1.127109527587890625e+00 3.109200596809387207e-01 6.325379014015197754e-03 1.430728137493133545e-01 1.004094779491424561e-01 2.185039818286895752e-01 -4.910270124673843384e-02 8.037138581275939941e-01 3.250639140605926514e-01 8.593379259109497070e-01 3.217985033988952637e-01 -7.081986404955387115e-04 -9.429454803466796875e-05 -1.984738558530807495e-02 -5.879083275794982910e-02 1.382981240749359131e-02 -1.897896528244018555e-01 -1.048286259174346924e-01 -2.677716016769409180e-01 1.087844371795654297e-02
6.666666865348815918e-01 7.777777910232543945e-01 6.185224745422601700e-03 1.331318467855453491e-01 9.227018058300018311e-02 2.380437552928924561e-01 -5.949009954929351807e-02 9.836792945861816406e-01 4.314952790737152100e-01 1.129353761672973633e+00 3.086514174938201904e-01 5.484052002429962158e-03 1.326140463352203369e-01 7.374357432126998901e-02 1.862666308879852295e-01 -4.597101360559463501e-02 7.783666849136352539e-01 3.335522115230560303e-01 8.755854964256286621e-01 3.125164806842803955e-01 -7.011727429926395416e-04 -5.178004503250122070e-04 -1.852660626173019409e-02 -5.177712440490722656e-02 1.351908594369888306e-02 -2.053126096725463867e-01 -9.794306755065917969e-02 -2.537682652473449707e-01 3.865063190460205078e-03
7.777777910232543945e-01 7.777777910232543945e-01 4.590841010212898254e-03 1.247495487332344055e-01 7.339872419834136963e-02 2.147665023803710938e-01 -4.335199296474456787e-02 9.814524650573730469e-01 4.356179833412170410e-01 1.138424038887023926e+00 3.066770136356353760e-01 3.760956227779388428e-03 1.242585629224777222e-01 5.595320835709571838e-02 1.718707084655761719e-01 -3.368306159973144531e-02 7.880924940109252930e-01 3.540830314159393311e-01 9.238847494125366211e-01 3.046158254146575928e-01 -8.298847824335098267e-04 -4.909858107566833496e-04 -1.744551584124565125e-02 -4.289579391479492188e-02 9.668931365013122559e-03 -1.933599710464477539e-01 -8.153495192527770996e-02 -2.145392894744873047e-01 -2.061188220977783203e-03
8.888888955116271973e-01 7.777777910232543945e-01 2.442735247313976288e-03 1.195303574204444885e-01 6.669191271066665649e-02 2.114276736974716187e-01 -2.360690571367740631e-02 9.878647923469543457e-01 4.392125904560089111e-01 1.147565484046936035e+00 3.063896000385284424e-01 1.276053488254547119e-03 1.196368485689163208e-01 5.003875121474266052e-02 1.778035163879394531e-01 -1.788326166570186615e-02 8.534016013145446777e-01 3.822024166584014893e-01 9.976693987846374512e-01 3.051583170890808105e-01 -1.166681759059429169e-03 1.064911484718322754e-04 -1.665316149592399597e-02 -3.362415730953216553e-02 5.723644047975540161e-03 -1.344631910324096680e-01 -5.701017379760742188e-02 -1.498960852622985840e-01 -1.231282949447631836e-03
1.111111119389533997e-01 8.888888955116271973e-01 6.498763104900717735e-04 1.556516736745834351e-01 1.421992927789688110e-01 3.006437122821807861e-01 7.424833625555038452e-02 1.006410717964172363e+00 4.378705918788909912e-01 1.147231936454772949e+00 3.100126385688781738e-01 -3.724023699760437012e-04 1.550948917865753174e-01 1.133166030049324036e-01 2.466857731342315674e-01 6.455247849225997925e-02 8.131405711174011230e-01 3.697890341281890869e-01 9.633361101150512695e-01 3.025482594966888428e-01 -1.022278680466115475e-03 -5.567818880081176758e-04 -2.888268977403640747e-02 -5.395793914794921875e-02 -9.695857763290405273e-03 -1.932701468467712402e-01 -6.808155775070190430e-02 -1.838958263397216797e-01 -7.464379072189331055e-03
2.222222238779067993e-01 8.888888955116271973e-01 1.221367856487631798e-03 1.717504113912582397e-01 1.578019708395004272e-01 3.406964838504791260e-01 3.605251386761665344e-02 1.009822607040405273e+00 4.435868859291076660e-01 1.160792708396911621e+00 3.084163963794708252e-01 2.056434750556945801e-04 1.716315150260925293e-01 1.297222524881362915e-01 2.766679227352142334e-01 3.116717934608459473e-02 8.309351801872253418e-01 3.627498745918273926e-01 9.500059485435485840e-01 3.094504475593566895e-01 -1.015724381431937218e-03 -1.188963651657104492e-04 -2.807971835136413574e-02 -6.402856111526489258e-02 -4.885334521532058716e-03 -1.788874268531799316e-01 -8.083701133728027344e-02 -2.107867598533630371e-01 1.034051179885864258e-03
3.333333432674407959e-01 8.888888955116271973e-01 1.645544543862342834e-03 1.778106987476348877e-01 1.575502306222915649e-01 3.484951555728912354e-01 -1.024960912764072418e-02 1.008637666702270508e+00 4.493914842605590820e-01 1.173842072486877441e+00 3.060350418090820312e-01 8.384808897972106934e-04 1.780588030815124512e-01 1.326425671577453613e-01 2.789401412010192871e-01 -7.914567366242408752e-03 8.326717019081115723e-01 3.548942804336547852e-01 9.322391152381896973e-01 3.134040236473083496e-01 -8.070636540651321411e-04 2.481043338775634766e-04 -2.490766346454620361e-02 -6.955501437187194824e-02 2.335041761398315430e-03 -1.759659647941589355e-01 -9.449720382690429688e-02 -2.416029572486877441e-01 7.368981838226318359e-03
4.444444477558135986e-01 8.888888955116271973e-01 1.871244283393025398e-03 1.737534850835800171e-01 1.451618671417236328e-01 3.204237520694732666e-01 -4.671724140644073486e-02 1.003410339355468750e+00 4.370261728763580322e-01 1.144866466522216797e+00 3.098374307155609131e-01 1.308552920818328857e-03 1.739655137062072754e-01 1.218651607632637024e-01 2.522852122783660889e-01 -3.738468140363693237e-02 8.201984167098999023e-01 3.332372605800628662e-01 8.804702162742614746e-01 3.210859298706054688e-01 -5.626913625746965408e-04 2.120286226272583008e-04 -2.329670637845993042e-02 -6.813853979110717773e-02 9.332560002803802490e-03 -1.832119226455688477e-01 -1.037889122962951660e-01 -2.643962502479553223e-01 1.124849915504455566e-02
5.555555820465087891e-01 8.888888955116271973e-01 1.871244050562381744e-03 1.629439592361450195e-01 1.239729300141334534e-01 2.779396772384643555e-01 -6.291540712118148804e-02 9.965866804122924805e-01 4.318402409553527832e-01 1.132013082504272461e+00 3.106849789619445801e-01 1.466609537601470947e-03 1.627993732690811157e-01 1.024274751543998718e-01 2.179642915725708008e-01 -4.956096410751342773e-02 8.016704916954040527e-01 3.273342549800872803e-01 8.643591403961181641e-01 3.203004002571105957e-01 -4.046345129609107971e-04 -1.445859670639038086e-04 -2.154545485973358154e-02 -5.997538566589355469e-02 1.335444301366806030e-02 -1.949161887168884277e-01 -1.045059859752655029e-01 -2.676539421081542969e-01 9.615421295166015625e-03
6.666666865348815918e-01 8.888888955116271973e-01 1.645544311031699181e-03 1.504400074481964111e-01 1.034293621778488159e-01 2.392389923334121704e-01 -5.823873355984687805e-02 9.913594126701354980e-01 4.329733848571777344e-01 1.133851408958435059e+00 3.093776702880859375e-01 1.234963536262512207e-03 1.500194668769836426e-01 8.338642865419387817e-02 1.906446516513824463e-01 -4.571573436260223389e-02 7.958117127418518066e-01 3.377282917499542236e-01 8.876212835311889648e-01 3.141056895256042480e-01 -4.105807747691869736e-04 -4.205405712127685547e-04 -2.004293352365493774e-02 -4.859434068202972412e-02 1.252299919724464417e-02 -1.955476999282836914e-01 -9.524509310722351074e-02 -2.462301254272460938e-01 4.728019237518310547e-03
7.777777910232543945e-01 8.888888955116271973e-01 1.221367507241666317e-03 1.406256109476089478e-01 9.131317585706710815e-02 2.177510559558868408e-01 -3.910619020462036133e-02 9.901744723320007324e-01 4.351855814456939697e-01 1.138731122016906738e+00 3.083282113075256348e-01 5.936473608016967773e-04 1.402534246444702148e-01 7.262077927589416504e-02 1.793254315853118896e-01 -3.117048181593418121e-02 8.211553692817687988e-01 3.536790311336517334e-01 9.278289675712585449e-01 3.116822242736816406e-01 -6.277201464399695396e-04 -3.721863031387329102e-04 -1.869239658117294312e-02 -3.842562437057495117e-02 7.935708388686180115e-03 -1.690191030502319336e-01 -8.150655031204223633e-02 -2.109021544456481934e-01 3.354012966156005859e-03
8.888888955116271973e-01 8.888888955116271973e-01 6.498760194517672062e-04 1.353364288806915283e-01 9.004023671150207520e-02 2.180640250444412231e-01 -1.764380745589733124e-02 9.935863614082336426e-01 4.371336996555328369e-01 1.143678426742553711e+00 3.081564903259277344e-01 -4.396140575408935547e-04 1.353303194046020508e-01 7.279967516660690308e-02 1.864078938961029053e-01 -1.355474255979061127e-02 8.900562524795532227e-01 3.741295039653778076e-01 9.844523668289184570e-01 3.156572580337524414e-01 -1.089490018784999847e-03 -6.109476089477539062e-06 -1.724056154489517212e-02 -3.165613114833831787e-02 4.089064896106719971e-03 -1.035301089286804199e-01 -6.300419569015502930e-02 -1.592260599136352539e-01 7.500767707824707031e-03
