# step, loss_components...
0.000000000000000000e+00 1.818205688476562500e+03 2.624010925292968750e+02 2.798246219754219055e-02 1.909576356410980225e-02 3.236379940062761307e-03 6.574781984090805054e-02 3.630822058767080307e-03 8.808799088001251221e-03 4.588808224070817232e-04 1.111389882862567902e-02 3.576407674700021744e-03 7.568097114562988281e-02 3.333467102050781250e+01 2.769222557544708252e-01 9.217813611030578613e-02
1.000000000000000000e+03 3.080199062824249268e-01 8.938740938901901245e-02 6.173283606767654419e-02 7.608915865421295166e-02 1.774244457483291626e-01 1.261884719133377075e-01 6.257645785808563232e-03 1.642409339547157288e-02 3.986402601003646851e-02 3.760228678584098816e-02 5.424492433667182922e-02 4.633180797100067139e-02 2.279435843229293823e-02 1.723218709230422974e-02 7.230085320770740509e-03
2.000000000000000000e+03 7.918077707290649414e-02 3.127151355147361755e-02 2.329822629690170288e-02 4.067330807447433472e-02 4.400425776839256287e-02 4.586264863610267639e-02 8.253483101725578308e-03 4.569884389638900757e-03 6.985755637288093567e-03 1.470783911645412445e-02 2.293403446674346924e-02 3.059387207031250000e-02 7.992691360414028168e-03 9.828085079789161682e-03 2.773968270048499107e-03
3.000000000000000000e+03 3.833197802305221558e-02 1.305699534714221954e-02 1.833065785467624664e-02 2.273408323526382446e-02 1.576759479939937592e-02 1.404192950576543808e-02 7.775342091917991638e-03 1.179795013740658760e-03 3.516639349982142448e-03 4.913436714559793472e-03 1.030080765485763550e-02 1.668095402419567108e-02 3.138450905680656433e-03 5.677785258740186691e-03 3.170884912833571434e-03
4.000000000000000000e+03 2.004765160381793976e-02 4.513223655521869659e-03 4.874727223068475723e-03 4.561099689453840256e-03 8.995169773697853088e-03 2.080762758851051331e-03 3.137020627036690712e-03 3.187283582519739866e-04 2.624405082315206528e-03 1.262912526726722717e-03 6.858419626951217651e-03 8.481345139443874359e-03 9.739811648614704609e-04 3.819936886429786682e-03 4.408572334796190262e-03
5.000000000000000000e+03 1.582205295562744141e-02 3.964063245803117752e-03 3.832509508356451988e-03 3.448878414928913116e-03 5.470861680805683136e-03 8.548667537979781628e-04 1.101521309465169907e-03 2.901132393162697554e-04 1.248624641448259354e-03 4.846714145969599485e-04 4.508836660534143448e-03 5.655550397932529449e-03 6.962101324461400509e-04 3.114252584055066109e-03 4.077974241226911545e-03
6.000000000000000000e+03 6.538011133670806885e-02 1.014039851725101471e-02 2.250127866864204407e-02 1.399000268429517746e-02 3.963317256420850754e-03 1.162208383902907372e-03 6.279947119764983654e-04 3.187795518897473812e-04 7.534147589467465878e-04 4.243021830916404724e-04 2.975627314299345016e-03 1.295779738575220108e-02 2.430014545097947121e-03 2.187229925766587257e-03 3.161197761073708534e-03
7.000000000000000000e+03 5.686692893505096436e-03 1.111877849325537682e-03 1.478820340707898140e-03 1.790270558558404446e-03 2.706159371882677078e-03 6.726003484800457954e-04 2.325353416381403804e-04 2.293477155035361648e-04 4.506972618401050568e-04 1.813293201848864555e-04 1.925930730067193508e-03 2.995398594066500664e-03 2.913056814577430487e-04 1.817338401451706886e-03 2.693376038223505020e-03
8.000000000000000000e+03 4.211572930216789246e-03 8.865235140547156334e-04 1.167685259133577347e-03 1.382734742946922779e-03 2.145016333088278770e-03 6.526536308228969574e-04 1.796837168512865901e-04 2.189494844060391188e-04 2.756143803708255291e-04 1.336627901764586568e-04 1.369761303067207336e-03 2.206693869084119797e-03 2.745589008554816246e-04 1.307462225668132305e-03 2.107390202581882477e-03
9.000000000000000000e+03 5.295439437031745911e-02 2.929718047380447388e-02 1.322252117097377777e-02 1.314433198422193527e-02 1.934799249283969402e-03 9.143803617917001247e-04 3.276709176134318113e-04 2.534133382141590118e-04 2.161070442525669932e-04 1.564687263453379273e-04 1.295409630984067917e-03 2.003960544243454933e-03 7.886057719588279724e-03 7.342167664319276810e-04 1.716946600936353207e-03
1.000000000000000000e+04 4.369115456938743591e-02 4.089574515819549561e-02 8.267832919955253601e-03 7.704462856054306030e-03 1.664691721089184284e-03 5.338434129953384399e-04 1.721023436402902007e-04 2.140994329238310456e-04 1.370017562294378877e-04 6.379464321071282029e-05 8.210271480493247509e-04 4.284098278731107712e-03 4.890801850706338882e-03 6.409772904589772224e-04 1.322537893429398537e-03
1.100000000000000000e+04 2.736667403951287270e-03 4.991543246433138847e-04 6.337384111247956753e-04 9.033962851390242577e-04 1.250642118975520134e-03 4.903591470792889595e-04 1.476930337958037853e-04 1.614154025446623564e-04 1.085944095393642783e-04 4.817760418518446386e-05 5.201181629672646523e-04 9.117659647017717361e-04 1.483978121541440487e-04 6.056627607904374599e-04 1.041678013280034065e-03
1.200000000000000000e+04 5.729346536099910736e-03 1.485457061789929867e-03 1.776706660166382790e-03 1.333105377852916718e-03 1.088656601496040821e-03 4.266097384970635176e-04 1.342858013231307268e-04 1.291827356908470392e-04 8.562783477827906609e-05 3.808289329754188657e-05 4.107848508283495903e-04 1.321206567808985710e-03 2.339575439691543579e-04 4.893645527772605419e-04 8.742265054024755955e-04
1.300000000000000000e+04 2.244786359369754791e-03 4.220319679006934166e-04 7.405683281831443310e-04 7.085160468704998493e-04 9.696110500954091549e-04 3.901773307006806135e-04 1.349353551631793380e-04 1.149657473433762789e-04 7.643655408173799515e-05 3.342725176480598748e-05 3.304136916995048523e-04 5.855453200638294220e-04 1.293771347263827920e-04 3.602323122322559357e-04 7.113640313036739826e-04
1.400000000000000000e+04 4.518807679414749146e-02 6.180413067340850830e-03 9.781070053577423096e-03 4.438313189893960953e-03 1.001810771413147449e-03 5.334081361070275307e-04 1.833646674640476704e-04 1.376465661451220512e-04 8.562407310819253325e-05 4.311801967560313642e-05 4.368442459963262081e-04 4.399970639497041702e-03 3.824436862487345934e-04 3.784613218158483505e-04 4.960697842761874199e-04
1.500000000000000000e+04 1.658874214626848698e-03 3.120436740573495626e-04 4.386960063129663467e-04 5.296088638715445995e-04 7.877495954744517803e-04 3.091239777859300375e-04 1.201382765430025756e-04 9.350296750199049711e-05 6.553978892043232918e-05 2.787704579532146454e-05 2.400072116870433092e-04 4.081938532181084156e-04 1.178420134237967432e-04 2.366916305618360639e-04 4.767001955769956112e-04
1.600000000000000000e+04 7.880729623138904572e-03 1.702500740066170692e-03 2.349682152271270752e-03 1.203283085487782955e-03 7.537005585618317127e-04 2.575103135313838720e-04 1.010684136417694390e-04 7.848162931622937322e-05 5.559856799663975835e-05 2.622946703922934830e-05 2.031024923780933022e-04 1.311940839514136314e-03 1.869300176622346044e-04 2.099337580148130655e-04 4.173241031821817160e-04
1.700000000000000000e+04 4.276332445442676544e-03 6.244625546969473362e-04 1.563659985549747944e-03 1.516170566901564598e-03 6.774535868316888809e-04 2.822952810674905777e-04 1.042663643602281809e-04 7.018139149295166135e-05 5.660216993419453502e-05 2.339146885788068175e-05 2.241165202576667070e-04 4.847956006415188313e-04 1.479890197515487671e-04 2.383168466622009873e-04 3.223306557629257441e-04
1.800000000000000000e+04 4.250286146998405457e-03 9.888550266623497009e-04 1.023947028443217278e-03 8.370080613531172276e-04 6.569327088072896004e-04 2.586548216640949249e-04 1.019837509375065565e-04 6.307554576778784394e-05 5.026529834140092134e-05 2.563722227932885289e-05 1.639107795199379325e-04 6.938960868865251541e-04 1.451344287488609552e-04 1.516779157100245357e-04 2.850833116099238396e-04
1.900000000000000000e+04 2.064881147816777229e-03 3.552675771061331034e-04 3.598844050429761410e-04 4.599282110575586557e-04 5.895225913263857365e-04 2.155756374122574925e-04 8.865127165336161852e-05 5.513550058822147548e-05 4.240077032591216266e-05 2.070886512228753418e-05 1.484332606196403503e-04 2.938726102001965046e-04 9.090589446714147925e-05 1.340389280812814832e-04 2.503455907572060823e-04
2.000000000000000000e+04 4.002770408987998962e-03 8.066919399425387383e-04 8.378494530916213989e-04 6.785227451473474503e-04 5.730657721869647503e-04 2.175348199671134353e-04 8.752231224207207561e-05 5.274351133266463876e-05 3.952349288738332689e-05 2.244238748971838504e-05 1.359666493954136968e-04 5.633588298223912716e-04 1.228383043780922890e-04 1.116462881327606738e-04 2.130464272340759635e-04
2.100000000000000000e+04 2.178575098514556885e-02 1.289085298776626587e-02 5.611634347587823868e-03 3.515406744554638863e-03 5.952454521320760250e-04 2.449807943776249886e-04 1.372520346194505692e-04 5.347380283637903631e-05 4.650046321330592036e-05 2.313611548743210733e-05 1.175225130282342434e-03 2.511259634047746658e-03 1.650082645937800407e-03 1.438765611965209246e-04 1.546867279103025794e-04
2.200000000000000000e+04 4.373956937342882156e-03 7.347228238359093666e-04 6.057225400581955910e-04 5.121156573295593262e-04 5.103404982946813107e-04 1.682849979260936379e-04 7.244569133035838604e-05 3.882070814142934978e-05 3.608256884035654366e-05 1.648857323743868619e-05 1.262956502614542842e-04 2.595242112874984741e-04 9.890565706882625818e-05 9.558247256791219115e-05 1.532977912575006485e-04
2.300000000000000000e+04 2.254704711958765984e-03 1.094652689062058926e-03 8.055285434238612652e-04 5.506682209670543671e-04 4.729409702122211456e-04 1.495151955168694258e-04 6.242519157240167260e-05 4.083518797415308654e-05 2.815682637447025627e-05 1.817752672650385648e-05 1.244552549906075001e-04 4.619295068550854921e-04 1.343098410870879889e-04 6.915950507391244173e-05 1.444891822757199407e-04
2.400000000000000000e+04 1.050722133368253708e-02 6.045953836292028427e-03 2.933003939688205719e-03 2.388998167589306831e-03 5.439884262159466743e-04 1.516949851065874100e-04 6.566230877069756389e-05 2.667192529770545661e-05 3.229273715987801552e-05 1.609684841241687536e-05 1.195294244098477066e-04 1.380366971716284752e-03 5.922419950366020203e-04 1.138251609518192708e-04 1.211400376632809639e-04
2.500000000000000000e+04 2.706660190597176552e-03 5.487742018885910511e-04 1.379459863528609276e-03 1.162752858363091946e-03 4.382575280033051968e-04 1.370878890156745911e-04 7.322442979784682393e-05 3.337188172736205161e-05 3.218479469069279730e-05 2.029441202466841787e-05 2.693408459890633821e-04 1.919085625559091568e-04 2.093151415465399623e-04 8.124742453219369054e-05 9.792960190679877996e-05
2.600000000000000000e+04 7.057294249534606934e-02 1.614421978592872620e-02 1.960538327693939209e-02 8.754696696996688843e-03 8.731866255402565002e-04 2.599283179733902216e-04 1.136106293415650725e-04 2.944862535514403135e-05 3.820536585408262908e-05 2.439665877318475395e-05 2.810906153172254562e-04 9.434193372726440430e-03 9.359747637063264847e-04 1.928988203871995211e-04 6.456213304772973061e-05
2.700000000000000000e+04 9.447534685023128986e-04 2.319255436304956675e-04 2.698839816730469465e-04 2.665038919076323509e-04 3.859471762552857399e-04 9.827980102272704244e-05 4.847601303481496871e-05 2.474169377819634974e-05 2.221811519120819867e-05 1.437494847777998075e-05 8.876476931618526578e-05 1.784835621947422624e-04 6.341811968013644218e-05 4.465612073545344174e-05 8.559463458368554711e-05
2.800000000000000000e+04 1.111138029955327511e-03 3.178301558364182711e-04 2.906275913119316101e-04 3.190950956195592880e-04 3.718489024322479963e-04 1.022055730572901666e-04 4.919275306747294962e-05 2.352785122639033943e-05 2.219310590589884669e-05 1.335710840066894889e-05 8.750289271119982004e-05 2.165831101592630148e-04 6.487244536401703954e-05 4.262663060217164457e-05 7.161119719967246056e-05
2.900000000000000000e+04 9.772850573062896729e-02 2.638262137770652771e-02 2.661165036261081696e-02 1.097353827208280563e-02 1.001144642941653728e-03 1.070941507350653410e-04 6.448796921176835895e-05 2.612786738609429449e-05 1.492856517870677635e-05 3.042887874471489340e-05 2.098049299092963338e-04 1.371364481747150421e-02 1.542336889542639256e-03 9.017834236146882176e-05 9.938007860910147429e-05
3.000000000000000000e+04 1.095393905416131020e-03 3.101687470916658640e-04 4.793033585883677006e-04 6.232676678337156773e-04 3.427604096941649914e-04 8.019754022825509310e-05 3.729094896698370576e-05 1.615277324162889272e-05 2.013420817092992365e-05 1.347741363133536652e-05 8.000504021765664220e-05 1.447537797503173351e-04 1.281795121030882001e-04 4.845116563956253231e-05 5.952520223218016326e-05
3.100000000000000000e+04 1.642035320401191711e-02 2.511372789740562439e-03 5.741009488701820374e-03 2.422095742076635361e-03 3.744080895557999611e-04 7.637072849320247769e-05 5.352522930479608476e-05 2.557634434197098017e-05 1.299751966143958271e-05 3.075187123613432050e-05 1.718815183266997337e-03 7.676034001633524895e-04 8.556643151678144932e-04 4.006705785286612809e-05 1.001318887574598193e-04
3.200000000000000000e+04 7.245451561175286770e-04 2.103367150994017720e-04 2.200439921580255032e-04 2.211725077359005809e-04 3.134029102511703968e-04 7.045303209451958537e-05 3.779182588914409280e-05 1.672238795435987413e-05 1.729755967971868813e-05 1.193509615404764190e-05 7.137197826523333788e-05 1.472849398851394653e-04 5.469578536576591432e-05 2.437184593873098493e-05 4.725477265310473740e-05
3.300000000000000000e+04 5.587172927334904671e-04 1.656932436162605882e-04 1.950171281350776553e-04 2.587535418570041656e-04 3.006239130627363920e-04 6.441454024752601981e-05 3.466318594291806221e-05 1.413143309036968276e-05 1.649293881200719625e-05 1.122050707635935396e-05 6.857027619844302535e-05 1.239195698872208595e-04 5.441822941065765917e-05 2.745099482126533985e-05 4.117712524021044374e-05
3.400000000000000000e+04 1.723436452448368073e-02 3.059917828068137169e-03 5.175880622118711472e-03 1.750919967889785767e-03 4.015093145426362753e-04 5.330127896741032600e-05 3.423462476348504424e-05 1.231492660735966638e-05 1.565613274578936398e-05 2.297868741152342409e-05 1.198065583594143391e-03 7.482562214136123657e-04 1.332926331087946892e-04 6.963260966585949063e-05 4.771621752297505736e-05
3.500000000000000000e+04 5.793983582407236099e-04 1.613234780961647630e-04 1.761412568157538772e-04 2.181170857511460781e-04 2.808953868225216866e-04 6.211712025105953217e-05 3.511611066642217338e-05 1.406081537425052375e-05 1.672888174653053284e-05 9.996399967349134386e-06 7.417955930577591062e-05 1.226833410328254104e-04 4.759055809699930251e-05 2.010529897233936936e-05 3.100747926509939134e-05
3.600000000000000000e+04 4.807534860447049141e-04 1.433232246199622750e-04 1.427758834324777126e-04 1.919709757203236222e-04 2.687831583898514509e-04 5.646185672958381474e-05 3.154274236294440925e-05 1.269161657546646893e-05 1.499187328590778634e-05 1.018730290525127202e-05 6.102119004935957491e-05 1.073992170859128237e-04 4.475818786886520684e-05 1.750940464262384921e-05 3.079332964261993766e-05
3.700000000000000000e+04 5.818300414830446243e-04 3.298557130619883537e-04 1.888477272586897016e-04 2.968703338410705328e-04 2.588892530184239149e-04 5.576561306952498853e-05 3.082303737755864859e-05 1.114154474635142833e-05 1.417152270732913166e-05 9.836870958679355681e-06 7.074001041473820806e-05 1.164192944997921586e-04 9.242451778845861554e-05 2.047019916062708944e-05 2.715645496209617704e-05
3.800000000000000000e+04 4.440420772880315781e-03 7.201929693110287189e-04 8.543315925635397434e-04 3.832692746073007584e-04 2.732319699134677649e-04 3.427078991080634296e-05 2.918725658673793077e-05 7.339182957366574556e-06 1.314372912020189688e-05 1.096578398573910818e-05 1.693257509032264352e-04 2.163151657441630960e-04 6.047238275641575456e-05 1.955570405698381364e-05 2.950891212094575167e-05
3.900000000000000000e+04 1.467859023250639439e-03 3.920776944141834974e-04 3.891528467647731304e-04 2.780647482722997665e-04 2.479261311236768961e-04 4.536948472377844155e-05 2.558660344220697880e-05 9.420079550181981176e-06 1.269632321054814383e-05 1.035182776831788942e-05 1.087101918528787792e-04 1.288051280425861478e-04 5.390240767155773938e-05 1.539654658699873835e-05 2.611206400615628809e-05
4.000000000000000000e+04 7.594184717163443565e-04 2.342099614907056093e-04 1.989957818295806646e-04 2.070472546620294452e-04 2.356910699745640159e-04 4.623081258614547551e-05 2.853473779396153986e-05 9.030021828948520124e-06 1.142609926318982616e-05 1.167563368653645739e-05 5.827915811096318066e-05 9.820272680371999741e-05 4.399964382173493505e-05 9.721229616843629628e-06 2.470287108735647053e-05
4.100000000000000000e+04 2.438310766592621803e-03 3.163419314660131931e-04 3.020982549060136080e-04 2.275984588777646422e-04 2.364592073718085885e-04 4.517240085988305509e-05 2.366995977354235947e-05 8.781046744843479246e-06 1.364259514957666397e-05 7.732929589110426605e-06 7.947238191263750196e-05 1.023406366584822536e-04 4.159143281867727637e-05 1.639402580622117966e-05 1.884154880826827139e-05
4.200000000000000000e+04 5.516565870493650436e-03 1.200581435114145279e-03 1.088230288587510586e-03 5.840650410391390324e-04 2.547835756558924913e-04 3.594410009100101888e-05 2.556724575697444379e-05 1.048174999596085399e-05 1.283094024984166026e-05 9.667627637099940330e-06 5.507057358045130968e-05 5.159322172403335571e-04 1.586308644618839025e-04 6.417805707314983010e-06 1.915407847263850272e-05
4.300000000000000000e+04 1.559284515678882599e-03 3.326360019855201244e-04 3.730309254024177790e-04 2.553499944042414427e-04 2.147690247511491179e-04 3.453020690358243883e-05 2.156426853616721928e-05 7.614940386702073738e-06 1.016239639284322038e-05 9.627844519854988903e-06 5.456311919260770082e-05 1.795142015907913446e-04 5.421935202321037650e-05 1.140088716056197882e-05 1.941831942531280220e-05
4.400000000000000000e+04 8.057737350463867188e-02 9.688178077340126038e-03 1.443793438374996185e-02 5.140061955899000168e-03 5.807285197079181671e-04 5.913892528042197227e-05 4.037796679767780006e-05 7.282915703399339691e-06 5.485975634655915201e-06 3.468465365585871041e-05 1.605116121936589479e-04 5.740939173847436905e-03 4.838575550820678473e-04 4.073231684742495418e-05 4.575951606966555119e-05
4.500000000000000000e+04 5.080114305019378662e-02 3.907165303826332092e-02 1.666421256959438324e-02 7.744467817246913910e-03 6.499185110442340374e-04 7.480777276214212179e-05 2.860806671378668398e-05 4.056554462295025587e-05 1.989174415939487517e-05 4.022116991109214723e-05 1.345340861007571220e-03 4.857850726693868637e-03 1.112207421101629734e-03 2.490264705556910485e-05 2.609682087495457381e-05
4.600000000000000000e+04 8.291000872850418091e-02 1.351890619844198227e-02 1.460078265517950058e-02 5.001157056540250778e-03 5.882291006855666637e-04 3.982621637987904251e-05 2.300322921655606478e-05 5.173615591047564521e-06 5.910796062380541116e-06 2.521549140510614961e-05 8.923804125515744090e-05 7.407725322991609573e-03 6.289048469625413418e-04 2.947699249489232898e-05 2.880964166251942515e-05
4.700000000000000000e+04 1.527417823672294617e-02 2.511983737349510193e-03 8.865272393450140953e-04 3.616541216615587473e-04 2.195565612055361271e-04 2.438219416944775730e-05 2.108637090714182705e-05 5.920064722886309028e-06 8.935869118431583047e-06 9.341592885903082788e-06 8.057602826738730073e-05 1.828889362514019012e-04 2.186859201174229383e-04 7.660765731998253614e-06 1.483324649598216638e-05
4.800000000000000000e+04 5.775027722120285034e-02 1.428226102143526077e-02 1.310654357075691223e-02 5.964928772300481796e-03 5.710535915568470955e-04 9.348507592221722007e-05 3.177772305207327008e-05 7.283385457412805408e-06 1.462238924432313070e-05 1.381956462864764035e-05 9.936108835972845554e-05 7.191589102149009705e-03 1.010096399113535881e-03 5.848869113833643496e-05 8.409904694417491555e-06
4.900000000000000000e+04 9.149228571914136410e-04 3.451787633821368217e-04 3.487241046968847513e-04 2.522251452319324017e-04 1.831733970902860165e-04 2.393019349256064743e-05 1.511355549155268818e-05 5.212820269662188366e-06 8.822635209071449935e-06 8.039314707275480032e-06 7.804814231349155307e-05 9.218567720381543040e-05 4.706359322881326079e-05 9.329781278211157769e-06 1.381859419780084863e-05
5.000000000000000000e+04 1.496082916855812073e-02 2.980116987600922585e-03 9.478493593633174896e-03 8.643673732876777649e-03 2.979768032673746347e-04 9.306795254815369844e-05 8.091406925814226270e-05 1.426683502359082922e-05 2.055769436992704868e-05 9.973670239560306072e-05 1.045221652020700276e-04 2.564846770837903023e-03 1.651708735153079033e-03 2.617869358800817281e-05 6.945628410903736949e-05
