# step train_loss_terms test_loss_terms
0.000000000000000000e+00 9.911634773015975952e-02 1.343398839235305786e-01 3.661014139652252197e-02 4.194105565547943115e-01 4.377834126353263855e-02 2.245000330731272697e-03 2.771989384200423956e-04 6.682935357093811035e-02 2.158658951520919800e-02 1.250363327562808990e-02 4.186200350522994995e-02 9.911634773015975952e-02 1.343398839235305786e-01 3.661014139652252197e-02 4.194105565547943115e-01 4.377834126353263855e-02 2.245000330731272697e-03 2.771989384200423956e-04 6.682935357093811035e-02 2.158658951520919800e-02 1.250363327562808990e-02 4.186200350522994995e-02
1.000000000000000000e+03 9.259025100618600845e-04 2.625897061079740524e-03 1.776547724148258567e-04 2.382212405791506171e-04 4.567925643641501665e-04 1.008210074360249564e-05 1.941377377079334110e-05 1.585907739354297519e-06 6.576976738870143890e-05 5.008756124880164862e-05 2.941404272860381752e-05 9.259025100618600845e-04 2.625897061079740524e-03 1.776547724148258567e-04 2.382212405791506171e-04 4.567925643641501665e-04 1.008210074360249564e-05 1.941377377079334110e-05 1.585907739354297519e-06 6.576976738870143890e-05 5.008756124880164862e-05 2.941404272860381752e-05
2.000000000000000000e+03 1.200231257826089859e-03 2.168491249904036522e-03 3.130724944639950991e-04 2.709875698201358318e-04 4.651331400964409113e-04 3.652461236924864352e-05 4.004469519713893533e-05 9.028139174915850163e-05 1.011869899230077863e-04 5.071781197329983115e-05 9.268143912777304649e-05 1.200231257826089859e-03 2.168491249904036522e-03 3.130724944639950991e-04 2.709875698201358318e-04 4.651331400964409113e-04 3.652461236924864352e-05 4.004469519713893533e-05 9.028139174915850163e-05 1.011869899230077863e-04 5.071781197329983115e-05 9.268143912777304649e-05
3.000000000000000000e+03 6.964210188016295433e-04 4.798154695890843868e-04 7.267179898917675018e-05 1.549259468447417021e-04 5.405729461926966906e-05 1.426542621629778296e-05 1.993368641706183553e-05 5.383259122027084231e-06 4.047428956255316734e-05 1.852367495303042233e-05 2.489220059942454100e-05 6.964210188016295433e-04 4.798154695890843868e-04 7.267179898917675018e-05 1.549259468447417021e-04 5.405729461926966906e-05 1.426542621629778296e-05 1.993368641706183553e-05 5.383259122027084231e-06 4.047428956255316734e-05 1.852367495303042233e-05 2.489220059942454100e-05
4.000000000000000000e+03 6.593423313461244106e-04 3.811479837168008089e-04 3.808463952736929059e-05 1.296692062169313431e-04 3.131899575237184763e-05 1.076862008630996570e-05 1.044244345393963158e-05 7.046335213090060279e-06 1.832346788432914764e-05 1.598144444869831204e-05 1.209120819112285972e-05 6.593423313461244106e-04 3.811479837168008089e-04 3.808463952736929059e-05 1.296692062169313431e-04 3.131899575237184763e-05 1.076862008630996570e-05 1.044244345393963158e-05 7.046335213090060279e-06 1.832346788432914764e-05 1.598144444869831204e-05 1.209120819112285972e-05
5.000000000000000000e+03 5.965210730209946632e-04 2.906169684138149023e-04 2.386716732871718705e-05 1.043692100211046636e-04 1.727113703964278102e-05 4.132591129746288061e-06 1.127106497733620927e-05 4.303229161450872198e-06 1.224883908435003832e-05 1.017102113110013306e-05 7.077686859702225775e-06 5.965210730209946632e-04 2.906169684138149023e-04 2.386716732871718705e-05 1.043692100211046636e-04 1.727113703964278102e-05 4.132591129746288061e-06 1.127106497733620927e-05 4.303229161450872198e-06 1.224883908435003832e-05 1.017102113110013306e-05 7.077686859702225775e-06
6.000000000000000000e+03 5.243706400506198406e-04 2.609515504445880651e-04 2.596709055069368333e-05 1.090389923774637282e-04 3.218478741473518312e-05 2.468849970682640560e-06 1.300422445638105273e-05 4.946638910041656345e-06 6.507502803287934512e-06 1.411008270224556327e-05 4.900959538645111024e-06 5.243706400506198406e-04 2.609515504445880651e-04 2.596709055069368333e-05 1.090389923774637282e-04 3.218478741473518312e-05 2.468849970682640560e-06 1.300422445638105273e-05 4.946638910041656345e-06 6.507502803287934512e-06 1.411008270224556327e-05 4.900959538645111024e-06
7.000000000000000000e+03 4.414912255015224218e-04 2.132131921825930476e-04 2.284772745042573661e-05 7.487841503461822867e-05 8.763981895754113793e-06 1.311685650762228761e-06 6.187881808727979660e-06 2.591291149656171910e-06 4.517464276432292536e-06 1.151433389168232679e-05 2.112831452905084006e-06 4.414912255015224218e-04 2.132131921825930476e-04 2.284772745042573661e-05 7.487841503461822867e-05 8.763981895754113793e-06 1.311685650762228761e-06 6.187881808727979660e-06 2.591291149656171910e-06 4.517464276432292536e-06 1.151433389168232679e-05 2.112831452905084006e-06
8.000000000000000000e+03 3.643765812739729881e-04 2.252656850032508373e-04 4.967937638866715133e-05 8.518199319951236248e-05 3.656336775748059154e-05 9.897824384097475559e-06 1.225819141836836934e-05 2.574372047092765570e-06 4.631218416761839762e-06 1.378254273731727153e-05 2.099652419929043390e-06 3.643765812739729881e-04 2.252656850032508373e-04 4.967937638866715133e-05 8.518199319951236248e-05 3.656336775748059154e-05 9.897824384097475559e-06 1.225819141836836934e-05 2.574372047092765570e-06 4.631218416761839762e-06 1.378254273731727153e-05 2.099652419929043390e-06
9.000000000000000000e+03 3.053392574656754732e-04 1.880264608189463615e-04 2.992005101987160742e-05 5.137285916134715080e-05 1.024410084937699139e-05 2.270833647344261408e-06 2.055058985206414945e-06 2.194380385844851844e-06 3.472873459031688981e-06 1.182323285320308059e-05 1.088338876797934063e-06 3.053392574656754732e-04 1.880264608189463615e-04 2.992005101987160742e-05 5.137285916134715080e-05 1.024410084937699139e-05 2.270833647344261408e-06 2.055058985206414945e-06 2.194380385844851844e-06 3.472873459031688981e-06 1.182323285320308059e-05 1.088338876797934063e-06
1.000000000000000000e+04 2.582641318440437317e-04 1.902664225781336427e-04 3.058607762795872986e-05 4.023105793748982251e-05 6.177904197102179751e-06 2.349527676415164024e-06 3.577700624646240612e-07 2.087015673168934882e-06 3.681555654111434706e-06 8.050172255025245249e-06 2.675019686648738571e-06 2.582641318440437317e-04 1.902664225781336427e-04 3.058607762795872986e-05 4.023105793748982251e-05 6.177904197102179751e-06 2.349527676415164024e-06 3.577700624646240612e-07 2.087015673168934882e-06 3.681555654111434706e-06 8.050172255025245249e-06 2.675019686648738571e-06
1.100000000000000000e+04 2.202020550612360239e-04 4.660199047066271305e-04 2.671779839147347957e-05 4.658752368413843215e-05 1.934265128511469811e-05 1.891771148621046450e-06 4.339609915859909961e-07 6.243883035494945943e-06 3.335797146064578556e-06 7.594490398332709447e-06 4.981191523256711662e-06 2.202020550612360239e-04 4.660199047066271305e-04 2.671779839147347957e-05 4.658752368413843215e-05 1.934265128511469811e-05 1.891771148621046450e-06 4.339609915859909961e-07 6.243883035494945943e-06 3.335797146064578556e-06 7.594490398332709447e-06 4.981191523256711662e-06
1.200000000000000000e+04 1.743630855344235897e-04 1.605384022695943713e-04 2.040792060142848641e-05 2.335171302547678351e-05 4.791516857949318364e-06 8.351894393854308873e-07 9.192670802349311998e-08 6.824215006417944096e-07 1.612215328350430354e-06 7.819257007213309407e-06 8.063832979132712353e-07 1.743630855344235897e-04 1.605384022695943713e-04 2.040792060142848641e-05 2.335171302547678351e-05 4.791516857949318364e-06 8.351894393854308873e-07 9.192670802349311998e-08 6.824215006417944096e-07 1.612215328350430354e-06 7.819257007213309407e-06 8.063832979132712353e-07
1.300000000000000000e+04 1.417606108589097857e-04 1.796662108972668648e-04 1.738280843710526824e-05 2.083607796521391720e-05 5.126767064211890101e-06 5.861933800588303711e-07 1.399921529809944332e-06 6.039498998688941356e-07 3.006968199770199135e-06 8.012088073883205652e-06 1.668795675868750550e-06 1.417606108589097857e-04 1.796662108972668648e-04 1.738280843710526824e-05 2.083607796521391720e-05 5.126767064211890101e-06 5.861933800588303711e-07 1.399921529809944332e-06 6.039498998688941356e-07 3.006968199770199135e-06 8.012088073883205652e-06 1.668795675868750550e-06
1.400000000000000000e+04 1.179569444502703846e-04 1.742890017339959741e-04 1.499054815212730318e-05 1.565923230373300612e-05 3.216749291823362000e-06 3.751893871140055126e-07 1.067894118023104966e-06 1.002032036012678873e-06 3.346956418681656942e-06 8.794071618467569351e-06 1.858580390035058372e-06 1.179569444502703846e-04 1.742890017339959741e-04 1.499054815212730318e-05 1.565923230373300612e-05 3.216749291823362000e-06 3.751893871140055126e-07 1.067894118023104966e-06 1.002032036012678873e-06 3.346956418681656942e-06 8.794071618467569351e-06 1.858580390035058372e-06
1.500000000000000000e+04 9.960116585716605186e-05 1.361499453196302056e-04 9.453646271140314639e-06 1.026414520310936496e-05 2.519264626243966632e-06 9.548754178467788734e-07 6.863429007353261113e-07 1.847322295134290471e-07 1.214506710311979987e-06 6.591145393031183630e-06 4.936684376843913924e-07 9.960116585716605186e-05 1.361499453196302056e-04 9.453646271140314639e-06 1.026414520310936496e-05 2.519264626243966632e-06 9.548754178467788734e-07 6.863429007353261113e-07 1.847322295134290471e-07 1.214506710311979987e-06 6.591145393031183630e-06 4.936684376843913924e-07
1.600000000000000000e+04 1.086983902496285737e-04 8.928634342737495899e-04 1.835647162806708366e-05 6.774316716473549604e-05 3.024084435310214758e-05 4.101461570371611742e-07 3.884057093728188192e-07 1.258563770534237847e-05 3.624823420977918431e-06 5.479419996845535934e-06 7.538035788456909359e-06 1.086983902496285737e-04 8.928634342737495899e-04 1.835647162806708366e-05 6.774316716473549604e-05 3.024084435310214758e-05 4.101461570371611742e-07 3.884057093728188192e-07 1.258563770534237847e-05 3.624823420977918431e-06 5.479419996845535934e-06 7.538035788456909359e-06
1.700000000000000000e+04 7.463544898200780153e-05 1.451910793548449874e-04 8.836413144308608025e-06 9.931412932928651571e-06 2.154400590370642021e-06 3.318011465580639197e-07 2.239155065808517975e-07 7.771770356157503556e-07 1.197014626086456701e-06 4.067486770509276539e-06 7.380710940196877345e-07 7.463544898200780153e-05 1.451910793548449874e-04 8.836413144308608025e-06 9.931412932928651571e-06 2.154400590370642021e-06 3.318011465580639197e-07 2.239155065808517975e-07 7.771770356157503556e-07 1.197014626086456701e-06 4.067486770509276539e-06 7.380710940196877345e-07
1.800000000000000000e+04 1.327056379523128271e-04 1.200787664856761694e-04 1.129649353970307857e-05 1.481062918173847720e-05 5.668237463396508247e-06 1.173632767859089654e-06 2.350781187487882562e-06 2.551289526309119537e-07 7.059873610160138924e-07 4.302744855522178113e-06 3.607240728342731018e-07 1.327056379523128271e-04 1.200787664856761694e-04 1.129649353970307857e-05 1.481062918173847720e-05 5.668237463396508247e-06 1.173632767859089654e-06 2.350781187487882562e-06 2.551289526309119537e-07 7.059873610160138924e-07 4.302744855522178113e-06 3.607240728342731018e-07
1.900000000000000000e+04 7.024254591669887304e-05 1.354049309156835079e-04 6.828273399150930345e-06 7.650572115380782634e-06 2.146984115825034678e-06 4.174594039341172902e-07 4.543890099739655852e-07 1.448335353870788822e-07 1.629233224775816780e-06 4.219368747726548463e-06 6.838160970801254734e-07 7.024254591669887304e-05 1.354049309156835079e-04 6.828273399150930345e-06 7.650572115380782634e-06 2.146984115825034678e-06 4.174594039341172902e-07 4.543890099739655852e-07 1.448335353870788822e-07 1.629233224775816780e-06 4.219368747726548463e-06 6.838160970801254734e-07
2.000000000000000000e+04 6.128596578491851687e-05 1.104886614484712481e-04 1.372768565488513559e-05 1.321707804891047999e-05 1.764717012520122807e-06 1.252081233360513579e-06 1.499078905453643529e-07 6.284921596488857176e-07 2.653517867656773888e-06 4.149856977164745331e-06 1.565314050822053105e-06 6.128596578491851687e-05 1.104886614484712481e-04 1.372768565488513559e-05 1.321707804891047999e-05 1.764717012520122807e-06 1.252081233360513579e-06 1.499078905453643529e-07 6.284921596488857176e-07 2.653517867656773888e-06 4.149856977164745331e-06 1.565314050822053105e-06
2.100000000000000000e+04 6.840767309768125415e-05 1.094718027161434293e-04 6.060999112378340214e-06 4.106340838916366920e-06 2.134457645297516137e-06 1.098095594898040872e-06 8.203331702816285542e-08 4.117492551358736819e-07 2.865070030111382948e-07 3.696017529364326037e-06 2.715686662213556701e-07 6.840767309768125415e-05 1.094718027161434293e-04 6.060999112378340214e-06 4.106340838916366920e-06 2.134457645297516137e-06 1.098095594898040872e-06 8.203331702816285542e-08 4.117492551358736819e-07 2.865070030111382948e-07 3.696017529364326037e-06 2.715686662213556701e-07
2.200000000000000000e+04 5.987295298837125301e-05 1.218996476382017136e-04 7.739273314655292779e-06 1.712334051262587309e-05 1.112262816604925320e-05 1.734716420287440997e-06 4.849729066336294636e-06 6.432758823393669445e-07 7.685844707339128945e-07 4.951095434080343693e-06 7.157243544497760013e-07 5.987295298837125301e-05 1.218996476382017136e-04 7.739273314655292779e-06 1.712334051262587309e-05 1.112262816604925320e-05 1.734716420287440997e-06 4.849729066336294636e-06 6.432758823393669445e-07 7.685844707339128945e-07 4.951095434080343693e-06 7.157243544497760013e-07
2.300000000000000000e+04 4.714579335995949805e-05 9.741922985995188355e-05 4.672705927077913657e-06 3.773475100388168357e-06 1.741988057801791001e-06 2.760179143024288351e-07 5.213342646470664477e-08 3.054209116726269713e-07 4.104539357285830192e-07 3.096099590038647875e-06 2.620679993015073705e-07 4.714579335995949805e-05 9.741922985995188355e-05 4.672705927077913657e-06 3.773475100388168357e-06 1.741988057801791001e-06 2.760179143024288351e-07 5.213342646470664477e-08 3.054209116726269713e-07 4.104539357285830192e-07 3.096099590038647875e-06 2.620679993015073705e-07
2.400000000000000000e+04 3.914842091035097837e-05 9.465914627071470022e-05 4.072196588822407648e-06 2.920059159805532545e-06 6.740298886143136770e-06 3.813714499756315490e-07 1.018113721329427790e-06 1.181473180622560903e-06 8.821677965897833928e-07 4.249065113981487229e-06 9.725448535391478799e-07 3.914842091035097837e-05 9.465914627071470022e-05 4.072196588822407648e-06 2.920059159805532545e-06 6.740298886143136770e-06 3.813714499756315490e-07 1.018113721329427790e-06 1.181473180622560903e-06 8.821677965897833928e-07 4.249065113981487229e-06 9.725448535391478799e-07
2.500000000000000000e+04 3.539693352649919689e-05 8.666958456160500646e-05 3.630071660154499114e-06 2.650906253620632924e-06 1.589167482052289415e-06 2.109383530068953405e-07 2.709339064210780634e-08 2.228498914291776600e-07 2.046566152102968772e-07 2.870200660254340619e-06 1.074025277603141149e-07 3.539693352649919689e-05 8.666958456160500646e-05 3.630071660154499114e-06 2.650906253620632924e-06 1.589167482052289415e-06 2.109383530068953405e-07 2.709339064210780634e-08 2.228498914291776600e-07 2.046566152102968772e-07 2.870200660254340619e-06 1.074025277603141149e-07
2.600000000000000000e+04 3.583828583941794932e-05 8.719671313883736730e-05 1.152127879322506487e-05 7.602410732943098992e-06 1.839612878029583953e-06 4.081528572896786500e-07 1.165885166187763389e-07 6.135388730399427004e-07 1.464502815906598698e-06 2.903254653574549593e-06 8.515801823705260176e-07 3.583828583941794932e-05 8.719671313883736730e-05 1.152127879322506487e-05 7.602410732943098992e-06 1.839612878029583953e-06 4.081528572896786500e-07 1.165885166187763389e-07 6.135388730399427004e-07 1.464502815906598698e-06 2.903254653574549593e-06 8.515801823705260176e-07
2.700000000000000000e+04 3.113160346401855350e-05 7.761886809021234512e-05 3.161329232170828618e-06 2.660279506017104723e-06 1.665269451223139185e-06 2.577880025000922615e-07 4.015018006953141594e-08 1.703231475858046906e-07 1.158429867587074114e-07 2.744195398918236606e-06 9.754691632224421483e-08 3.113160346401855350e-05 7.761886809021234512e-05 3.161329232170828618e-06 2.660279506017104723e-06 1.665269451223139185e-06 2.577880025000922615e-07 4.015018006953141594e-08 1.703231475858046906e-07 1.158429867587074114e-07 2.744195398918236606e-06 9.754691632224421483e-08
2.800000000000000000e+04 3.135193037451244891e-05 7.373505650321021676e-05 4.034423454868374392e-06 2.624393800942925736e-06 1.909098045871360227e-06 3.103091046341432957e-07 4.005827847208820458e-08 1.736731292112381198e-07 1.670270819431607379e-07 2.261167992401169613e-06 8.442132326536011533e-08 3.135193037451244891e-05 7.373505650321021676e-05 4.034423454868374392e-06 2.624393800942925736e-06 1.909098045871360227e-06 3.103091046341432957e-07 4.005827847208820458e-08 1.736731292112381198e-07 1.670270819431607379e-07 2.261167992401169613e-06 8.442132326536011533e-08
2.900000000000000000e+04 2.987451807712204754e-05 6.905003829160705209e-05 3.694158976941253059e-06 2.853749720088671893e-06 4.708665983343962580e-06 3.924799898413766641e-07 6.024646950208989438e-07 3.364448275533504784e-07 5.746963438468810637e-07 2.884313971662777476e-06 4.021496522454981459e-07 2.987451807712204754e-05 6.905003829160705209e-05 3.694158976941253059e-06 2.853749720088671893e-06 4.708665983343962580e-06 3.924799898413766641e-07 6.024646950208989438e-07 3.364448275533504784e-07 5.746963438468810637e-07 2.884313971662777476e-06 4.021496522454981459e-07
3.000000000000000000e+04 2.640359889483079314e-05 7.421700138365849853e-05 2.573568508523749188e-06 3.804974085142021067e-06 2.162873670386034064e-06 2.400933851731679169e-07 4.918807690046378411e-07 9.335612105587642873e-08 3.250091538120614132e-07 2.205550117651000619e-06 1.734792220986491884e-07 2.640359889483079314e-05 7.421700138365849853e-05 2.573568508523749188e-06 3.804974085142021067e-06 2.162873670386034064e-06 2.400933851731679169e-07 4.918807690046378411e-07 9.335612105587642873e-08 3.250091538120614132e-07 2.205550117651000619e-06 1.734792220986491884e-07
3.100000000000000000e+04 2.753333683358505368e-05 5.863302067155018449e-05 6.282558842940488830e-06 3.937451310775941238e-06 4.526302291196770966e-06 4.976835157322057057e-07 3.675803554870071821e-07 2.478008411799237365e-07 1.094080062102875672e-06 2.368000878050224856e-06 5.945934731244051363e-07 2.753333683358505368e-05 5.863302067155018449e-05 6.282558842940488830e-06 3.937451310775941238e-06 4.526302291196770966e-06 4.976835157322057057e-07 3.675803554870071821e-07 2.478008411799237365e-07 1.094080062102875672e-06 2.368000878050224856e-06 5.945934731244051363e-07
3.200000000000000000e+04 2.760119787126313895e-05 5.422375397756695747e-05 3.898719569406239316e-06 4.398189048515632749e-06 2.155143874915665947e-06 2.541706294323375914e-07 1.378116252226391225e-07 3.705875144532910781e-07 9.849593425315106288e-07 1.812675236578797922e-06 5.903973487875191495e-07 2.760119787126313895e-05 5.422375397756695747e-05 3.898719569406239316e-06 4.398189048515632749e-06 2.155143874915665947e-06 2.541706294323375914e-07 1.378116252226391225e-07 3.705875144532910781e-07 9.849593425315106288e-07 1.812675236578797922e-06 5.903973487875191495e-07
3.300000000000000000e+04 2.252076956210657954e-05 5.036723450757563114e-05 2.194170292568742298e-06 2.148605972251971252e-06 1.426574840479588602e-06 2.270788144187463331e-07 7.410039870592299849e-08 1.382471310762412031e-07 1.057293346207188733e-07 1.556209099362604320e-06 1.059311358631020994e-07 2.252076956210657954e-05 5.036723450757563114e-05 2.194170292568742298e-06 2.148605972251971252e-06 1.426574840479588602e-06 2.270788144187463331e-07 7.410039870592299849e-08 1.382471310762412031e-07 1.057293346207188733e-07 1.556209099362604320e-06 1.059311358631020994e-07
3.400000000000000000e+04 2.694512295420281589e-05 4.779826122103258967e-05 3.064293878196622245e-06 2.184993036280502565e-06 1.668509298724529799e-06 2.676090105069306446e-07 5.723235929622205731e-08 2.842599826635705540e-07 9.098227593540286762e-08 1.482673951613833196e-06 1.787732202274128213e-07 2.694512295420281589e-05 4.779826122103258967e-05 3.064293878196622245e-06 2.184993036280502565e-06 1.668509298724529799e-06 2.676090105069306446e-07 5.723235929622205731e-08 2.842599826635705540e-07 9.098227593540286762e-08 1.482673951613833196e-06 1.787732202274128213e-07
3.500000000000000000e+04 4.872724821325391531e-05 8.377376070711761713e-05 7.437122803821694106e-06 2.388130633335094899e-05 1.053510550264036283e-05 3.478266989986877888e-07 1.241437303178827278e-06 2.460256382619263604e-06 1.649013711357838474e-06 2.066321940219495445e-06 2.073511950584361330e-06 4.872724821325391531e-05 8.377376070711761713e-05 7.437122803821694106e-06 2.388130633335094899e-05 1.053510550264036283e-05 3.478266989986877888e-07 1.241437303178827278e-06 2.460256382619263604e-06 1.649013711357838474e-06 2.066321940219495445e-06 2.073511950584361330e-06
3.600000000000000000e+04 1.966835225175600499e-05 4.003180583822540939e-05 2.405980694675236009e-06 2.173846496589249000e-06 2.017907945628394373e-06 2.400849723471765174e-07 1.009303147725404415e-07 2.225406063871560036e-07 2.316254636980374926e-07 1.146199338108999655e-06 1.689184045972069725e-07 1.966835225175600499e-05 4.003180583822540939e-05 2.405980694675236009e-06 2.173846496589249000e-06 2.017907945628394373e-06 2.400849723471765174e-07 1.009303147725404415e-07 2.225406063871560036e-07 2.316254636980374926e-07 1.146199338108999655e-06 1.689184045972069725e-07
3.700000000000000000e+04 1.934500505740288645e-05 4.404366336530074477e-05 2.105363591908826493e-06 5.083806172478944063e-06 5.157596660865237936e-06 5.568726351157238241e-07 3.387425806522514904e-07 2.342935232491072384e-07 1.590212264090951066e-06 1.424202991984202527e-06 7.836780469006043859e-07 1.934500505740288645e-05 4.404366336530074477e-05 2.105363591908826493e-06 5.083806172478944063e-06 5.157596660865237936e-06 5.568726351157238241e-07 3.387425806522514904e-07 2.342935232491072384e-07 1.590212264090951066e-06 1.424202991984202527e-06 7.836780469006043859e-07
3.800000000000000000e+04 1.716163933451753110e-05 3.196436591679230332e-05 1.809155833143449854e-06 2.198986521761980839e-06 1.013830797091941349e-06 2.321557985851541162e-07 3.562332295814485406e-08 1.794578885494502174e-08 9.064764583399664843e-08 9.465019275012309663e-07 4.378525630954754888e-08 1.716163933451753110e-05 3.196436591679230332e-05 1.809155833143449854e-06 2.198986521761980839e-06 1.013830797091941349e-06 2.321557985851541162e-07 3.562332295814485406e-08 1.794578885494502174e-08 9.064764583399664843e-08 9.465019275012309663e-07 4.378525630954754888e-08
3.900000000000000000e+04 1.724935282254591584e-05 3.469263174338266253e-05 3.873859895975328982e-06 8.015865205379668623e-06 3.169215233356226236e-06 1.367642653349321336e-06 3.719933374668471515e-07 1.035601897569904395e-07 4.823604626835731324e-07 1.417610747012076899e-06 2.791621227515861392e-07 1.724935282254591584e-05 3.469263174338266253e-05 3.873859895975328982e-06 8.015865205379668623e-06 3.169215233356226236e-06 1.367642653349321336e-06 3.719933374668471515e-07 1.035601897569904395e-07 4.823604626835731324e-07 1.417610747012076899e-06 2.791621227515861392e-07
4.000000000000000000e+04 1.952563616214320064e-05 3.610159546951763332e-05 1.912035259010735899e-06 3.486019295451114886e-06 2.825929550454020500e-05 5.142830104887252674e-06 3.058945139855495654e-06 1.137080190005690383e-07 2.562728013799642213e-06 2.379886382186668925e-06 1.167039272331749089e-06 1.952563616214320064e-05 3.610159546951763332e-05 1.912035259010735899e-06 3.486019295451114886e-06 2.825929550454020500e-05 5.142830104887252674e-06 3.058945139855495654e-06 1.137080190005690383e-07 2.562728013799642213e-06 2.379886382186668925e-06 1.167039272331749089e-06
4.100000000000000000e+04 1.946517659234814346e-05 6.825764285167679191e-05 1.993994374061003327e-06 7.057944003463489935e-06 1.789921952877193689e-05 1.958740540430881083e-06 3.590234427974792197e-06 1.126919784155688831e-07 2.903577751567354426e-06 3.049026418011635542e-06 1.421163460690877400e-06 1.946517659234814346e-05 6.825764285167679191e-05 1.993994374061003327e-06 7.057944003463489935e-06 1.789921952877193689e-05 1.958740540430881083e-06 3.590234427974792197e-06 1.126919784155688831e-07 2.903577751567354426e-06 3.049026418011635542e-06 1.421163460690877400e-06
4.200000000000000000e+04 3.635967368609271944e-05 7.541369268437847495e-05 7.031358109088614583e-06 1.456233439967036247e-05 7.683065632591024041e-06 5.808164473819488194e-07 1.238658171587303514e-07 1.126058805311913602e-06 2.311609705429873429e-06 1.682886818343831692e-06 1.714647396511281841e-06 3.635967368609271944e-05 7.541369268437847495e-05 7.031358109088614583e-06 1.456233439967036247e-05 7.683065632591024041e-06 5.808164473819488194e-07 1.238658171587303514e-07 1.126058805311913602e-06 2.311609705429873429e-06 1.682886818343831692e-06 1.714647396511281841e-06
4.300000000000000000e+04 3.262169047957286239e-05 7.919798372313380241e-05 3.240049181840731762e-06 7.676962013647425920e-06 1.511176196800079197e-05 5.858736926711571869e-07 3.397137334104627371e-06 9.981270068237790838e-07 2.657448931131511927e-06 2.521334863558877259e-06 1.802093038349994458e-06 3.262169047957286239e-05 7.919798372313380241e-05 3.240049181840731762e-06 7.676962013647425920e-06 1.511176196800079197e-05 5.858736926711571869e-07 3.397137334104627371e-06 9.981270068237790838e-07 2.657448931131511927e-06 2.521334863558877259e-06 1.802093038349994458e-06
4.400000000000000000e+04 1.373518171021714807e-05 2.347219015064183623e-05 1.604685621714452282e-06 2.157279823222779669e-06 1.129287284129532054e-06 2.545218364957690937e-07 4.402445696882750781e-08 2.558146938724803476e-08 2.537881300668232143e-07 8.204528967326041311e-07 7.586675820903110434e-08 1.373518171021714807e-05 2.347219015064183623e-05 1.604685621714452282e-06 2.157279823222779669e-06 1.129287284129532054e-06 2.545218364957690937e-07 4.402445696882750781e-08 2.558146938724803476e-08 2.537881300668232143e-07 8.204528967326041311e-07 7.586675820903110434e-08
4.500000000000000000e+04 1.492726005380973220e-05 7.668528996873646975e-05 1.196830794469860848e-06 7.432060556311625987e-06 2.244320739919203334e-06 2.347718321971115074e-07 7.035579301373218186e-07 1.352038925261922486e-08 3.529306127347808797e-07 1.027417738441727124e-06 1.106630378444606322e-07 1.492726005380973220e-05 7.668528996873646975e-05 1.196830794469860848e-06 7.432060556311625987e-06 2.244320739919203334e-06 2.347718321971115074e-07 7.035579301373218186e-07 1.352038925261922486e-08 3.529306127347808797e-07 1.027417738441727124e-06 1.106630378444606322e-07
4.600000000000000000e+04 1.232933573191985488e-05 2.040688195847906172e-05 9.533229103908524849e-07 1.595368189555301797e-06 1.046833403961500153e-06 2.208691540772633743e-07 3.829145711620185466e-08 9.240533671572848107e-09 7.881002517251545214e-08 7.765870577713940293e-07 6.265219898438090240e-09 1.232933573191985488e-05 2.040688195847906172e-05 9.533229103908524849e-07 1.595368189555301797e-06 1.046833403961500153e-06 2.208691540772633743e-07 3.829145711620185466e-08 9.240533671572848107e-09 7.881002517251545214e-08 7.765870577713940293e-07 6.265219898438090240e-09
4.700000000000000000e+04 1.561933459015563130e-05 2.205039345426484942e-05 4.521515165833989158e-06 3.221267206754419021e-06 3.662547214844380505e-06 9.847184401223785244e-07 2.044913429699590779e-07 8.087002356660377700e-08 2.300416070966093685e-07 8.425457735938834958e-07 1.342947086868662154e-07 1.561933459015563130e-05 2.205039345426484942e-05 4.521515165833989158e-06 3.221267206754419021e-06 3.662547214844380505e-06 9.847184401223785244e-07 2.044913429699590779e-07 8.087002356660377700e-08 2.300416070966093685e-07 8.425457735938834958e-07 1.342947086868662154e-07
4.800000000000000000e+04 1.466595949750626460e-05 2.135719660145696253e-05 1.347731654277595226e-06 5.152284757059533149e-06 1.730630970087077003e-06 3.534496215706894873e-07 3.678755717828607885e-07 1.125970072735071881e-08 1.247307892526805517e-07 9.377441188007651363e-07 3.716964158684277209e-08 1.466595949750626460e-05 2.135719660145696253e-05 1.347731654277595226e-06 5.152284757059533149e-06 1.730630970087077003e-06 3.534496215706894873e-07 3.678755717828607885e-07 1.125970072735071881e-08 1.247307892526805517e-07 9.377441188007651363e-07 3.716964158684277209e-08
4.900000000000000000e+04 2.230359132227022201e-05 1.209529509651474655e-04 1.293952300329692662e-05 2.397956086497288197e-05 3.135539600407355465e-06 2.950622217667842051e-07 7.412268132611643523e-07 2.045212141865704325e-07 5.789536885458801407e-07 9.716725344333099201e-07 3.736233793460996822e-07 2.230359132227022201e-05 1.209529509651474655e-04 1.293952300329692662e-05 2.397956086497288197e-05 3.135539600407355465e-06 2.950622217667842051e-07 7.412268132611643523e-07 2.045212141865704325e-07 5.789536885458801407e-07 9.716725344333099201e-07 3.736233793460996822e-07
5.000000000000000000e+04 2.614252844068687409e-05 5.776937905466184020e-05 4.710855137091130018e-06 4.714502665592590347e-06 1.170333507616305724e-05 9.982107940231799148e-07 4.518918501617008587e-07 5.283214363771548960e-07 4.720512549738486996e-07 8.900233297026716173e-07 4.864925813308218494e-07 2.614252844068687409e-05 5.776937905466184020e-05 4.710855137091130018e-06 4.714502665592590347e-06 1.170333507616305724e-05 9.982107940231799148e-07 4.518918501617008587e-07 5.283214363771548960e-07 4.720512549738486996e-07 8.900233297026716173e-07 4.864925813308218494e-07
5.100000000000000000e+04 1.076029366231523454e-05 2.680069155758246779e-05 9.233657465301803313e-07 2.305131602042820305e-06 5.613126631942577660e-06 1.063325044015073217e-06 1.990567426446432364e-07 4.369649175828271837e-08 4.289173318738903617e-07 9.039847554959123954e-07 1.677846626080281567e-07 1.076029366231523454e-05 2.680069155758246779e-05 9.233657465301803313e-07 2.305131602042820305e-06 5.613126631942577660e-06 1.063325044015073217e-06 1.990567426446432364e-07 4.369649175828271837e-08 4.289173318738903617e-07 9.039847554959123954e-07 1.677846626080281567e-07
5.200000000000000000e+04 1.340619928669184446e-05 1.669404991844203323e-05 2.142942776117706671e-06 4.183274995739338920e-06 1.143887743637606036e-06 2.331265704924589954e-07 6.484738435119652422e-08 2.157328005125691561e-08 4.118846277378906962e-07 7.973174547259986866e-07 2.165802470699418336e-07 1.340619928669184446e-05 1.669404991844203323e-05 2.142942776117706671e-06 4.183274995739338920e-06 1.143887743637606036e-06 2.331265704924589954e-07 6.484738435119652422e-08 2.157328005125691561e-08 4.118846277378906962e-07 7.973174547259986866e-07 2.165802470699418336e-07
5.300000000000000000e+04 1.522481488791527227e-05 3.691238089231774211e-05 1.628516770324495155e-06 2.804811629175674170e-06 3.894524979841662571e-06 5.907424451834231149e-07 9.057625760533483117e-08 6.245578987318367581e-08 2.148252775668879622e-07 9.403522653883555904e-07 1.010711230264860205e-07 1.522481488791527227e-05 3.691238089231774211e-05 1.628516770324495155e-06 2.804811629175674170e-06 3.894524979841662571e-06 5.907424451834231149e-07 9.057625760533483117e-08 6.245578987318367581e-08 2.148252775668879622e-07 9.403522653883555904e-07 1.010711230264860205e-07
5.400000000000000000e+04 8.800559044175315648e-06 1.444787721993634477e-05 7.760897915431996807e-07 1.106836634789942764e-06 2.277867224620422348e-06 3.995238273546419805e-07 1.464940879714049515e-07 2.411883848196794133e-08 1.937598739232271328e-07 8.124051760205475148e-07 5.675751424405461876e-08 8.800559044175315648e-06 1.444787721993634477e-05 7.760897915431996807e-07 1.106836634789942764e-06 2.277867224620422348e-06 3.995238273546419805e-07 1.464940879714049515e-07 2.411883848196794133e-08 1.937598739232271328e-07 8.124051760205475148e-07 5.675751424405461876e-08
5.500000000000000000e+04 8.775539754424244165e-06 1.412259734934195876e-05 8.540501994502847083e-07 1.357515998279268388e-06 1.142990413427469321e-06 2.025413579076484893e-07 2.910424079516360507e-08 1.666213833573237935e-08 1.393593009879623423e-07 7.435077691297919955e-07 6.912647876333721797e-08 8.775539754424244165e-06 1.412259734934195876e-05 8.540501994502847083e-07 1.357515998279268388e-06 1.142990413427469321e-06 2.025413579076484893e-07 2.910424079516360507e-08 1.666213833573237935e-08 1.393593009879623423e-07 7.435077691297919955e-07 6.912647876333721797e-08
5.600000000000000000e+04 9.190885066345799714e-06 2.711543675104621798e-05 1.437752189303864725e-06 2.401968686172040179e-06 1.453727463740506209e-06 2.233238802773485077e-07 3.676411353126241011e-08 6.336590985256407293e-08 3.765484848372580018e-07 8.975850960268871859e-07 1.518156409474613611e-07 9.190885066345799714e-06 2.711543675104621798e-05 1.437752189303864725e-06 2.401968686172040179e-06 1.453727463740506209e-06 2.233238802773485077e-07 3.676411353126241011e-08 6.336590985256407293e-08 3.765484848372580018e-07 8.975850960268871859e-07 1.518156409474613611e-07
5.700000000000000000e+04 9.371297892357688397e-06 1.447429167455993593e-05 6.891003522468963638e-06 5.235863682173658162e-06 9.817956652113934979e-07 2.659051290265779244e-07 3.180542407221764734e-08 1.535714346800887142e-07 7.701979711782769300e-07 9.908358151733409613e-07 3.616460162447765470e-07 9.371297892357688397e-06 1.447429167455993593e-05 6.891003522468963638e-06 5.235863682173658162e-06 9.817956652113934979e-07 2.659051290265779244e-07 3.180542407221764734e-08 1.535714346800887142e-07 7.701979711782769300e-07 9.908358151733409613e-07 3.616460162447765470e-07
5.800000000000000000e+04 7.628155344718834385e-06 1.381388847221387550e-05 9.059544368028582539e-07 9.508137281954986975e-07 5.053908353147562593e-06 5.937532705502235331e-07 5.118947115079208743e-07 6.238295213734090794e-08 8.846228070069628302e-07 1.102416376852488611e-06 3.576772940050432226e-07 7.628155344718834385e-06 1.381388847221387550e-05 9.059544368028582539e-07 9.508137281954986975e-07 5.053908353147562593e-06 5.937532705502235331e-07 5.118947115079208743e-07 6.238295213734090794e-08 8.846228070069628302e-07 1.102416376852488611e-06 3.576772940050432226e-07
5.900000000000000000e+04 8.599176908319350332e-06 6.751805631211027503e-05 1.822262788664374966e-06 5.153134225110989064e-06 3.346535322634736076e-06 4.068333510076627135e-07 9.431543617210991215e-07 1.158818676572082040e-07 1.346564545201545116e-06 1.420828539266949520e-06 7.388078984149615280e-07 8.599176908319350332e-06 6.751805631211027503e-05 1.822262788664374966e-06 5.153134225110989064e-06 3.346535322634736076e-06 4.068333510076627135e-07 9.431543617210991215e-07 1.158818676572082040e-07 1.346564545201545116e-06 1.420828539266949520e-06 7.388078984149615280e-07
6.000000000000000000e+04 6.373509222612483427e-06 1.475283897889312357e-05 7.469821525774023030e-07 1.123354877563542686e-06 1.029751388159638736e-06 2.147905746596734389e-07 3.263827252908413357e-08 8.104303894640452199e-09 7.004588553627399961e-08 7.058155802042165305e-07 9.799019373701867153e-09 6.373509222612483427e-06 1.475283897889312357e-05 7.469821525774023030e-07 1.123354877563542686e-06 1.029751388159638736e-06 2.147905746596734389e-07 3.263827252908413357e-08 8.104303894640452199e-09 7.004588553627399961e-08 7.058155802042165305e-07 9.799019373701867153e-09
6.100000000000000000e+04 1.013676410366315395e-05 1.067704724846407771e-04 2.009977833949960768e-06 1.112927657231921330e-05 6.011488039803225547e-06 7.004104531915800180e-07 2.628511765578878112e-06 8.752440550097162486e-08 2.004144107559113763e-06 2.223372575826942921e-06 8.400909337069606408e-07 1.013676410366315395e-05 1.067704724846407771e-04 2.009977833949960768e-06 1.112927657231921330e-05 6.011488039803225547e-06 7.004104531915800180e-07 2.628511765578878112e-06 8.752440550097162486e-08 2.004144107559113763e-06 2.223372575826942921e-06 8.400909337069606408e-07
6.200000000000000000e+04 6.346445388771826401e-06 1.766901550581678748e-05 8.683593932801159099e-07 1.193026491819182411e-06 3.842102159978821874e-06 7.629843707945838105e-07 1.508972786723461468e-07 1.704546903624759580e-08 2.106197740658899420e-07 8.425229225395014510e-07 9.177311710573121672e-08 6.346445388771826401e-06 1.766901550581678748e-05 8.683593932801159099e-07 1.193026491819182411e-06 3.842102159978821874e-06 7.629843707945838105e-07 1.508972786723461468e-07 1.704546903624759580e-08 2.106197740658899420e-07 8.425229225395014510e-07 9.177311710573121672e-08
6.300000000000000000e+04 6.599646440008655190e-06 5.981816866551525891e-05 1.238873778675042558e-06 6.136110187071608379e-06 1.835941588979039807e-06 1.864801504325441783e-07 5.314046802595839836e-07 2.061417703203005658e-08 2.324988201962696621e-07 8.895917176232615020e-07 5.576948325369812665e-08 6.599646440008655190e-06 5.981816866551525891e-05 1.238873778675042558e-06 6.136110187071608379e-06 1.835941588979039807e-06 1.864801504325441783e-07 5.314046802595839836e-07 2.061417703203005658e-08 2.324988201962696621e-07 8.895917176232615020e-07 5.576948325369812665e-08
6.400000000000000000e+04 4.708218057203339413e-06 1.264814181922702119e-05 1.496192453487310559e-06 1.894491788334562443e-06 1.545471945973986294e-06 3.471173215530143352e-07 5.547741466216393746e-08 2.804944720935509395e-08 1.704660803625301924e-07 6.785957680222054478e-07 9.855032345740255550e-08 4.708218057203339413e-06 1.264814181922702119e-05 1.496192453487310559e-06 1.894491788334562443e-06 1.545471945973986294e-06 3.471173215530143352e-07 5.547741466216393746e-08 2.804944720935509395e-08 1.704660803625301924e-07 6.785957680222054478e-07 9.855032345740255550e-08
6.500000000000000000e+04 7.650731276953592896e-06 5.185231566429138184e-05 1.226422136824112386e-05 2.483903881511650980e-05 1.178899537990218960e-06 3.829368324659299105e-07 8.591476330366276670e-07 1.575792083485794137e-07 1.200970928039168939e-06 1.096420987778401468e-06 5.544644636756856926e-07 7.650731276953592896e-06 5.185231566429138184e-05 1.226422136824112386e-05 2.483903881511650980e-05 1.178899537990218960e-06 3.829368324659299105e-07 8.591476330366276670e-07 1.575792083485794137e-07 1.200970928039168939e-06 1.096420987778401468e-06 5.544644636756856926e-07
6.600000000000000000e+04 5.060062903794459999e-06 5.025023710913956165e-05 5.691952537745237350e-06 1.716877159196883440e-05 1.285710709453269374e-06 2.858525931515032426e-07 7.773766697027895134e-07 8.981719901157703134e-08 3.978994698172755307e-07 7.903859682301117573e-07 2.545935444686620031e-07 5.060062903794459999e-06 5.025023710913956165e-05 5.691952537745237350e-06 1.716877159196883440e-05 1.285710709453269374e-06 2.858525931515032426e-07 7.773766697027895134e-07 8.981719901157703134e-08 3.978994698172755307e-07 7.903859682301117573e-07 2.545935444686620031e-07
6.700000000000000000e+04 1.285194957745261490e-05 3.245545667596161366e-05 2.218080408056266606e-05 2.378229692112654448e-05 1.316180600952066015e-06 3.775790844429138815e-07 3.621260589170560706e-07 2.285082700836937875e-07 2.199434220528928563e-06 9.698968597149359994e-07 1.277369506169634406e-06 1.285194957745261490e-05 3.245545667596161366e-05 2.218080408056266606e-05 2.378229692112654448e-05 1.316180600952066015e-06 3.775790844429138815e-07 3.621260589170560706e-07 2.285082700836937875e-07 2.199434220528928563e-06 9.698968597149359994e-07 1.277369506169634406e-06
6.800000000000000000e+04 8.371882358915172517e-06 7.678732072236016393e-05 2.463028522470267490e-06 6.589289569092215970e-06 2.423854539301828481e-06 2.306734643298113951e-07 7.380482429653056897e-07 2.968886647636281850e-08 1.180950675916392356e-06 1.263486865354934707e-06 4.626992904377402738e-07 8.371882358915172517e-06 7.678732072236016393e-05 2.463028522470267490e-06 6.589289569092215970e-06 2.423854539301828481e-06 2.306734643298113951e-07 7.380482429653056897e-07 2.968886647636281850e-08 1.180950675916392356e-06 1.263486865354934707e-06 4.626992904377402738e-07
6.900000000000000000e+04 1.462038926547393203e-05 1.287788472836837173e-05 2.904086386479320936e-06 4.516829903877805918e-06 1.240976189365028404e-06 2.433936288070981391e-07 1.292943636599375168e-07 1.631665611512289615e-07 3.850172163311071927e-07 7.421853069899952970e-07 1.855940325867777574e-07 1.462038926547393203e-05 1.287788472836837173e-05 2.904086386479320936e-06 4.516829903877805918e-06 1.240976189365028404e-06 2.433936288070981391e-07 1.292943636599375168e-07 1.631665611512289615e-07 3.850172163311071927e-07 7.421853069899952970e-07 1.855940325867777574e-07
7.000000000000000000e+04 5.584370683209272102e-06 1.143067129305563867e-04 4.525801614363444969e-06 9.901013072521891445e-06 4.830652414966607466e-06 2.336334148367313901e-07 1.231047122018935625e-06 1.291974172090704087e-06 9.572257795298355632e-07 1.447522890885011293e-06 1.173079454019898549e-06 5.584370683209272102e-06 1.143067129305563867e-04 4.525801614363444969e-06 9.901013072521891445e-06 4.830652414966607466e-06 2.336334148367313901e-07 1.231047122018935625e-06 1.291974172090704087e-06 9.572257795298355632e-07 1.447522890885011293e-06 1.173079454019898549e-06
7.100000000000000000e+04 4.179096322332043201e-06 2.301574386365246028e-05 2.216258735643350519e-06 5.680667982232989743e-06 3.949736765207489952e-06 1.773415050365656498e-07 3.164948338962858543e-07 4.837332312490616459e-07 3.901230911651509814e-07 7.516968594245554414e-07 3.633001597336260602e-07 4.179096322332043201e-06 2.301574386365246028e-05 2.216258735643350519e-06 5.680667982232989743e-06 3.949736765207489952e-06 1.773415050365656498e-07 3.164948338962858543e-07 4.837332312490616459e-07 3.901230911651509814e-07 7.516968594245554414e-07 3.633001597336260602e-07
7.200000000000000000e+04 1.134544709202600643e-05 1.430462361895479262e-05 4.841011104872450233e-06 6.176053375384071842e-06 4.144780632486799732e-06 7.940532782413356472e-07 2.750167880094522843e-07 9.443238724315961008e-08 2.427784920655540191e-06 1.455528035876341164e-06 1.058236307471815962e-06 1.134544709202600643e-05 1.430462361895479262e-05 4.841011104872450233e-06 6.176053375384071842e-06 4.144780632486799732e-06 7.940532782413356472e-07 2.750167880094522843e-07 9.443238724315961008e-08 2.427784920655540191e-06 1.455528035876341164e-06 1.058236307471815962e-06
7.300000000000000000e+04 3.321906206110725179e-06 1.339093978458549827e-05 1.415575752616859972e-06 1.750112801346404012e-06 1.034862293636251707e-06 2.058341550537079456e-07 2.819787425778486067e-07 1.792553483426218008e-08 1.394509610008753953e-07 6.652119282080093399e-07 2.191888270886011014e-08 3.321906206110725179e-06 1.339093978458549827e-05 1.415575752616859972e-06 1.750112801346404012e-06 1.034862293636251707e-06 2.058341550537079456e-07 2.819787425778486067e-07 1.792553483426218008e-08 1.394509610008753953e-07 6.652119282080093399e-07 2.191888270886011014e-08
7.400000000000000000e+04 2.069556649075821042e-05 3.393871884327381849e-05 2.988836286021978594e-06 3.313475644972641021e-06 2.868157935154158622e-06 1.768548827385529876e-07 7.955986802699044347e-07 2.267657492893704330e-07 5.313992801347922068e-07 8.991626714305311907e-07 3.671108004255074775e-07 2.069556649075821042e-05 3.393871884327381849e-05 2.988836286021978594e-06 3.313475644972641021e-06 2.868157935154158622e-06 1.768548827385529876e-07 7.955986802699044347e-07 2.267657492893704330e-07 5.313992801347922068e-07 8.991626714305311907e-07 3.671108004255074775e-07
7.500000000000000000e+04 3.802303581323940307e-06 1.246633382834261283e-05 1.007748892334348056e-06 1.443694600311573595e-06 8.987777846414246596e-07 1.946264802654695814e-07 1.152451929442577239e-07 1.426240316959592747e-07 8.841599452580339857e-08 5.871684720659686718e-07 8.040385068852629047e-08 3.802303581323940307e-06 1.246633382834261283e-05 1.007748892334348056e-06 1.443694600311573595e-06 8.987777846414246596e-07 1.946264802654695814e-07 1.152451929442577239e-07 1.426240316959592747e-07 8.841599452580339857e-08 5.871684720659686718e-07 8.040385068852629047e-08
7.600000000000000000e+04 2.885422190956887789e-06 4.251326390658505261e-05 2.030229552474338561e-06 6.961201506783254445e-06 1.824178980314172804e-06 2.507692329345445614e-07 1.031126203088206239e-06 1.843162777959150844e-08 2.118037372156322817e-07 7.955409841997607145e-07 1.014478812066954561e-07 2.885422190956887789e-06 4.251326390658505261e-05 2.030229552474338561e-06 6.961201506783254445e-06 1.824178980314172804e-06 2.507692329345445614e-07 1.031126203088206239e-06 1.843162777959150844e-08 2.118037372156322817e-07 7.955409841997607145e-07 1.014478812066954561e-07
7.700000000000000000e+04 3.072255367442267016e-06 1.855417576734907925e-05 2.422708575977594592e-06 2.727162609517108649e-06 1.399810571456328034e-06 6.642821404057031032e-07 1.898706472047706484e-07 1.560059104122046847e-07 1.169187768823576334e-07 7.318275265788543038e-07 9.308868698099104222e-08 3.072255367442267016e-06 1.855417576734907925e-05 2.422708575977594592e-06 2.727162609517108649e-06 1.399810571456328034e-06 6.642821404057031032e-07 1.898706472047706484e-07 1.560059104122046847e-07 1.169187768823576334e-07 7.318275265788543038e-07 9.308868698099104222e-08
7.800000000000000000e+04 2.715935806918423623e-06 8.964420885604340583e-06 1.239624907611869276e-06 9.809957646211842075e-07 1.625058303034165874e-06 2.304255843910141266e-07 8.058528067067527445e-08 9.833568626049782324e-09 4.241325086695724167e-07 6.683828246423217934e-07 1.358985315391691984e-07 2.715935806918423623e-06 8.964420885604340583e-06 1.239624907611869276e-06 9.809957646211842075e-07 1.625058303034165874e-06 2.304255843910141266e-07 8.058528067067527445e-08 9.833568626049782324e-09 4.241325086695724167e-07 6.683828246423217934e-07 1.358985315391691984e-07
7.900000000000000000e+04 4.354225893621332943e-06 5.655098357237875462e-05 2.877766291931038722e-06 7.558679953945102170e-06 2.080539616144960746e-06 2.075200882245553657e-07 1.243273686668544542e-06 4.706750758032285376e-07 3.772403829316317569e-07 9.476534614805132151e-07 4.372542150576919084e-07 4.354225893621332943e-06 5.655098357237875462e-05 2.877766291931038722e-06 7.558679953945102170e-06 2.080539616144960746e-06 2.075200882245553657e-07 1.243273686668544542e-06 4.706750758032285376e-07 3.772403829316317569e-07 9.476534614805132151e-07 4.372542150576919084e-07
8.000000000000000000e+04 9.325975952378939837e-06 8.990446985990274698e-06 1.910625542222987860e-06 6.512481149911764078e-07 1.089925376618339214e-06 2.440688717797456775e-07 3.454063914887228748e-07 3.424033252485969570e-07 3.507051360429613851e-07 7.165652391449839342e-07 3.465235636213037651e-07 9.325975952378939837e-06 8.990446985990274698e-06 1.910625542222987860e-06 6.512481149911764078e-07 1.089925376618339214e-06 2.440688717797456775e-07 3.454063914887228748e-07 3.424033252485969570e-07 3.507051360429613851e-07 7.165652391449839342e-07 3.465235636213037651e-07
8.100000000000000000e+04 4.685638032242422923e-06 1.678872649790719151e-05 1.491931584496342111e-06 1.866108846115821507e-06 7.124490366550162435e-06 7.686913932047900744e-07 8.746307571527722757e-07 2.777218988114782405e-08 1.941270738825551234e-06 1.115370650950353593e-06 9.631917237129528075e-07 4.685638032242422923e-06 1.678872649790719151e-05 1.491931584496342111e-06 1.866108846115821507e-06 7.124490366550162435e-06 7.686913932047900744e-07 8.746307571527722757e-07 2.777218988114782405e-08 1.941270738825551234e-06 1.115370650950353593e-06 9.631917237129528075e-07
8.200000000000000000e+04 1.953741048055235296e-06 7.095640739862574264e-06 4.893855702903238125e-07 4.596776932430657325e-07 8.554748092137742788e-07 2.180814675512010581e-07 1.895484835756633402e-08 8.492962777495449700e-09 1.024075686473224778e-07 4.684395094045612495e-07 3.233921574974374380e-08 1.953741048055235296e-06 7.095640739862574264e-06 4.893855702903238125e-07 4.596776932430657325e-07 8.554748092137742788e-07 2.180814675512010581e-07 1.895484835756633402e-08 8.492962777495449700e-09 1.024075686473224778e-07 4.684395094045612495e-07 3.233921574974374380e-08
8.300000000000000000e+04 2.601392679935088381e-06 7.680180715397000313e-06 2.127223751813289709e-06 2.375151780142914504e-06 1.285211055801482871e-06 2.279330146848224103e-07 3.794248115696063905e-08 1.691585183039023832e-08 6.172772941681614611e-07 6.228700613064575009e-07 2.210710619010569644e-07 2.601392679935088381e-06 7.680180715397000313e-06 2.127223751813289709e-06 2.375151780142914504e-06 1.285211055801482871e-06 2.279330146848224103e-07 3.794248115696063905e-08 1.691585183039023832e-08 6.172772941681614611e-07 6.228700613064575009e-07 2.210710619010569644e-07
8.400000000000000000e+04 5.979009529255563393e-06 1.101568341255187988e-05 2.225981234005303122e-06 3.956203272537095472e-06 3.160173491778550670e-06 2.788913491258426802e-07 1.272873930702189682e-07 6.768843974214178161e-08 5.540575216400611680e-07 5.832295073560089804e-07 2.177651481360953767e-07 5.979009529255563393e-06 1.101568341255187988e-05 2.225981234005303122e-06 3.956203272537095472e-06 3.160173491778550670e-06 2.788913491258426802e-07 1.272873930702189682e-07 6.768843974214178161e-08 5.540575216400611680e-07 5.832295073560089804e-07 2.177651481360953767e-07
8.500000000000000000e+04 2.091476062560104765e-06 6.647929694736376405e-06 5.922919399381498806e-07 6.088336590437393170e-07 9.926023949446971528e-07 2.289097977836718201e-07 8.987134236804195098e-08 4.530408492797732833e-09 1.077121183357121481e-07 4.416065166878979653e-07 2.059076464888676128e-08 2.091476062560104765e-06 6.647929694736376405e-06 5.922919399381498806e-07 6.088336590437393170e-07 9.926023949446971528e-07 2.289097977836718201e-07 8.987134236804195098e-08 4.530408492797732833e-09 1.077121183357121481e-07 4.416065166878979653e-07 2.059076464888676128e-08
8.600000000000000000e+04 2.889066990974242799e-06 7.972951607371214777e-06 1.432731778550078161e-06 1.395225922351528425e-06 1.264248226107156370e-06 2.057743131445022300e-07 1.236433462281638640e-07 1.822337480916758068e-08 6.053813876860658638e-07 5.155983444637968205e-07 3.086936999352474231e-07 2.889066990974242799e-06 7.972951607371214777e-06 1.432731778550078161e-06 1.395225922351528425e-06 1.264248226107156370e-06 2.057743131445022300e-07 1.236433462281638640e-07 1.822337480916758068e-08 6.053813876860658638e-07 5.155983444637968205e-07 3.086936999352474231e-07
8.700000000000000000e+04 3.638460157162626274e-06 3.098134766332805157e-05 7.008304237388074398e-06 5.563282684306614101e-06 3.780401129915844649e-06 6.004965484862623271e-07 1.298432152907480486e-07 1.950342038981034420e-07 1.387159500154666603e-06 9.321508400716993492e-07 6.885966286063194275e-07 3.638460157162626274e-06 3.098134766332805157e-05 7.008304237388074398e-06 5.563282684306614101e-06 3.780401129915844649e-06 6.004965484862623271e-07 1.298432152907480486e-07 1.950342038981034420e-07 1.387159500154666603e-06 9.321508400716993492e-07 6.885966286063194275e-07
8.800000000000000000e+04 1.455070560041349381e-05 3.607770122471265495e-05 5.297911684465361759e-06 7.289811492228182033e-06 2.215720087406225502e-06 5.920414309912302997e-07 5.135790459576128342e-08 1.345627964610685012e-07 2.477866928529692814e-06 8.716858133084315341e-07 1.302694954574690200e-06 1.455070560041349381e-05 3.607770122471265495e-05 5.297911684465361759e-06 7.289811492228182033e-06 2.215720087406225502e-06 5.920414309912302997e-07 5.135790459576128342e-08 1.345627964610685012e-07 2.477866928529692814e-06 8.716858133084315341e-07 1.302694954574690200e-06
8.900000000000000000e+04 2.088665041810600087e-06 1.005839931167429313e-05 1.102162514143856242e-06 9.546674846205860376e-07 1.792597686289809644e-06 1.886887588398167281e-07 3.499700440556807735e-08 1.159570004460874770e-07 2.146746993503256817e-07 4.215166882204357535e-07 1.653222625463968143e-07 2.088665041810600087e-06 1.005839931167429313e-05 1.102162514143856242e-06 9.546674846205860376e-07 1.792597686289809644e-06 1.886887588398167281e-07 3.499700440556807735e-08 1.159570004460874770e-07 2.146746993503256817e-07 4.215166882204357535e-07 1.653222625463968143e-07
9.000000000000000000e+04 1.665254103500046767e-06 5.251578841125592589e-06 6.077257239667233080e-07 5.669711526934406720e-07 6.041490223651635461e-07 1.364334138997946866e-07 2.917142261082972254e-08 1.705686258901550900e-08 9.705527048708972870e-08 4.027697286801412702e-07 1.382600434141068035e-08 1.665254103500046767e-06 5.251578841125592589e-06 6.077257239667233080e-07 5.669711526934406720e-07 6.041490223651635461e-07 1.364334138997946866e-07 2.917142261082972254e-08 1.705686258901550900e-08 9.705527048708972870e-08 4.027697286801412702e-07 1.382600434141068035e-08
9.100000000000000000e+04 3.342580157550401054e-06 1.456129120924742892e-05 3.366514420122257434e-06 6.146177838672883809e-06 9.446913509236765094e-07 1.653279895208470407e-07 2.898741513490676880e-07 1.778912803729326697e-07 2.910300338498927886e-07 5.090547574582160451e-07 1.746035849237159709e-07 3.342580157550401054e-06 1.456129120924742892e-05 3.366514420122257434e-06 6.146177838672883809e-06 9.446913509236765094e-07 1.653279895208470407e-07 2.898741513490676880e-07 1.778912803729326697e-07 2.910300338498927886e-07 5.090547574582160451e-07 1.746035849237159709e-07
9.200000000000000000e+04 1.510201286691881251e-06 7.156334504543337971e-06 3.269187800469808280e-07 5.423013362815254368e-07 6.316466851785662584e-07 1.316782203275579377e-07 1.226445078827964608e-08 7.562137582795003254e-09 9.593605199142984929e-08 3.942316766369913239e-07 1.432951002300342225e-08 1.510201286691881251e-06 7.156334504543337971e-06 3.269187800469808280e-07 5.423013362815254368e-07 6.316466851785662584e-07 1.316782203275579377e-07 1.226445078827964608e-08 7.562137582795003254e-09 9.593605199142984929e-08 3.942316766369913239e-07 1.432951002300342225e-08
9.300000000000000000e+04 2.293752231707912870e-06 1.427491806680336595e-04 3.187652509950567037e-06 2.519475310691632330e-05 4.121310212212847546e-06 8.253309715655632317e-07 1.521006538496294525e-06 2.464416866132523865e-07 1.865714551740893512e-07 8.879168262865277939e-07 1.927155039993522223e-07 2.293752231707912870e-06 1.427491806680336595e-04 3.187652509950567037e-06 2.519475310691632330e-05 4.121310212212847546e-06 8.253309715655632317e-07 1.521006538496294525e-06 2.464416866132523865e-07 1.865714551740893512e-07 8.879168262865277939e-07 1.927155039993522223e-07
9.400000000000000000e+04 1.789423549780622125e-06 5.739547304983716458e-06 1.405354623784660362e-06 2.120111503245425411e-06 5.839135610585799441e-07 1.201031949449316016e-07 4.059934255451480567e-08 1.960702178394058137e-08 2.502859786090994021e-07 3.636557153186004143e-07 1.186565796729155409e-07 1.789423549780622125e-06 5.739547304983716458e-06 1.405354623784660362e-06 2.120111503245425411e-06 5.839135610585799441e-07 1.201031949449316016e-07 4.059934255451480567e-08 1.960702178394058137e-08 2.502859786090994021e-07 3.636557153186004143e-07 1.186565796729155409e-07
9.500000000000000000e+04 1.042444455379154533e-05 6.742383993696421385e-05 7.942889169498812407e-06 6.282377853494836017e-06 5.130235877004452050e-06 2.217592509623500519e-06 2.664468411239795387e-06 1.308015725953737274e-06 3.108129249085322954e-06 2.956746357085648924e-06 1.990216787817189470e-06 1.042444455379154533e-05 6.742383993696421385e-05 7.942889169498812407e-06 6.282377853494836017e-06 5.130235877004452050e-06 2.217592509623500519e-06 2.664468411239795387e-06 1.308015725953737274e-06 3.108129249085322954e-06 2.956746357085648924e-06 1.990216787817189470e-06
9.600000000000000000e+04 3.108904138571233489e-06 4.864548373006982729e-06 2.727796982071595266e-06 1.428518658030952793e-06 2.306813939867424779e-06 1.601367358716743183e-07 7.055231066033229581e-08 7.938891855019392096e-08 4.677492029259155970e-07 4.796818302565952763e-07 1.902636626027742750e-07 3.108904138571233489e-06 4.864548373006982729e-06 2.727796982071595266e-06 1.428518658030952793e-06 2.306813939867424779e-06 1.601367358716743183e-07 7.055231066033229581e-08 7.938891855019392096e-08 4.677492029259155970e-07 4.796818302565952763e-07 1.902636626027742750e-07
9.700000000000000000e+04 4.168703526374883950e-06 4.397197699290700257e-05 2.776839437501621433e-06 6.002283498673932627e-06 3.655637556221336126e-06 1.349721543419946101e-07 8.022767588045098819e-07 4.359793592811911367e-07 2.169752661984603037e-07 6.480792080765240826e-07 3.197105797880794853e-07 4.168703526374883950e-06 4.397197699290700257e-05 2.776839437501621433e-06 6.002283498673932627e-06 3.655637556221336126e-06 1.349721543419946101e-07 8.022767588045098819e-07 4.359793592811911367e-07 2.169752661984603037e-07 6.480792080765240826e-07 3.197105797880794853e-07
9.800000000000000000e+04 4.388651632325490937e-06 6.640526407863944769e-06 4.065615485160378739e-06 9.210619396071706433e-07 7.598099500683019869e-07 6.456001528931665234e-07 3.389480127680144506e-07 6.898612809891346842e-07 1.956305055728080333e-07 7.633030918441363610e-07 4.133015636398340575e-07 4.388651632325490937e-06 6.640526407863944769e-06 4.065615485160378739e-06 9.210619396071706433e-07 7.598099500683019869e-07 6.456001528931665234e-07 3.389480127680144506e-07 6.898612809891346842e-07 1.956305055728080333e-07 7.633030918441363610e-07 4.133015636398340575e-07
9.900000000000000000e+04 1.369655365124344826e-06 3.422357394811115228e-06 2.726167451783112483e-07 2.683173647710646037e-07 5.438789685285883024e-07 1.362938490956366877e-07 3.227252065585162200e-08 1.269645988344336729e-08 9.534917211340143695e-08 3.705615654325811192e-07 1.961783446802201070e-08 1.369655365124344826e-06 3.422357394811115228e-06 2.726167451783112483e-07 2.683173647710646037e-07 5.438789685285883024e-07 1.362938490956366877e-07 3.227252065585162200e-08 1.269645988344336729e-08 9.534917211340143695e-08 3.705615654325811192e-07 1.961783446802201070e-08
1.000000000000000000e+05 1.965142701010336168e-06 6.997750006121350452e-06 7.826303658475808334e-07 7.665977932447276544e-07 2.173579787267954089e-06 2.498799176464672200e-07 4.108245832412649179e-07 1.316050735056251142e-08 8.697653015588002745e-07 6.111454808888083789e-07 4.162718880706961500e-07 1.965142701010336168e-06 6.997750006121350452e-06 7.826303658475808334e-07 7.665977932447276544e-07 2.173579787267954089e-06 2.498799176464672200e-07 4.108245832412649179e-07 1.316050735056251142e-08 8.697653015588002745e-07 6.111454808888083789e-07 4.162718880706961500e-07
1.010000000000000000e+05 1.502054510638117790e-05 4.328557679400546476e-06 1.810177423067216296e-06 1.295640004173037596e-06 1.385800487696542405e-06 2.718370524235069752e-07 4.002351516874114168e-08 5.183138114261964802e-07 3.529980574512592284e-07 5.516370720215491019e-07 4.092256631338386796e-07 1.502054510638117790e-05 4.328557679400546476e-06 1.810177423067216296e-06 1.295640004173037596e-06 1.385800487696542405e-06 2.718370524235069752e-07 4.002351516874114168e-08 5.183138114261964802e-07 3.529980574512592284e-07 5.516370720215491019e-07 4.092256631338386796e-07
1.020000000000000000e+05 7.402561550406971946e-06 7.460208962584147230e-06 1.654046513976936694e-06 2.817530003085266799e-06 1.360778469461365603e-06 1.309777246660814853e-07 1.988866245028475532e-07 2.823109923610900296e-07 1.357990839778722147e-07 4.200473426863027271e-07 1.729563621211127611e-07 7.402561550406971946e-06 7.460208962584147230e-06 1.654046513976936694e-06 2.817530003085266799e-06 1.360778469461365603e-06 1.309777246660814853e-07 1.988866245028475532e-07 2.823109923610900296e-07 1.357990839778722147e-07 4.200473426863027271e-07 1.729563621211127611e-07
1.030000000000000000e+05 3.593227120290976018e-06 5.650581078953109682e-05 1.160006945610803086e-06 5.164518825040431693e-06 2.834189217537641525e-06 2.691116662845161045e-07 2.498475453194259899e-07 5.149791348912913236e-08 2.067074262868118240e-07 4.629573879810777726e-07 7.485329689416175825e-08 3.593227120290976018e-06 5.650581078953109682e-05 1.160006945610803086e-06 5.164518825040431693e-06 2.834189217537641525e-06 2.691116662845161045e-07 2.498475453194259899e-07 5.149791348912913236e-08 2.067074262868118240e-07 4.629573879810777726e-07 7.485329689416175825e-08
1.040000000000000000e+05 8.390383300138637424e-06 2.878229679481592029e-05 1.853309299804095645e-06 2.496908109606010839e-06 7.253190688061295077e-06 1.597180016688071191e-06 1.675566920766868861e-07 8.714636123841046356e-09 3.003729034389834851e-07 6.042785685167473275e-07 1.394438129409536486e-07 8.390383300138637424e-06 2.878229679481592029e-05 1.853309299804095645e-06 2.496908109606010839e-06 7.253190688061295077e-06 1.597180016688071191e-06 1.675566920766868861e-07 8.714636123841046356e-09 3.003729034389834851e-07 6.042785685167473275e-07 1.394438129409536486e-07
1.050000000000000000e+05 5.410603534983238205e-06 4.094044015801046044e-06 1.580484536134463269e-06 7.700959940848406404e-07 1.024110815706080757e-06 1.843977912585614831e-07 1.439639163436368108e-08 4.080049507138028275e-07 1.407991305768518941e-07 4.849295009989873506e-07 2.690212568268179893e-07 5.410603534983238205e-06 4.094044015801046044e-06 1.580484536134463269e-06 7.700959940848406404e-07 1.024110815706080757e-06 1.843977912585614831e-07 1.439639163436368108e-08 4.080049507138028275e-07 1.407991305768518941e-07 4.849295009989873506e-07 2.690212568268179893e-07
1.060000000000000000e+05 3.824949544650735334e-06 7.010322860878659412e-06 1.057409690474742092e-06 1.460847443013335578e-06 2.913725893449736759e-06 1.416093624584391364e-07 8.414095731268389500e-08 2.415111453046847600e-07 2.730054404764814535e-07 3.722174142239964567e-07 2.180132270268586581e-07 3.824949544650735334e-06 7.010322860878659412e-06 1.057409690474742092e-06 1.460847443013335578e-06 2.913725893449736759e-06 1.416093624584391364e-07 8.414095731268389500e-08 2.415111453046847600e-07 2.730054404764814535e-07 3.722174142239964567e-07 2.180132270268586581e-07
1.070000000000000000e+05 1.565228444633248728e-06 3.459772869973676279e-06 3.211126227142813150e-07 6.618918177991872653e-07 4.683986958298191894e-07 1.910242275471318862e-07 2.632598317120482534e-08 1.039219554854753369e-07 1.037386709867860191e-07 3.591143240555538796e-07 7.626746878486301284e-08 1.565228444633248728e-06 3.459772869973676279e-06 3.211126227142813150e-07 6.618918177991872653e-07 4.683986958298191894e-07 1.910242275471318862e-07 2.632598317120482534e-08 1.039219554854753369e-07 1.037386709867860191e-07 3.591143240555538796e-07 7.626746878486301284e-08
1.080000000000000000e+05 1.265554828933090903e-06 5.526008862943854183e-06 2.665378531219175784e-07 4.498731982494064141e-07 1.557163045617926400e-06 2.657048696619312977e-07 5.026259941587341018e-08 1.254403603212495000e-08 1.264005362600073568e-07 3.437413056417426560e-07 2.184606096022889687e-08 1.265554828933090903e-06 5.526008862943854183e-06 2.665378531219175784e-07 4.498731982494064141e-07 1.557163045617926400e-06 2.657048696619312977e-07 5.026259941587341018e-08 1.254403603212495000e-08 1.264005362600073568e-07 3.437413056417426560e-07 2.184606096022889687e-08
1.090000000000000000e+05 2.556122808528016321e-06 5.293436061037937179e-06 3.126319597868132405e-06 4.107298082089982927e-06 9.815366865950636566e-07 1.752376732611082844e-07 3.090239530934013601e-08 2.868929982469126116e-08 7.297730917343869805e-07 4.834708988710190170e-07 2.876030862353218254e-07 2.556122808528016321e-06 5.293436061037937179e-06 3.126319597868132405e-06 4.107298082089982927e-06 9.815366865950636566e-07 1.752376732611082844e-07 3.090239530934013601e-08 2.868929982469126116e-08 7.297730917343869805e-07 4.834708988710190170e-07 2.876030862353218254e-07
1.100000000000000000e+05 1.118885279538517352e-06 2.277653948112856597e-06 1.992685412233186071e-07 1.719885460715886438e-07 4.406895754982542712e-07 9.375536791367267142e-08 1.364792012736870674e-08 5.696187965753551907e-09 9.517304988548858091e-08 3.134521762149233837e-07 9.947076051730618929e-09 1.118885279538517352e-06 2.277653948112856597e-06 1.992685412233186071e-07 1.719885460715886438e-07 4.406895754982542712e-07 9.375536791367267142e-08 1.364792012736870674e-08 5.696187965753551907e-09 9.517304988548858091e-08 3.134521762149233837e-07 9.947076051730618929e-09
1.110000000000000000e+05 1.512844960416259710e-06 7.345275207626400515e-06 1.355538415737100877e-06 1.506274315943301190e-06 6.125458753558632452e-07 1.074687929758511018e-07 2.927704656485730084e-08 3.201369480620996910e-08 3.762173435006843647e-07 3.509253474476281554e-07 1.929498978370247642e-07 1.512844960416259710e-06 7.345275207626400515e-06 1.355538415737100877e-06 1.506274315943301190e-06 6.125458753558632452e-07 1.074687929758511018e-07 2.927704656485730084e-08 3.201369480620996910e-08 3.762173435006843647e-07 3.509253474476281554e-07 1.929498978370247642e-07
1.120000000000000000e+05 1.807022044886252843e-06 4.136883035243954509e-06 8.253125542978523299e-07 5.404875196290959138e-07 7.079439683366217650e-07 1.086841834307961108e-07 8.144830587752949214e-08 1.302039365214113786e-08 2.731852930537570501e-07 3.358476021730893990e-07 1.266412255063187331e-07 1.807022044886252843e-06 4.136883035243954509e-06 8.253125542978523299e-07 5.404875196290959138e-07 7.079439683366217650e-07 1.086841834307961108e-07 8.144830587752949214e-08 1.302039365214113786e-08 2.731852930537570501e-07 3.358476021730893990e-07 1.266412255063187331e-07
1.130000000000000000e+05 3.032994982277159579e-06 1.591765976627357304e-05 8.488528919770033099e-07 1.442668235540622845e-06 2.416179540887242183e-06 1.988690740972742788e-07 7.321627322198764887e-07 5.796708819616469555e-07 1.148985234067367855e-06 8.478154995827935636e-07 8.346532922587357461e-07 3.032994982277159579e-06 1.591765976627357304e-05 8.488528919770033099e-07 1.442668235540622845e-06 2.416179540887242183e-06 1.988690740972742788e-07 7.321627322198764887e-07 5.796708819616469555e-07 1.148985234067367855e-06 8.478154995827935636e-07 8.346532922587357461e-07
1.140000000000000000e+05 1.025938672682968900e-05 9.225401299772784114e-06 6.737078820151509717e-06 1.045113640429917723e-05 1.158103827947343234e-06 1.422946382945156074e-07 3.390560152638499858e-07 1.516551861868720152e-07 7.048877250781515613e-07 5.015838269173400477e-07 3.435077360336435959e-07 1.025938672682968900e-05 9.225401299772784114e-06 6.737078820151509717e-06 1.045113640429917723e-05 1.158103827947343234e-06 1.422946382945156074e-07 3.390560152638499858e-07 1.516551861868720152e-07 7.048877250781515613e-07 5.015838269173400477e-07 3.435077360336435959e-07
1.150000000000000000e+05 2.534440227464074269e-06 1.382587834086734802e-05 3.633378582890145481e-06 5.597186373051954433e-06 5.028938176110386848e-06 1.526658024886273779e-06 9.717543036913411925e-08 5.538328906595779699e-08 7.420408678626699839e-07 5.857557425770210102e-07 4.291983373150287662e-07 2.534440227464074269e-06 1.382587834086734802e-05 3.633378582890145481e-06 5.597186373051954433e-06 5.028938176110386848e-06 1.526658024886273779e-06 9.717543036913411925e-08 5.538328906595779699e-08 7.420408678626699839e-07 5.857557425770210102e-07 4.291983373150287662e-07
1.160000000000000000e+05 1.784620849321072455e-06 6.705925898131681606e-06 2.590077201602980494e-06 4.265972165740095079e-06 4.528503723122412339e-07 1.168755403568866313e-07 8.103862114694493357e-08 2.343172766927636985e-08 4.012563579181005480e-07 3.757158424377848860e-07 1.415493215972674079e-07 1.784620849321072455e-06 6.705925898131681606e-06 2.590077201602980494e-06 4.265972165740095079e-06 4.528503723122412339e-07 1.168755403568866313e-07 8.103862114694493357e-08 2.343172766927636985e-08 4.012563579181005480e-07 3.757158424377848860e-07 1.415493215972674079e-07
1.170000000000000000e+05 4.754832843900658190e-06 2.892910515583935194e-06 3.198837475792970508e-06 1.467187416892556939e-06 6.529319307446712628e-07 1.299321752412652131e-07 5.476000097814903711e-08 7.682755409632591181e-08 2.467710658038413385e-07 3.006130384619609686e-07 1.353394623038184363e-07 4.754832843900658190e-06 2.892910515583935194e-06 3.198837475792970508e-06 1.467187416892556939e-06 6.529319307446712628e-07 1.299321752412652131e-07 5.476000097814903711e-08 7.682755409632591181e-08 2.467710658038413385e-07 3.006130384619609686e-07 1.353394623038184363e-07
1.180000000000000000e+05 4.215686658426420763e-06 6.722022135363658890e-06 6.177131581353023648e-06 6.450149612646782771e-06 2.140725655408459716e-06 2.051179563977711950e-07 6.307234201585742994e-08 8.119395289440944907e-08 1.091297804123314563e-06 5.348360900825355202e-07 4.766505412590049673e-07 4.215686658426420763e-06 6.722022135363658890e-06 6.177131581353023648e-06 6.450149612646782771e-06 2.140725655408459716e-06 2.051179563977711950e-07 6.307234201585742994e-08 8.119395289440944907e-08 1.091297804123314563e-06 5.348360900825355202e-07 4.766505412590049673e-07
1.190000000000000000e+05 2.005572014240897261e-06 3.740412239494617097e-06 1.186918211715237703e-06 1.629106463951757178e-06 1.850552735049859621e-06 9.060137813321489375e-07 7.268507573598981253e-08 1.788747283626435092e-07 3.798155319145735120e-07 5.447516286949394271e-07 2.630270614645269234e-07 2.005572014240897261e-06 3.740412239494617097e-06 1.186918211715237703e-06 1.629106463951757178e-06 1.850552735049859621e-06 9.060137813321489375e-07 7.268507573598981253e-08 1.788747283626435092e-07 3.798155319145735120e-07 5.447516286949394271e-07 2.630270614645269234e-07
1.200000000000000000e+05 2.097646074616932310e-06 2.660513018781784922e-05 2.090088173645199277e-06 2.643382686073891819e-06 2.756853746177512221e-06 4.790369985130382702e-07 2.544053643305232981e-07 1.697573459580326016e-08 4.305892957745527383e-07 4.628250280802603811e-07 2.210365153132443083e-07 2.097646074616932310e-06 2.660513018781784922e-05 2.090088173645199277e-06 2.643382686073891819e-06 2.756853746177512221e-06 4.790369985130382702e-07 2.544053643305232981e-07 1.697573459580326016e-08 4.305892957745527383e-07 4.628250280802603811e-07 2.210365153132443083e-07
1.210000000000000000e+05 1.157387373496021610e-06 2.899932042055297643e-06 5.013887971472286154e-07 5.418353907771233935e-07 6.228331699276168365e-07 2.320741572248152806e-07 3.203773601967441209e-08 2.817059119308851223e-08 1.051843554478182341e-07 3.223281623832008336e-07 2.386395792086659640e-08 1.157387373496021610e-06 2.899932042055297643e-06 5.013887971472286154e-07 5.418353907771233935e-07 6.228331699276168365e-07 2.320741572248152806e-07 3.203773601967441209e-08 2.817059119308851223e-08 1.051843554478182341e-07 3.223281623832008336e-07 2.386395792086659640e-08
1.220000000000000000e+05 9.561435945215635002e-07 1.678307398833567277e-06 1.806219387390228803e-07 1.644850868842695490e-07 3.837061228750826558e-07 8.974649290394154377e-08 1.646792036069655296e-08 6.593884993577603382e-09 8.594486189394956455e-08 2.676364374565309845e-07 1.197507515371398767e-08 9.561435945215635002e-07 1.678307398833567277e-06 1.806219387390228803e-07 1.644850868842695490e-07 3.837061228750826558e-07 8.974649290394154377e-08 1.646792036069655296e-08 6.593884993577603382e-09 8.594486189394956455e-08 2.676364374565309845e-07 1.197507515371398767e-08
1.230000000000000000e+05 2.809730631270213053e-06 2.607459009595913813e-06 1.601520921212795656e-06 9.339771622762782499e-07 1.375994543195702136e-06 2.328380190874668187e-07 1.620013563297106884e-07 1.873340949032353819e-08 6.251720492400636431e-07 4.264045401214389130e-07 3.004253130711731501e-07 2.809730631270213053e-06 2.607459009595913813e-06 1.601520921212795656e-06 9.339771622762782499e-07 1.375994543195702136e-06 2.328380190874668187e-07 1.620013563297106884e-07 1.873340949032353819e-08 6.251720492400636431e-07 4.264045401214389130e-07 3.004253130711731501e-07
1.240000000000000000e+05 9.295841891798772849e-07 1.490513341195764951e-06 1.732044978552949033e-07 1.495652099947619718e-07 3.935867312065965962e-07 7.792859690880504786e-08 1.402553717610999229e-08 8.066358248015603749e-09 9.187614580241643125e-08 2.522322972708934685e-07 1.499720525544034899e-08 9.295841891798772849e-07 1.490513341195764951e-06 1.732044978552949033e-07 1.495652099947619718e-07 3.935867312065965962e-07 7.792859690880504786e-08 1.402553717610999229e-08 8.066358248015603749e-09 9.187614580241643125e-08 2.522322972708934685e-07 1.499720525544034899e-08
1.250000000000000000e+05 2.050034709100145847e-06 4.283634552848525345e-06 6.276354724832344800e-07 1.461749889131169766e-06 2.782731598927057348e-06 5.381031655815604609e-07 2.383509212222634233e-07 1.055811882366697319e-08 1.600114245547956671e-07 3.898302054494706681e-07 5.352662668656194001e-08 2.050034709100145847e-06 4.283634552848525345e-06 6.276354724832344800e-07 1.461749889131169766e-06 2.782731598927057348e-06 5.381031655815604609e-07 2.383509212222634233e-07 1.055811882366697319e-08 1.600114245547956671e-07 3.898302054494706681e-07 5.352662668656194001e-08
1.260000000000000000e+05 4.310659733164357021e-06 3.792770939980982803e-06 1.142043288382410537e-06 7.171241804826422594e-07 1.171296048596559558e-06 8.504398607556140632e-08 1.206973081480100518e-07 2.781133900953136617e-07 1.023576245984259003e-07 3.398167223167547490e-07 1.577408568209648365e-07 4.310659733164357021e-06 3.792770939980982803e-06 1.142043288382410537e-06 7.171241804826422594e-07 1.171296048596559558e-06 8.504398607556140632e-08 1.206973081480100518e-07 2.781133900953136617e-07 1.023576245984259003e-07 3.398167223167547490e-07 1.577408568209648365e-07
1.270000000000000000e+05 6.847146778454771265e-06 7.592040492454543710e-05 4.630885086953639984e-06 7.525373803218826652e-06 2.590781377875828184e-06 1.057830090189781913e-07 2.524766614442341961e-06 6.648222417027227493e-09 1.802065071387914941e-06 1.409215656167361885e-06 8.924060921344789676e-07 6.847146778454771265e-06 7.592040492454543710e-05 4.630885086953639984e-06 7.525373803218826652e-06 2.590781377875828184e-06 1.057830090189781913e-07 2.524766614442341961e-06 6.648222417027227493e-09 1.802065071387914941e-06 1.409215656167361885e-06 8.924060921344789676e-07
1.280000000000000000e+05 5.776817488367669284e-06 1.491216426074970514e-05 1.086594056687317789e-05 1.505309592175763100e-05 9.984366897697327659e-07 5.481204539137252141e-07 2.344402716403237719e-08 1.904422362031255034e-07 2.187649670304381289e-06 7.482848332074354403e-07 1.200082124341861345e-06 5.776817488367669284e-06 1.491216426074970514e-05 1.086594056687317789e-05 1.505309592175763100e-05 9.984366897697327659e-07 5.481204539137252141e-07 2.344402716403237719e-08 1.904422362031255034e-07 2.187649670304381289e-06 7.482848332074354403e-07 1.200082124341861345e-06
1.290000000000000000e+05 1.554340428810974117e-06 1.950115802173968405e-06 9.775548051038640551e-07 1.111136043618898839e-06 8.889844025361526292e-07 8.919201377466379199e-08 4.043782197982181970e-08 3.881127952354290755e-08 3.081249531078356085e-07 2.786561026368872263e-07 1.429523734941540170e-07 1.554340428810974117e-06 1.950115802173968405e-06 9.775548051038640551e-07 1.111136043618898839e-06 8.889844025361526292e-07 8.919201377466379199e-08 4.043782197982181970e-08 3.881127952354290755e-08 3.081249531078356085e-07 2.786561026368872263e-07 1.429523734941540170e-07
1.300000000000000000e+05 1.263082253899483476e-06 2.432498376947478391e-06 3.107520285539067117e-07 1.915903737881308189e-07 3.746199865872767987e-07 7.370167764975121827e-08 1.969382346089787461e-08 7.418609282439092567e-09 1.083945093682814331e-07 2.583404352662910242e-07 1.406715099960820226e-08 1.263082253899483476e-06 2.432498376947478391e-06 3.107520285539067117e-07 1.915903737881308189e-07 3.746199865872767987e-07 7.370167764975121827e-08 1.969382346089787461e-08 7.418609282439092567e-09 1.083945093682814331e-07 2.583404352662910242e-07 1.406715099960820226e-08
1.310000000000000000e+05 2.196626837758230977e-06 4.492634161579189822e-06 4.451138693184475414e-07 1.316652628702286165e-06 4.125743373606383102e-07 1.712708836976162274e-07 7.168875981733435765e-08 1.407915561912886915e-07 1.027692135835422960e-07 3.224175202376500238e-07 8.963793618477211567e-08 2.196626837758230977e-06 4.492634161579189822e-06 4.451138693184475414e-07 1.316652628702286165e-06 4.125743373606383102e-07 1.712708836976162274e-07 7.168875981733435765e-08 1.407915561912886915e-07 1.027692135835422960e-07 3.224175202376500238e-07 8.963793618477211567e-08
1.320000000000000000e+05 8.416776609010412358e-07 1.242953317159845028e-06 1.671415787996011204e-07 1.427310820645288914e-07 3.477837537957384484e-07 6.922609685489078402e-08 1.663793902650922973e-08 6.773632765799675326e-09 8.793928429895458976e-08 2.284881759351264918e-07 8.881122504078575730e-09 8.416776609010412358e-07 1.242953317159845028e-06 1.671415787996011204e-07 1.427310820645288914e-07 3.477837537957384484e-07 6.922609685489078402e-08 1.663793902650922973e-08 6.773632765799675326e-09 8.793928429895458976e-08 2.284881759351264918e-07 8.881122504078575730e-09
1.330000000000000000e+05 6.896471859363373369e-06 4.725053258880507201e-06 1.217605586134595796e-06 2.092659087793435901e-06 1.524005938335903920e-06 6.035751312083448283e-07 6.666336815897011547e-08 8.850302890550665325e-08 2.309559050672760350e-07 4.173705860921472777e-07 1.113257184215399320e-07 6.896471859363373369e-06 4.725053258880507201e-06 1.217605586134595796e-06 2.092659087793435901e-06 1.524005938335903920e-06 6.035751312083448283e-07 6.666336815897011547e-08 8.850302890550665325e-08 2.309559050672760350e-07 4.173705860921472777e-07 1.113257184215399320e-07
1.340000000000000000e+05 3.265686700615333393e-06 1.824649370973929763e-05 4.728644853457808495e-06 4.576472747430671006e-06 1.300587541663844604e-06 2.834711381183296908e-07 4.706702441126253689e-07 1.430846054972789716e-07 2.013434595937724225e-06 8.976962817541789263e-07 1.077481101674493402e-06 3.265686700615333393e-06 1.824649370973929763e-05 4.728644853457808495e-06 4.576472747430671006e-06 1.300587541663844604e-06 2.834711381183296908e-07 4.706702441126253689e-07 1.430846054972789716e-07 2.013434595937724225e-06 8.976962817541789263e-07 1.077481101674493402e-06
1.350000000000000000e+05 1.476176521464367397e-06 1.988634949157130904e-06 9.411393762093211990e-07 5.276737056192359887e-07 1.170601649391755927e-06 7.182600114674642100e-08 4.588646618230995955e-08 1.684105939148139441e-07 1.012626711371922283e-07 2.929740219315135619e-07 9.979363113643557881e-08 1.476176521464367397e-06 1.988634949157130904e-06 9.411393762093211990e-07 5.276737056192359887e-07 1.170601649391755927e-06 7.182600114674642100e-08 4.588646618230995955e-08 1.684105939148139441e-07 1.012626711371922283e-07 2.929740219315135619e-07 9.979363113643557881e-08
1.360000000000000000e+05 7.965095392137300223e-07 1.053311507348553278e-06 1.513725891300055082e-07 1.126137405549343384e-07 3.405444601867202437e-07 6.444036415587106603e-08 1.215714640068199515e-08 6.719212297667809253e-09 8.425189435001811944e-08 2.222556929609709186e-07 9.644161025335051818e-09 7.965095392137300223e-07 1.053311507348553278e-06 1.513725891300055082e-07 1.126137405549343384e-07 3.405444601867202437e-07 6.444036415587106603e-08 1.215714640068199515e-08 6.719212297667809253e-09 8.425189435001811944e-08 2.222556929609709186e-07 9.644161025335051818e-09
1.370000000000000000e+05 1.363665091957955156e-06 2.656125616340432316e-06 5.616377052319876384e-07 2.718191751682752511e-07 6.448522071877960116e-07 2.146213802234342438e-07 1.534715039497314137e-07 6.010782982457385515e-08 2.525783315832086373e-07 3.769135048514726805e-07 9.866022310234257020e-08 1.363665091957955156e-06 2.656125616340432316e-06 5.616377052319876384e-07 2.718191751682752511e-07 6.448522071877960116e-07 2.146213802234342438e-07 1.534715039497314137e-07 6.010782982457385515e-08 2.525783315832086373e-07 3.769135048514726805e-07 9.866022310234257020e-08
1.380000000000000000e+05 2.633760686876485124e-06 4.496599103731568903e-06 3.696521389429108240e-06 4.493970664043445140e-06 6.299931669673242141e-07 1.042370101345113653e-07 5.857849671997428231e-08 5.598257857286625949e-08 1.248465650860453025e-06 5.506046818481991068e-07 5.569977474806364626e-07 2.633760686876485124e-06 4.496599103731568903e-06 3.696521389429108240e-06 4.493970664043445140e-06 6.299931669673242141e-07 1.042370101345113653e-07 5.857849671997428231e-08 5.598257857286625949e-08 1.248465650860453025e-06 5.506046818481991068e-07 5.569977474806364626e-07
1.390000000000000000e+05 8.054001341406546999e-07 1.527366180198441725e-06 2.456648644511005841e-07 3.787457671933225356e-07 4.180787982477340847e-07 7.008080160630925093e-08 1.439711372341889728e-08 9.582390880780167208e-09 1.497926831461882102e-07 2.449948794946976705e-07 3.183969710107703577e-08 8.054001341406546999e-07 1.527366180198441725e-06 2.456648644511005841e-07 3.787457671933225356e-07 4.180787982477340847e-07 7.008080160630925093e-08 1.439711372341889728e-08 9.582390880780167208e-09 1.497926831461882102e-07 2.449948794946976705e-07 3.183969710107703577e-08
1.400000000000000000e+05 1.888113274617353454e-06 3.725988563019200228e-06 2.467887952661840245e-06 3.542588956406689249e-06 1.071648853212536778e-06 8.023210540386571665e-08 2.074232128279618337e-07 2.465721138378285104e-07 1.661965711718949024e-07 3.102323375969717745e-07 1.968237484106794000e-07 1.888113274617353454e-06 3.725988563019200228e-06 2.467887952661840245e-06 3.542588956406689249e-06 1.071648853212536778e-06 8.023210540386571665e-08 2.074232128279618337e-07 2.465721138378285104e-07 1.661965711718949024e-07 3.102323375969717745e-07 1.968237484106794000e-07
1.410000000000000000e+05 1.923827312566572800e-06 5.434511422208743170e-06 8.144030516632483341e-07 1.540816015221935231e-06 6.923432920302730054e-07 3.906655479113396723e-07 1.497047108500737522e-08 1.754695659883509506e-07 3.363460621130798245e-07 3.451053771641454659e-07 2.308853623844697722e-07 1.923827312566572800e-06 5.434511422208743170e-06 8.144030516632483341e-07 1.540816015221935231e-06 6.923432920302730054e-07 3.906655479113396723e-07 1.497047108500737522e-08 1.754695659883509506e-07 3.363460621130798245e-07 3.451053771641454659e-07 2.308853623844697722e-07
1.420000000000000000e+05 7.641850743311806582e-07 9.428092084817762952e-07 1.704412397884880193e-07 1.063647872001638461e-07 3.298795263617648743e-07 6.089974391443320201e-08 1.440049324230585626e-08 6.405335373216303196e-09 8.173687149337638402e-08 2.184865763865673216e-07 9.815276591496058245e-09 7.641850743311806582e-07 9.428092084817762952e-07 1.704412397884880193e-07 1.063647872001638461e-07 3.298795263617648743e-07 6.089974391443320201e-08 1.440049324230585626e-08 6.405335373216303196e-09 8.173687149337638402e-08 2.184865763865673216e-07 9.815276591496058245e-09
1.430000000000000000e+05 1.701012706689652987e-06 2.586694427009206265e-05 2.081121465380419977e-06 3.690702897074515931e-06 1.254549829354800750e-06 1.481255225144195720e-07 2.877225391273441346e-08 2.160604317680281383e-08 2.282715314549932373e-07 2.577875193310319446e-07 1.124857718082239444e-07 1.701012706689652987e-06 2.586694427009206265e-05 2.081121465380419977e-06 3.690702897074515931e-06 1.254549829354800750e-06 1.481255225144195720e-07 2.877225391273441346e-08 2.160604317680281383e-08 2.282715314549932373e-07 2.577875193310319446e-07 1.124857718082239444e-07
1.440000000000000000e+05 3.120918336207978427e-06 2.386478263360913843e-05 2.612830030557233840e-06 3.330767185616423376e-06 2.337053729206672870e-06 6.524254558826214634e-08 2.194061892168974737e-07 3.833792732166330097e-07 1.095931949635087221e-07 3.593759174691513181e-07 2.026636991558916634e-07 3.120918336207978427e-06 2.386478263360913843e-05 2.612830030557233840e-06 3.330767185616423376e-06 2.337053729206672870e-06 6.524254558826214634e-08 2.194061892168974737e-07 3.833792732166330097e-07 1.095931949635087221e-07 3.593759174691513181e-07 2.026636991558916634e-07
1.450000000000000000e+05 8.631463970232289284e-07 1.559362544867326505e-06 4.402239142109465320e-07 5.779523348792281467e-07 3.746686729755310807e-07 6.264843932513031177e-08 2.539365873133192508e-08 1.053986586896371591e-08 2.576857980329805287e-07 2.748884071479551494e-07 7.405086677181316190e-08 8.631463970232289284e-07 1.559362544867326505e-06 4.402239142109465320e-07 5.779523348792281467e-07 3.746686729755310807e-07 6.264843932513031177e-08 2.539365873133192508e-08 1.053986586896371591e-08 2.576857980329805287e-07 2.748884071479551494e-07 7.405086677181316190e-08
1.460000000000000000e+05 2.234183057225891389e-06 1.776919020812783856e-06 1.965288902283646166e-06 1.148270939665962942e-06 5.231065642874455079e-07 8.046536237316104234e-08 2.643778707067667710e-08 1.788398762414544763e-08 2.126009377434456837e-07 2.331297110913510551e-07 8.481615054733993020e-08 2.234183057225891389e-06 1.776919020812783856e-06 1.965288902283646166e-06 1.148270939665962942e-06 5.231065642874455079e-07 8.046536237316104234e-08 2.643778707067667710e-08 1.788398762414544763e-08 2.126009377434456837e-07 2.331297110913510551e-07 8.481615054733993020e-08
1.470000000000000000e+05 1.201050167765060905e-06 1.271686778636649251e-05 6.043074449735286180e-07 1.369602273371128831e-06 1.583008383931883145e-06 1.400775175852686516e-07 5.451502715914102737e-07 1.068059507502994165e-08 3.773429568809660850e-07 4.258246519839303801e-07 1.670876770276663592e-07 1.201050167765060905e-06 1.271686778636649251e-05 6.043074449735286180e-07 1.369602273371128831e-06 1.583008383931883145e-06 1.400775175852686516e-07 5.451502715914102737e-07 1.068059507502994165e-08 3.773429568809660850e-07 4.258246519839303801e-07 1.670876770276663592e-07
1.480000000000000000e+05 1.310777975049859378e-06 1.909402726596454158e-06 7.402759933938796166e-07 1.052893594533088617e-06 5.648648766509722918e-07 5.629074095736541494e-08 8.477034185716547654e-08 7.601249762956285849e-08 1.004594523124069383e-07 2.345499439115883433e-07 5.219624910068887402e-08 1.310777975049859378e-06 1.909402726596454158e-06 7.402759933938796166e-07 1.052893594533088617e-06 5.648648766509722918e-07 5.629074095736541494e-08 8.477034185716547654e-08 7.601249762956285849e-08 1.004594523124069383e-07 2.345499439115883433e-07 5.219624910068887402e-08
1.490000000000000000e+05 6.805993848502112087e-07 8.322245435010700021e-07 1.340952593409383553e-07 9.335177963976093451e-08 3.112935189619747689e-07 5.622245069503151171e-08 1.215751677108301010e-08 6.380220352042442755e-09 8.468253298588024336e-08 2.017483211602666415e-07 9.362338460050523281e-09 6.805993848502112087e-07 8.322245435010700021e-07 1.340952593409383553e-07 9.335177963976093451e-08 3.112935189619747689e-07 5.622245069503151171e-08 1.215751677108301010e-08 6.380220352042442755e-09 8.468253298588024336e-08 2.017483211602666415e-07 9.362338460050523281e-09
1.500000000000000000e+05 9.866796517599141225e-07 7.310296496143564582e-06 4.966403821526910178e-07 7.518675602113944478e-07 2.089607960442663170e-06 3.540822888226102805e-07 6.250753159520172630e-08 8.543524110393718729e-09 1.418472095338074723e-07 2.680729380699631292e-07 3.612160170973766071e-08 9.866796517599141225e-07 7.310296496143564582e-06 4.966403821526910178e-07 7.518675602113944478e-07 2.089607960442663170e-06 3.540822888226102805e-07 6.250753159520172630e-08 8.543524110393718729e-09 1.418472095338074723e-07 2.680729380699631292e-07 3.612160170973766071e-08
