# x y true_fields pred_fields error_fields
1.111111119389533997e-01 1.111111119389533997e-01 5.199013277888298035e-03 1.834546960890293121e-02 1.250389814376831055e-01 2.070720046758651733e-01 1.798106543719768524e-02 6.730788946151733398e-01 3.371332585811614990e-01 8.666957616806030273e-01 2.853902578353881836e-01 6.136197596788406372e-03 1.842322759330272675e-02 1.283047050237655640e-01 1.810839772224426270e-01 1.208031363785266876e-02 7.116170525550842285e-01 2.057912796735763550e-01 5.630937814712524414e-01 3.681187331676483154e-01 9.371843189001083374e-04 7.775798439979553223e-05 3.265723586082458496e-03 -2.598802745342254639e-02 -5.900751799345016479e-03 3.853815793991088867e-02 -1.313419789075851440e-01 -3.036019802093505859e-01 8.272847533226013184e-02
2.222222238779067993e-01 1.111111119389533997e-01 9.770948439836502075e-03 1.976666413247585297e-02 1.226828992366790771e-01 2.188857495784759521e-01 2.825987152755260468e-02 6.764907240867614746e-01 3.351877033710479736e-01 8.630257844924926758e-01 2.873768210411071777e-01 9.869430214166641235e-03 2.027238905429840088e-02 1.228337958455085754e-01 1.872619986534118652e-01 1.765450835227966309e-02 6.746960282325744629e-01 2.091901451349258423e-01 5.687862038612365723e-01 3.594956994056701660e-01 9.848177433013916016e-05 5.057249218225479126e-04 1.508966088294982910e-04 -3.162375092506408691e-02 -1.060536317527294159e-02 -1.794695854187011719e-03 -1.259975582361221313e-01 -2.942395806312561035e-01 7.211887836456298828e-02
3.333333432674407959e-01 1.111111119389533997e-01 1.316436287015676498e-02 2.072950266301631927e-02 1.121711805462837219e-01 2.217943072319030762e-01 3.496995195746421814e-02 6.753002405166625977e-01 3.329732418060302734e-01 8.579144477844238281e-01 2.882634401321411133e-01 1.263440027832984924e-02 2.142431586980819702e-02 1.076555624604225159e-01 1.833553910255432129e-01 2.215824648737907410e-02 6.263070702552795410e-01 2.206857651472091675e-01 5.924696922302246094e-01 3.423378169536590576e-01 -5.299625918269157410e-04 6.948132067918777466e-04 -4.515618085861206055e-03 -3.843891620635986328e-02 -1.281170547008514404e-02 -4.899317026138305664e-02 -1.122874766588211060e-01 -2.654447555541992188e-01 5.407437682151794434e-02
4.444444477558135986e-01 1.111111119389533997e-01 1.496996171772480011e-02 2.112803980708122253e-02 9.492533653974533081e-02 2.160123586654663086e-01 3.757469728589057922e-02 6.699374318122863770e-01 3.315275609493255615e-01 8.537524342536926270e-01 2.876039445400238037e-01 1.428661122918128967e-02 2.158981934189796448e-02 8.502516895532608032e-02 1.719329357147216797e-01 2.518359199166297913e-02 5.668540596961975098e-01 2.384637743234634399e-01 6.274116039276123047e-01 3.155281841754913330e-01 -6.833504885435104370e-04 4.617795348167419434e-04 -9.900167584419250488e-03 -4.407942295074462891e-02 -1.239110529422760010e-02 -1.030833721160888672e-01 -9.306378662586212158e-02 -2.263408303260803223e-01 2.792423963546752930e-02
5.555555820465087891e-01 1.111111119389533997e-01 1.496995985507965088e-02 2.095914073288440704e-02 7.373087853193283081e-02 2.037989944219589233e-01 3.596707433462142944e-02 6.622116565704345703e-01 3.315276801586151123e-01 8.523445725440979004e-01 2.854802906513214111e-01 1.471180096268653870e-02 2.096184343099594116e-02 5.844020098447799683e-02 1.540026366710662842e-01 2.578554674983024597e-02 4.971474707126617432e-01 2.536136507987976074e-01 6.502658724784851074e-01 2.820009887218475342e-01 -2.581588923931121826e-04 2.702698111534118652e-06 -1.529067754745483398e-02 -4.979635775089263916e-02 -1.018152758479118347e-02 -1.650641858577728271e-01 -7.791402935981750488e-02 -2.020787000656127930e-01 -3.479301929473876953e-03
6.666666865348815918e-01 1.111111119389533997e-01 1.316436100751161575e-02 2.030183561146259308e-02 5.216872319579124451e-02 1.884678602218627930e-01 3.032080642879009247e-02 6.557849049568176270e-01 3.329736888408660889e-01 8.543267250061035156e-01 2.828742265701293945e-01 1.380259171128273010e-02 2.010447159409523010e-02 3.249938040971755981e-02 1.309208273887634277e-01 2.365638315677642822e-02 4.196877181529998779e-01 2.583793401718139648e-01 6.431530714035034180e-01 2.445906400680541992e-01 6.382307037711143494e-04 -1.973640173673629761e-04 -1.966934278607368469e-02 -5.754703283309936523e-02 -6.664423272013664246e-03 -2.360971868038177490e-01 -7.459434866905212402e-02 -2.111736536026000977e-01 -3.828358650207519531e-02
7.777777910232543945e-01 1.111111119389533997e-01 9.770944714546203613e-03 1.928033865988254547e-02 3.368616476655006409e-02 1.730692386627197266e-01 2.108961716294288635e-02 6.554397940635681152e-01 3.351891338825225830e-01 8.591177463531494141e-01 2.815416753292083740e-01 1.147838309407234192e-02 1.925989426672458649e-02 1.138690300285816193e-02 1.163331344723701477e-01 1.845681294798851013e-02 3.629575073719024658e-01 2.690147459506988525e-01 6.471585035324096680e-01 2.028309255838394165e-01 1.707438379526138306e-03 -2.044439315795898438e-05 -2.229926176369190216e-02 -5.673610419034957886e-02 -2.632804214954376221e-03 -2.924822866916656494e-01 -6.617438793182373047e-02 -2.119592428207397461e-01 -7.871074974536895752e-02
8.888888955116271973e-01 1.111111119389533997e-01 5.199010483920574188e-03 1.802804507315158844e-02 2.020761743187904358e-02 1.589052528142929077e-01 9.134397841989994049e-03 6.599991917610168457e-01 3.371373116970062256e-01 8.642541170120239258e-01 2.817537784576416016e-01 7.739100605249404907e-03 1.826327666640281677e-02 -2.709294203668832779e-03 1.139171794056892395e-01 1.029535848647356033e-02 3.544636070728302002e-01 2.896377444267272949e-01 6.829082369804382324e-01 1.789006441831588745e-01 2.540090121328830719e-03 2.352315932512283325e-04 -2.291691116988658905e-02 -4.498807340860366821e-02 1.160960644483566284e-03 -3.055355846881866455e-01 -4.749956727027893066e-02 -1.813458800315856934e-01 -1.028531342744827271e-01
1.111111119389533997e-01 2.222222238779067993e-01 8.549579419195652008e-03 3.700836375355720520e-02 1.601393371820449829e-01 2.248333841562271118e-01 1.759892702102661133e-02 6.787198185920715332e-01 3.383609056472778320e-01 8.704370260238647461e-01 2.862552404403686523e-01 1.031029596924781799e-02 3.687790036201477051e-02 1.637540310621261597e-01 2.027902007102966309e-01 1.172420848160982132e-02 7.394445538520812988e-01 1.858996450901031494e-01 5.145766139030456543e-01 3.840172886848449707e-01 1.760716550052165985e-03 -1.304633915424346924e-04 3.614693880081176758e-03 -2.204318344593048096e-02 -5.874718539416790009e-03 6.072473526000976562e-02 -1.524612605571746826e-01 -3.558604121208190918e-01 9.776204824447631836e-02
2.222222238779067993e-01 2.222222238779067993e-01 1.606795378029346466e-02 4.001965001225471497e-02 1.532635986804962158e-01 2.366030812263488770e-01 2.077314071357250214e-02 6.851307749748229980e-01 3.352167010307312012e-01 8.646354675292968750e-01 2.896665334701538086e-01 1.687585189938545227e-02 4.076934605836868286e-02 1.575701683759689331e-01 2.078136205673217773e-01 1.324953790754079819e-02 7.139736413955688477e-01 1.871229559183120728e-01 5.162666440010070801e-01 3.794851303100585938e-01 8.078981190919876099e-04 7.496960461139678955e-04 4.306569695472717285e-03 -2.878946065902709961e-02 -7.523602806031703949e-03 2.884286642074584961e-02 -1.480937451124191284e-01 -3.483688235282897949e-01 8.981859683990478516e-02
3.333333432674407959e-01 2.222222238779067993e-01 2.164829708635807037e-02 4.188667237758636475e-02 1.330016851425170898e-01 2.344375848770141602e-01 2.123090066015720367e-02 6.828029751777648926e-01 3.313310146331787109e-01 8.555994629859924316e-01 2.911551296710968018e-01 2.178550139069557190e-02 4.287968575954437256e-02 1.348368674516677856e-01 1.967873871326446533e-01 1.356453448534011841e-02 6.661629676818847656e-01 1.957832872867584229e-01 5.349436998367309570e-01 3.661629557609558105e-01 1.372043043375015259e-04 9.930133819580078125e-04 1.835182309150695801e-03 -3.765019774436950684e-02 -7.666366174817085266e-03 -1.664000749588012695e-02 -1.355477273464202881e-01 -3.206557631492614746e-01 7.500782608985900879e-02
4.444444477558135986e-01 2.222222238779067993e-01 2.461753226816654205e-02 4.242497682571411133e-02 1.019695773720741272e-01 2.195290029048919678e-01 1.957229152321815491e-02 6.704893708229064941e-01 3.287535607814788818e-01 8.477110862731933594e-01 2.892805039882659912e-01 2.456491068005561829e-02 4.301593452692031860e-02 9.769877046346664429e-02 1.738491356372833252e-01 1.288027316331863403e-02 5.959724187850952148e-01 2.115521728992462158e-01 5.675072669982910156e-01 3.412937521934509277e-01 -5.262158811092376709e-05 5.909577012062072754e-04 -4.270806908607482910e-03 -4.567986726760864258e-02 -6.692018359899520874e-03 -7.451695203781127930e-02 -1.172013878822326660e-01 -2.802038192749023438e-01 5.201324820518493652e-02
5.555555820465087891e-01 2.222222238779067993e-01 2.461753226816654205e-02 4.174938052892684937e-02 6.389926373958587646e-02 1.954201012849807739e-01 1.638724841177463531e-02 6.411066055297851562e-01 3.288202583789825439e-01 8.424340486526489258e-01 2.809948027133941650e-01 2.491327002644538879e-02 4.167198389768600464e-02 5.343072861433029175e-02 1.425580084323883057e-01 1.148932799696922302e-02 4.915347099304199219e-01 2.270233631134033203e-01 5.902048349380493164e-01 2.998768687248229980e-01 2.957377582788467407e-04 -7.739663124084472656e-05 -1.046853512525558472e-02 -5.286209285259246826e-02 -4.897920414805412292e-03 -1.495718955993652344e-01 -1.017968952655792236e-01 -2.522292137145996094e-01 1.888206601142883301e-02
6.666666865348815918e-01 2.222222238779067993e-01 2.164829522371292114e-02 4.017600417137145996e-02 2.741012349724769592e-02 1.707857847213745117e-01 1.198695413768291473e-02 6.092614531517028809e-01 3.315677940845489502e-01 8.419670462608337402e-01 2.696755230426788330e-01 2.273315563797950745e-02 3.973740339279174805e-02 1.264143921434879303e-02 1.090146675705909729e-01 9.540616534650325775e-03 3.617531359195709229e-01 2.357823550701141357e-01 5.810982584953308105e-01 2.322767972946166992e-01 1.084860414266586304e-03 -4.386007785797119141e-04 -1.476868428289890289e-02 -6.177111715078353882e-02 -2.446337603032588959e-03 -2.475083172321319580e-01 -9.578543901443481445e-02 -2.608687877655029297e-01 -3.739872574806213379e-02
7.777777910232543945e-01 2.222222238779067993e-01 1.606794819235801697e-02 3.807435184717178345e-02 2.176783978939056396e-03 1.546825617551803589e-01 6.441341247409582138e-03 6.224513649940490723e-01 3.357439935207366943e-01 8.537335991859436035e-01 2.714055478572845459e-01 1.814823970198631287e-02 3.784161806106567383e-02 -1.638253591954708099e-02 9.318084269762039185e-02 6.330335512757301331e-03 2.706411778926849365e-01 2.522025406360626221e-01 5.772883296012878418e-01 1.444934308528900146e-01 2.080291509628295898e-03 -2.327337861061096191e-04 -1.855931989848613739e-02 -6.150171905755996704e-02 -1.110057346522808075e-04 -3.518101871013641357e-01 -8.354145288467407227e-02 -2.764452695846557617e-01 -1.269121170043945312e-01
8.888888955116271973e-01 2.222222238779067993e-01 8.549575693905353546e-03 3.573866188526153564e-02 -1.443383097648620605e-02 1.428913325071334839e-01 -1.595416542841121554e-04 6.499303579330444336e-01 3.394104242324829102e-01 8.672623634338378906e-01 2.776012122631072998e-01 1.150249317288398743e-02 3.615320473909378052e-02 -3.229992091655731201e-02 9.456468373537063599e-02 1.484965905547142029e-03 2.520274221897125244e-01 2.825798690319061279e-01 6.171023845672607422e-01 9.190791845321655273e-02 2.952917478978633881e-03 4.145428538322448730e-04 -1.786608994007110596e-02 -4.832664877176284790e-02 1.644507516175508499e-03 -3.979029357433319092e-01 -5.683055520057678223e-02 -2.501599788665771484e-01 -1.856932938098907471e-01
1.111111119389533997e-01 3.333333432674407959e-01 9.873271919786930084e-03 5.598868429660797119e-02 1.754754185676574707e-01 2.310776114463806152e-01 1.698016747832298279e-02 6.830290555953979492e-01 3.194404244422912598e-01 8.290737271308898926e-01 2.976968288421630859e-01 1.203367486596107483e-02 5.571607500314712524e-02 1.820288747549057007e-01 2.096211612224578857e-01 8.860991336405277252e-03 7.513968944549560547e-01 1.437213718891143799e-01 4.053218662738800049e-01 4.100959599018096924e-01 2.160402946174144745e-03 -2.726092934608459473e-04 6.553456187248229980e-03 -2.145645022392272949e-02 -8.119176141917705536e-03 6.836783885955810547e-02 -1.757190525531768799e-01 -4.237518608570098877e-01 1.123991310596466064e-01
2.222222238779067993e-01 3.333333432674407959e-01 1.855568028986454010e-02 6.075897067785263062e-02 1.680027097463607788e-01 2.445410341024398804e-01 1.293124724179506302e-02 6.916645169258117676e-01 3.205935060977935791e-01 8.330686092376708984e-01 2.992599606513977051e-01 1.999503746628761292e-02 6.167214363813400269e-02 1.769775897264480591e-01 2.149098515510559082e-01 7.201431319117546082e-03 7.305911183357238770e-01 1.530663669109344482e-01 4.292235374450683594e-01 4.020830392837524414e-01 1.439357176423072815e-03 9.131729602813720703e-04 8.974879980087280273e-03 -2.963118255138397217e-02 -5.729815922677516937e-03 3.892660140991210938e-02 -1.675271391868591309e-01 -4.038450717926025391e-01 1.028230786323547363e-01
3.333333432674407959e-01 3.333333432674407959e-01 2.500000223517417908e-02 6.347151100635528564e-02 1.437417119741439819e-01 2.403262406587600708e-01 6.981687620282173157e-03 6.883466839790344238e-01 3.201491236686706543e-01 8.315324783325195312e-01 2.986643314361572266e-01 2.600169554352760315e-02 6.466795504093170166e-02 1.508839279413223267e-01 2.009251713752746582e-01 4.082255996763706207e-03 6.839917898178100586e-01 1.671316474676132202e-01 4.636324942111968994e-01 3.870277404785156250e-01 1.001693308353424072e-03 1.196444034576416016e-03 7.142215967178344727e-03 -3.940106928348541260e-02 -2.899431623518466949e-03 -4.354894161224365234e-03 -1.530174762010574341e-01 -3.678999841213226318e-01 8.836340904235839844e-02
4.444444477558135986e-01 3.333333432674407959e-01 2.842895314097404480e-02 6.389081478118896484e-02 1.052174940705299377e-01 2.194444239139556885e-01 9.852466173470020294e-04 6.672764420509338379e-01 3.204940855503082275e-01 8.287920951843261719e-01 2.929913103580474854e-01 2.932916954159736633e-02 6.457562744617462158e-02 1.051929816603660583e-01 1.713629066944122314e-01 1.110844314098358154e-04 6.082334518432617188e-01 1.867344379425048828e-01 5.081960558891296387e-01 3.607453405857086182e-01 9.002164006233215332e-04 6.848126649856567383e-04 -2.451241016387939453e-05 -4.808151721954345703e-02 -8.741621859371662140e-04 -5.904299020767211914e-02 -1.337596476078033447e-01 -3.205960392951965332e-01 6.775403022766113281e-02
5.555555820465087891e-01 3.333333432674407959e-01 2.842894941568374634e-02 6.237072870135307312e-02 5.445099622011184692e-02 1.841934621334075928e-01 -3.710692515596747398e-03 5.978924632072448730e-01 3.234179317951202393e-01 8.220330476760864258e-01 2.708525955677032471e-01 2.952688559889793396e-02 6.224744021892547607e-02 5.034112185239791870e-02 1.308188140392303467e-01 -2.992022782564163208e-03 4.651990830898284912e-01 2.043795883655548096e-01 5.348170399665832520e-01 3.083913624286651611e-01 1.097936183214187622e-03 -1.232884824275970459e-04 -4.109874367713928223e-03 -5.337464809417724609e-02 7.186697330325841904e-04 -1.326933801174163818e-01 -1.190383434295654297e-01 -2.872160077095031738e-01 3.753876686096191406e-02
6.666666865348815918e-01 3.333333432674407959e-01 2.500000037252902985e-02 5.962250754237174988e-02 7.967282086610794067e-03 1.517322510480880737e-01 -6.607891991734504700e-03 5.153606534004211426e-01 3.290734589099884033e-01 8.139718174934387207e-01 2.367630600929260254e-01 2.650931105017662048e-02 5.902303755283355713e-02 2.134605776518583298e-03 9.211844950914382935e-02 -4.368072375655174255e-03 2.720749676227569580e-01 2.174233496189117432e-01 5.150679349899291992e-01 1.844816356897354126e-01 1.509310677647590637e-03 -5.994699895381927490e-04 -5.832676310092210770e-03 -5.961380153894424438e-02 2.239819616079330444e-03 -2.432856857776641846e-01 -1.116501092910766602e-01 -2.989038825035095215e-01 -5.228142440319061279e-02
7.777777910232543945e-01 3.333333432674407959e-01 1.855567470192909241e-02 5.638204142451286316e-02 -1.531005650758743286e-02 1.406071782112121582e-01 -8.009299635887145996e-03 5.608739852905273438e-01 3.359513282775878906e-01 8.401167392730712891e-01 2.503548562526702881e-01 2.056806161999702454e-02 5.599680915474891663e-02 -2.970886789262294769e-02 7.924640923738479614e-02 -4.920441657304763794e-03 1.833179593086242676e-01 2.403312027454376221e-01 5.017343759536743164e-01 4.383954033255577087e-02 2.012386918067932129e-03 -3.852322697639465332e-04 -1.439881138503551483e-02 -6.136076897382736206e-02 3.088857978582382202e-03 -3.775560259819030762e-01 -9.562012553215026855e-02 -3.383823633193969727e-01 -2.065153121948242188e-01
8.888888955116271973e-01 3.333333432674407959e-01 9.873267263174057007e-03 5.313185602426528931e-02 -2.971149981021881104e-02 1.345020532608032227e-01 -8.734902366995811462e-03 6.358060836791992188e-01 3.416403830051422119e-01 8.692317605018615723e-01 2.721444070339202881e-01 1.230039820075035095e-02 5.364947021007537842e-02 -4.601479321718215942e-02 8.550927788019180298e-02 -5.818007513880729675e-03 1.900841742753982544e-01 2.795215845108032227e-01 5.627303123474121094e-01 6.595498882234096527e-03 2.427130937576293945e-03 5.176141858100891113e-04 -1.630329340696334839e-02 -4.899277538061141968e-02 2.916894853115081787e-03 -4.457219243049621582e-01 -6.211879849433898926e-02 -3.065014481544494629e-01 -2.655489146709442139e-01
1.111111119389533997e-01 4.444444477558135986e-01 9.356226772069931030e-03 7.528643310070037842e-02 1.741465926170349121e-01 2.356242686510086060e-01 1.949526928365230560e-02 6.921546459197998047e-01 3.257948458194732666e-01 8.448314666748046875e-01 2.965696752071380615e-01 1.108631119132041931e-02 7.494784146547317505e-02 1.837715059518814087e-01 2.109027802944183350e-01 9.062486700713634491e-03 7.546421885490417480e-01 1.344025284051895142e-01 3.806118071079254150e-01 4.159398972988128662e-01 1.730084419250488281e-03 -3.385916352272033691e-04 9.624913334846496582e-03 -2.472148835659027100e-02 -1.043278258293867111e-02 6.248754262924194336e-02 -1.913923174142837524e-01 -4.642196595668792725e-01 1.193702220916748047e-01
2.222222238779067993e-01 4.444444477558135986e-01 1.758395321667194366e-02 8.198460936546325684e-02 1.687992513179779053e-01 2.498263120651245117e-01 8.009478449821472168e-03 7.019767165184020996e-01 3.180404305458068848e-01 8.289345502853393555e-01 3.031904101371765137e-01 1.886819675564765930e-02 8.299343287944793701e-02 1.795151680707931519e-01 2.160133123397827148e-01 3.478093072772026062e-03 7.335613965988159180e-01 1.398795843124389648e-01 3.945598006248474121e-01 4.103551805019378662e-01 1.284243538975715637e-03 1.008823513984680176e-03 1.071591675281524658e-02 -3.381299972534179688e-02 -4.531385377049446106e-03 3.158468008041381836e-02 -1.781608462333679199e-01 -4.343747496604919434e-01 1.071647703647613525e-01
3.333333432674407959e-01 4.444444477558135986e-01 2.369079552590847015e-02 8.548400551080703735e-02 1.459837704896926880e-01 2.439892441034317017e-01 -4.369670525193214417e-03 6.983936429023742676e-01 3.119868338108062744e-01 8.146530389785766602e-01 3.055888712406158447e-01 2.480166777968406677e-02 8.680087327957153320e-02 1.540849357843399048e-01 2.015271484851837158e-01 -3.413429483771324158e-03 6.900570392608642578e-01 1.498644202947616577e-01 4.192432463169097900e-01 3.987418711185455322e-01 1.110872253775596619e-03 1.316867768764495850e-03 8.101165294647216797e-03 -4.246209561824798584e-02 9.562410414218902588e-04 -8.336603641510009766e-03 -1.621224135160446167e-01 -3.954097926616668701e-01 9.315299987792968750e-02
4.444444477558135986e-01 4.444444477558135986e-01 2.694017812609672546e-02 8.552554994821548462e-02 1.087772920727729797e-01 2.203150093555450439e-01 -1.457812078297138214e-02 6.791164278984069824e-01 3.088845014572143555e-01 8.046584129333496094e-01 3.025231659412384033e-01 2.809675410389900208e-02 8.627232909202575684e-02 1.101502552628517151e-01 1.712956428527832031e-01 -9.521545842289924622e-03 6.225294470787048340e-01 1.657954007387161255e-01 4.568310081958770752e-01 3.776949644088745117e-01 1.156575977802276611e-03 7.467791438102722168e-04 1.372963190078735352e-03 -4.901936650276184082e-02 5.056574940681457520e-03 -5.658698081970214844e-02 -1.430891007184982300e-01 -3.478274047374725342e-01 7.517179846763610840e-02
5.555555820465087891e-01 4.444444477558135986e-01 2.694017626345157623e-02 8.282317221164703369e-02 6.188413500785827637e-02 1.858423054218292236e-01 -2.082047425210475922e-02 6.313620805740356445e-01 3.126539289951324463e-01 8.050701022148132324e-01 2.874779701232910156e-01 2.824481949210166931e-02 8.268030732870101929e-02 5.720324814319610596e-02 1.294696629047393799e-01 -1.332765258848667145e-02 5.057863593101501465e-01 1.834768205881118774e-01 4.910530745983123779e-01 3.381882607936859131e-01 1.304643228650093079e-03 -1.428648829460144043e-04 -4.680886864662170410e-03 -5.637264251708984375e-02 7.492821663618087769e-03 -1.255757212638854980e-01 -1.291771084070205688e-01 -3.140170276165008545e-01 5.071029067039489746e-02
6.666666865348815918e-01 4.444444477558135986e-01 2.369079366326332092e-02 7.864134013652801514e-02 1.822815090417861938e-02 1.551354378461837769e-01 -2.253338508307933807e-02 5.789321064949035645e-01 3.225668668746948242e-01 8.161254525184631348e-01 2.650485634803771973e-01 2.514665946364402771e-02 7.795073837041854858e-02 8.893942460417747498e-03 9.176682680845260620e-02 -1.453691162168979645e-02 3.438889086246490479e-01 2.015186697244644165e-01 5.057636499404907227e-01 2.548803389072418213e-01 1.455865800380706787e-03 -6.906017661094665527e-04 -9.334208443760871887e-03 -6.336861103773117065e-02 7.996473461389541626e-03 -2.350431978702545166e-01 -1.210481971502304077e-01 -3.103618025779724121e-01 -1.016822457313537598e-02
7.777777910232543945e-01 4.444444477558135986e-01 1.758394762873649597e-02 7.420340180397033691e-02 -9.247064590454101562e-03 1.410590857267379761e-01 -2.025571092963218689e-02 6.016888618469238281e-01 3.354475498199462891e-01 8.486351370811462402e-01 2.649296820163726807e-01 1.912775263190269470e-02 7.372264564037322998e-02 -2.488585375249385834e-02 8.086635917425155640e-02 -1.319092325866222382e-02 2.397765219211578369e-01 2.340497225522994995e-01 5.297752022743225098e-01 1.317577064037322998e-01 1.543805003166198730e-03 -4.807561635971069336e-04 -1.563878916203975677e-02 -6.019272655248641968e-02 7.064787670969963074e-03 -3.619123399257659912e-01 -1.013978272676467896e-01 -3.188599348068237305e-01 -1.331719756126403809e-01
8.888888955116271973e-01 4.444444477558135986e-01 9.356222115457057953e-03 7.020761817693710327e-02 -2.641450613737106323e-02 1.355322897434234619e-01 -1.568151824176311493e-02 6.472718119621276855e-01 3.475084304809570312e-01 8.842749595642089844e-01 2.723071575164794922e-01 1.083651557564735413e-02 7.075829058885574341e-02 -4.315889626741409302e-02 8.927937597036361694e-02 -1.051731780171394348e-02 2.439294159412384033e-01 2.835926413536071777e-01 6.131584048271179199e-01 8.105480670928955078e-02 1.480293460190296173e-03 5.506724119186401367e-04 -1.674439013004302979e-02 -4.625291377305984497e-02 5.164200440049171448e-03 -4.033423960208892822e-01 -6.391578912734985352e-02 -2.711165547370910645e-01 -1.912523508071899414e-01
1.111111119389533997e-01 5.555555820465087891e-01 7.484979461878538132e-03 9.490160644054412842e-02 1.968583166599273682e-01 2.933504283428192139e-01 3.163376078009605408e-02 8.685744404792785645e-01 4.256051778793334961e-01 1.097547769546508789e+00 2.893967032432556152e-01 8.281651884317398071e-03 9.457966685295104980e-02 2.058011293411254883e-01 2.617239356040954590e-01 1.913909241557121277e-02 9.035489559173583984e-01 2.388831526041030884e-01 6.586078405380249023e-01 3.785146176815032959e-01 7.966724224388599396e-04 -3.219395875930786133e-04 8.942812681198120117e-03 -3.162649273872375488e-02 -1.249466836452484131e-02 3.497451543807983398e-02 -1.867220252752304077e-01 -4.389399290084838867e-01 8.911791443824768066e-02
2.222222238779067993e-01 5.555555820465087891e-01 1.406716089695692062e-02 1.036965698003768921e-01 1.937155425548553467e-01 3.167869150638580322e-01 8.819379843771457672e-03 8.783982992172241211e-01 4.245930016040802002e-01 1.097022533416748047e+00 2.918517589569091797e-01 1.468416675925254822e-02 1.047388091683387756e-01 2.022727280855178833e-01 2.759467065334320068e-01 5.789278075098991394e-03 8.867309093475341797e-01 2.492456287145614624e-01 6.836798191070556641e-01 3.714980781078338623e-01 6.170058622956275940e-04 1.042239367961883545e-03 8.557185530662536621e-03 -4.084020853042602539e-02 -3.030101768672466278e-03 8.332610130310058594e-03 -1.753473728895187378e-01 -4.133427143096923828e-01 7.964631915092468262e-02
3.333333432674407959e-01 5.555555820465087891e-01 1.895263418555259705e-02 1.079241782426834106e-01 1.704490035772323608e-01 3.135376274585723877e-01 -1.588157005608081818e-02 8.749706149101257324e-01 4.220660030841827393e-01 1.090804815292358398e+00 2.922206819057464600e-01 1.961707696318626404e-02 1.092817485332489014e-01 1.783868074417114258e-01 2.643643021583557129e-01 -1.114849187433719635e-02 8.510234951972961426e-01 2.570122778415679932e-01 7.005172371864318848e-01 3.628088831901550293e-01 6.644427776336669922e-04 1.357570290565490723e-03 7.937803864479064941e-03 -4.917332530021667480e-02 4.733078181743621826e-03 -2.394711971282958984e-02 -1.650537252426147461e-01 -3.902875781059265137e-01 7.058820128440856934e-02
4.444444477558135986e-01 5.555555820465087891e-01 2.155214175581932068e-02 1.073291972279548645e-01 1.333785653114318848e-01 2.815499007701873779e-01 -3.393103182315826416e-02 8.595285415649414062e-01 4.003461897373199463e-01 1.039627909660339355e+00 2.984111905097961426e-01 2.241357788443565369e-02 1.081055849790573120e-01 1.385813504457473755e-01 2.294765412807464600e-01 -2.297124080359935760e-02 7.997482419013977051e-01 2.481585592031478882e-01 6.746910810470581055e-01 3.593951165676116943e-01 8.614361286163330078e-04 7.763877511024475098e-04 5.202785134315490723e-03 -5.207335948944091797e-02 1.095979101955890656e-02 -5.978029966354370117e-02 -1.521876305341720581e-01 -3.649368286132812500e-01 6.098392605781555176e-02
5.555555820465087891e-01 5.555555820465087891e-01 2.155213989317417145e-02 1.031067222356796265e-01 8.897254616022109985e-02 2.394276857376098633e-01 -4.232584685087203979e-02 8.372817039489746094e-01 3.883102238178253174e-01 1.008954763412475586e+00 2.991606593132019043e-01 2.262106910347938538e-02 1.029672175645828247e-01 8.993361890316009521e-02 1.833174526691436768e-01 -2.710326947271823883e-02 7.232875823974609375e-01 2.435702085494995117e-01 6.569652557373046875e-01 3.486159145832061768e-01 1.068929210305213928e-03 -1.395046710968017578e-04 9.610727429389953613e-04 -5.611023306846618652e-02 1.522257737815380096e-02 -1.139941215515136719e-01 -1.447400152683258057e-01 -3.519895076751708984e-01 4.945525527000427246e-02
6.666666865348815918e-01 5.555555820465087891e-01 1.895263232290744781e-02 9.723251312971115112e-02 4.707835614681243896e-02 2.011566609144210815e-01 -4.143312573432922363e-02 8.187743425369262695e-01 3.856348693370819092e-01 9.999201893806457520e-01 2.964599132537841797e-01 2.011616900563240051e-02 9.651956707239151001e-02 4.224394261837005615e-02 1.405033469200134277e-01 -2.650536783039569855e-02 6.212246417999267578e-01 2.478419840335845947e-01 6.562535166740417480e-01 3.239355087280273438e-01 1.163536682724952698e-03 -7.129460573196411133e-04 -4.834413528442382812e-03 -6.065331399440765381e-02 1.492775790393352509e-02 -1.975497007369995117e-01 -1.377928853034973145e-01 -3.436666727066040039e-01 2.747559547424316406e-02
7.777777910232543945e-01 5.555555820465087891e-01 1.406715530902147293e-02 9.153844416141510010e-02 1.599524915218353271e-02 1.755046993494033813e-01 -3.328879177570343018e-02 8.177821636199951172e-01 3.862319588661193848e-01 1.001093149185180664e+00 2.959739565849304199e-01 1.512821391224861145e-02 9.102433919906616211e-02 6.094151642173528671e-03 1.184115186333656311e-01 -2.178773470222949982e-02 5.444528460502624512e-01 2.723609805107116699e-01 7.003073096275329590e-01 2.856234908103942871e-01 1.061058603227138519e-03 -5.141049623489379883e-04 -9.901097044348716736e-03 -5.709318071603775024e-02 1.150105707347393036e-02 -2.733293175697326660e-01 -1.138709783554077148e-01 -3.007858395576477051e-01 -1.035046577453613281e-02
8.888888955116271973e-01 5.555555820465087891e-01 7.484976202249526978e-03 8.696596324443817139e-02 -1.536905765533447266e-03 1.643528044223785400e-01 -2.204570733010768890e-02 8.309124708175659180e-01 3.875875174999237061e-01 1.006296873092651367e+00 2.981542646884918213e-01 8.162457495927810669e-03 8.748973160982131958e-02 -1.425038836896419525e-02 1.207212433218955994e-01 -1.434221304953098297e-02 5.700500607490539551e-01 3.137365281581878662e-01 7.953063249588012695e-01 2.674747407436370850e-01 6.774812936782836914e-04 5.237683653831481934e-04 -1.271348260343074799e-02 -4.363156110048294067e-02 7.703494280576705933e-03 -2.608624100685119629e-01 -7.385098934173583984e-02 -2.109905481338500977e-01 -3.067952394485473633e-02
1.111111119389533997e-01 6.666666865348815918e-01 4.936635494232177734e-03 1.148342117667198181e-01 1.977649331092834473e-01 3.202438354492187500e-01 4.330871626734733582e-02 1.011513113975524902e+00 4.430852234363555908e-01 1.159894824028015137e+00 3.088845312595367432e-01 4.920329898595809937e-03 1.146133542060852051e-01 1.985892355442047119e-01 2.805523574352264404e-01 3.173728659749031067e-02 9.720534682273864746e-01 2.915978431701660156e-01 7.952712774276733398e-01 3.636440932750701904e-01 -1.630559563636779785e-05 -2.208575606346130371e-04 8.243024349212646484e-04 -3.969147801399230957e-02 -1.157142966985702515e-02 -3.945964574813842773e-02 -1.514873802661895752e-01 -3.646235466003417969e-01 5.475956201553344727e-02
2.222222238779067993e-01 6.666666865348815918e-01 9.277840144932270050e-03 1.258948594331741333e-01 2.003410160541534424e-01 3.561111688613891602e-01 1.360484957695007324e-02 1.020152211189270020e+00 4.657174050807952881e-01 1.212624073028564453e+00 3.018883764743804932e-01 9.384576231241226196e-03 1.269061565399169922e-01 1.995579451322555542e-01 3.084407746791839600e-01 1.096747629344463348e-02 9.658092856407165527e-01 3.207813203334808350e-01 8.664205074310302734e-01 3.504845499992370605e-01 1.067360863089561462e-04 1.011297106742858887e-03 -7.830709218978881836e-04 -4.767039418220520020e-02 -2.637373283505439758e-03 -5.434292554855346680e-02 -1.449360847473144531e-01 -3.462035655975341797e-01 4.859617352485656738e-02
3.333333432674407959e-01 6.666666865348815918e-01 1.250000018626451492e-02 1.307920217514038086e-01 1.814370900392532349e-01 3.623705804347991943e-01 -2.258942835032939911e-02 1.017151594161987305e+00 4.888442158699035645e-01 1.264033913612365723e+00 2.928800880908966064e-01 1.285760477185249329e-02 1.321051418781280518e-01 1.826097667217254639e-01 3.063806295394897461e-01 -1.558431424200534821e-02 9.414091706275939941e-01 3.463026285171508789e-01 9.254326820373535156e-01 3.361617922782897949e-01 3.576045855879783630e-04 1.313120126724243164e-03 1.172676682472229004e-03 -5.598995089530944824e-02 7.005114108324050903e-03 -7.574242353439331055e-02 -1.425415873527526855e-01 -3.386012315750122070e-01 4.328170418739318848e-02
4.444444477558135986e-01 6.666666865348815918e-01 1.421447470784187317e-02 1.293017268180847168e-01 1.529332250356674194e-01 3.227280974388122559e-01 -4.736566543579101562e-02 1.003909587860107422e+00 4.453314244747161865e-01 1.163894295692443848e+00 3.067730665206909180e-01 1.489597931504249573e-02 1.300707906484603882e-01 1.513016521930694580e-01 2.667725086212158203e-01 -3.352817147970199585e-02 9.030132293701171875e-01 3.044186532497406006e-01 8.209991455078125000e-01 3.484704494476318359e-01 6.815046072006225586e-04 7.690638303756713867e-04 -1.631572842597961426e-03 -5.595558881759643555e-02 1.383749395608901978e-02 -1.008963584899902344e-01 -1.409127712249755859e-01 -3.428951501846313477e-01 4.169738292694091797e-02
5.555555820465087891e-01 6.666666865348815918e-01 1.421447470784187317e-02 1.232213601469993591e-01 1.144358813762664795e-01 2.746795415878295898e-01 -5.768366158008575439e-02 9.865901470184326172e-01 4.258495569229125977e-01 1.116856217384338379e+00 3.113272190093994141e-01 1.518029347062110901e-02 1.231095865368843079e-01 1.107470467686653137e-01 2.149937450885772705e-01 -3.893407434225082397e-02 8.472636342048645020e-01 2.817136049270629883e-01 7.608173489570617676e-01 3.503383398056030273e-01 9.658187627792358398e-04 -1.117736101150512695e-04 -3.688834607601165771e-03 -5.968579649925231934e-02 1.874958723783493042e-02 -1.393265128135681152e-01 -1.441359519958496094e-01 -3.560388684272766113e-01 3.901112079620361328e-02
6.666666865348815918e-01 6.666666865348815918e-01 1.249999832361936569e-02 1.153960153460502625e-01 7.625566422939300537e-02 2.336207181215286255e-01 -5.551856011152267456e-02 9.732995033264160156e-01 4.271129071712493896e-01 1.117826700210571289e+00 3.085846602916717529e-01 1.358445361256599426e-02 1.147378906607627869e-01 6.992273777723312378e-02 1.757990419864654541e-01 -3.611089289188385010e-02 7.870298624038696289e-01 2.848062515258789062e-01 7.624484300613403320e-01 3.385388553142547607e-01 1.084455288946628571e-03 -6.581246852874755859e-04 -6.332926452159881592e-03 -5.782167613506317139e-02 1.940766721963882446e-02 -1.862696409225463867e-01 -1.423066556453704834e-01 -3.553782701492309570e-01 2.995419502258300781e-02
7.777777910232543945e-01 6.666666865348815918e-01 9.277836419641971588e-03 1.083871573209762573e-01 4.844866320490837097e-02 2.071126997470855713e-01 -4.270091280341148376e-02 9.703375697135925293e-01 4.307163655757904053e-01 1.125603675842285156e+00 3.066645860671997070e-01 1.019726321101188660e-02 1.079143360257148743e-01 3.978566080331802368e-02 1.557791531085968018e-01 -2.736085094511508942e-02 7.712736725807189941e-01 3.087003827095031738e-01 8.170886039733886719e-01 3.234330713748931885e-01 9.194267913699150085e-04 -4.728212952613830566e-04 -8.663002401590347290e-03 -5.133354663848876953e-02 1.534006185829639435e-02 -1.990638971328735352e-01 -1.220159828662872314e-01 -3.085150718688964844e-01 1.676848530769348145e-02
8.888888955116271973e-01 6.666666865348815918e-01 4.936633165925741196e-03 1.034068763256072998e-01 3.489273041486740112e-02 1.985883116722106934e-01 -2.583448775112628937e-02 9.790291190147399902e-01 4.327132999897003174e-01 1.131446838378906250e+00 3.073862493038177490e-01 5.290526896715164185e-03 1.038570851087570190e-01 2.564642764627933502e-02 1.592402458190917969e-01 -1.565846614539623260e-02 8.487662672996520996e-01 3.451187908649444580e-01 9.117766022682189941e-01 3.209604322910308838e-01 3.538937307894229889e-04 4.502087831497192383e-04 -9.246302768588066101e-03 -3.934806585311889648e-02 1.017602160573005676e-02 -1.302628517150878906e-01 -8.759450912475585938e-02 -2.196702361106872559e-01 1.357418298721313477e-02
1.111111119389533997e-01 7.777777910232543945e-01 2.442736178636550903e-03 1.350842267274856567e-01 1.655221432447433472e-01 3.092311918735504150e-01 5.742374435067176819e-02 1.011966705322265625e+00 4.419253170490264893e-01 1.157310366630554199e+00 3.093958497047424316e-01 2.176117151975631714e-03 1.350464969873428345e-01 1.521068364381790161e-01 2.608306407928466797e-01 4.764363542199134827e-02 8.769224882125854492e-01 3.347482383251190186e-01 8.908853530883789062e-01 3.306795656681060791e-01 -2.666190266609191895e-04 -3.772974014282226562e-05 -1.341530680656433105e-02 -4.840055108070373535e-02 -9.780108928680419922e-03 -1.350442171096801758e-01 -1.071770787239074707e-01 -2.664250135421752930e-01 2.128371596336364746e-02
2.222222238779067993e-01 7.777777910232543945e-01 4.590842407196760178e-03 1.485794633626937866e-01 1.743043512105941772e-01 3.503247797489166260e-01 2.336815744638442993e-02 1.018378853797912598e+00 4.652641415596008301e-01 1.211321353912353516e+00 3.017566204071044922e-01 4.728566855192184448e-03 1.494861990213394165e-01 1.591501384973526001e-01 2.927287220954895020e-01 2.032893896102905273e-02 8.880779743194580078e-01 3.552471399307250977e-01 9.403550028800964355e-01 3.235224187374114990e-01 1.377244479954242706e-04 9.067356586456298828e-04 -1.515421271324157715e-02 -5.759605765342712402e-02 -3.039218485355377197e-03 -1.303008794784545898e-01 -1.100170016288757324e-01 -2.709663510322570801e-01 2.176579833030700684e-02
3.333333432674407959e-01 7.777777910232543945e-01 6.185225211083889008e-03 1.540875136852264404e-01 1.646952480077743530e-01 3.607938587665557861e-01 -1.963832601904869080e-02 1.016152024269104004e+00 4.893527328968048096e-01 1.264995217323303223e+00 2.925187349319458008e-01 6.737288087606430054e-03 1.552573293447494507e-01 1.537977904081344604e-01 2.955069541931152344e-01 -1.324421726167201996e-02 8.813253045082092285e-01 3.716146647930145264e-01 9.774604439735412598e-01 3.151532709598541260e-01 5.520628765225410461e-04 1.169815659523010254e-03 -1.089745759963989258e-02 -6.528690457344055176e-02 6.394108757376670837e-03 -1.348267197608947754e-01 -1.177380681037902832e-01 -2.875347733497619629e-01 2.263453602790832520e-02
4.444444477558135986e-01 7.777777910232543945e-01 7.033578585833311081e-03 1.514431536197662354e-01 1.477824300527572632e-01 3.235862851142883301e-01 -5.039503425359725952e-02 1.006327986717224121e+00 4.481666982173919678e-01 1.170708894729614258e+00 3.061087727546691895e-01 7.976256310939788818e-03 1.521596312522888184e-01 1.361078470945358276e-01 2.611251473426818848e-01 -3.562120348215103149e-02 8.572599291801452637e-01 3.205418288707733154e-01 8.550532460212707520e-01 3.337623476982116699e-01 9.426777251064777374e-04 7.164776325225830078e-04 -1.167458295822143555e-02 -6.246113777160644531e-02 1.477383077144622803e-02 -1.490680575370788574e-01 -1.276248693466186523e-01 -3.156556487083435059e-01 2.765357494354248047e-02
5.555555820465087891e-01 7.777777910232543945e-01 7.033577654510736465e-03 1.431671082973480225e-01 1.202568635344505310e-01 2.772948145866394043e-01 -6.293251365423202515e-02 9.935035109519958496e-01 4.298925399780273438e-01 1.127109527587890625e+00 3.109200596809387207e-01 8.272178471088409424e-03 1.431133896112442017e-01 1.094087362289428711e-01 2.156207859516143799e-01 -4.281433671712875366e-02 8.202762007713317871e-01 2.927375435829162598e-01 7.848479747772216797e-01 3.405317664146423340e-01 1.238600816577672958e-03 -5.371868610382080078e-05 -1.084812730550765991e-02 -6.167402863502502441e-02 2.011817693710327148e-02 -1.732273101806640625e-01 -1.371549963951110840e-01 -3.422615528106689453e-01 2.961170673370361328e-02
6.666666865348815918e-01 7.777777910232543945e-01 6.185224745422601700e-03 1.331318467855453491e-01 9.227018058300018311e-02 2.380437552928924561e-01 -5.949009954929351807e-02 9.836792945861816406e-01 4.314952790737152100e-01 1.129353761672973633e+00 3.086514174938201904e-01 7.527746260166168213e-03 1.326229125261306763e-01 8.213943988084793091e-02 1.826796233654022217e-01 -3.870720416307449341e-02 7.955724596977233887e-01 2.949681878089904785e-01 7.875707745552062988e-01 3.350096344947814941e-01 1.342521514743566513e-03 -5.089342594146728516e-04 -1.013074070215225220e-02 -5.536413192749023438e-02 2.078289538621902466e-02 -1.881068348884582520e-01 -1.365270912647247314e-01 -3.417829871177673340e-01 2.635821700096130371e-02
7.777777910232543945e-01 7.777777910232543945e-01 4.590841010212898254e-03 1.247495487332344055e-01 7.339872419834136963e-02 2.147665023803710938e-01 -4.335199296474456787e-02 9.814524650573730469e-01 4.356179833412170410e-01 1.138424038887023926e+00 3.066770136356353760e-01 5.729582160711288452e-03 1.244118064641952515e-01 6.410432606935501099e-02 1.695669591426849365e-01 -2.704822458326816559e-02 8.224455118179321289e-01 3.152496516704559326e-01 8.386014103889465332e-01 3.300593495368957520e-01 1.138741150498390198e-03 -3.377422690391540527e-04 -9.294398128986358643e-03 -4.519954323768615723e-02 1.630376838147640228e-02 -1.590069532394409180e-01 -1.203683316707611084e-01 -2.998226284980773926e-01 2.338233590126037598e-02
8.888888955116271973e-01 7.777777910232543945e-01 2.442735247313976288e-03 1.195303574204444885e-01 6.669191271066665649e-02 2.114276736974716187e-01 -2.360690571367740631e-02 9.878647923469543457e-01 4.392125904560089111e-01 1.147565484046936035e+00 3.063896000385284424e-01 2.945382148027420044e-03 1.198762431740760803e-01 5.941883474588394165e-02 1.774021387100219727e-01 -1.321013458073139191e-02 9.231078624725341797e-01 3.435648977756500244e-01 9.169384241104125977e-01 3.344472050666809082e-01 5.026469007134437561e-04 3.458857536315917969e-04 -7.273077964782714844e-03 -3.402553498744964600e-02 1.039677113294601440e-02 -6.475692987442016602e-02 -9.564769268035888672e-02 -2.306270599365234375e-01 2.805760502815246582e-02
1.111111119389533997e-01 8.888888955116271973e-01 6.498763104900717735e-04 1.556516736745834351e-01 1.421992927789688110e-01 3.006437122821807861e-01 7.424833625555038452e-02 1.006410717964172363e+00 4.378705918788909912e-01 1.147231936454772949e+00 3.100126385688781738e-01 7.342807948589324951e-04 1.558720320463180542e-01 1.148427203297615051e-01 2.477166056632995605e-01 6.752256304025650024e-02 7.889275550842285156e-01 3.723960816860198975e-01 9.653045535087585449e-01 2.960723936557769775e-01 8.440448436886072159e-05 2.203583717346191406e-04 -2.735657244920730591e-02 -5.292710661888122559e-02 -6.725773215293884277e-03 -2.174831628799438477e-01 -6.547451019287109375e-02 -1.819273829460144043e-01 -1.394024491310119629e-02
2.222222238779067993e-01 8.888888955116271973e-01 1.221367856487631798e-03 1.717504113912582397e-01 1.578019708395004272e-01 3.406964838504791260e-01 3.605251386761665344e-02 1.009822607040405273e+00 4.435868859291076660e-01 1.160792708396911621e+00 3.084163963794708252e-01 1.751050353050231934e-03 1.724622100591659546e-01 1.291496008634567261e-01 2.773317396640777588e-01 3.333065286278724670e-02 8.153824210166931152e-01 3.642148077487945557e-01 9.510408043861389160e-01 3.056043386459350586e-01 5.296824965626001358e-04 7.117986679077148438e-04 -2.865236997604370117e-02 -6.336474418640136719e-02 -2.721861004829406738e-03 -1.944401860237121582e-01 -7.937207818031311035e-02 -2.097519040107727051e-01 -2.812057733535766602e-03
3.333333432674407959e-01 8.888888955116271973e-01 1.645544543862342834e-03 1.778106987476348877e-01 1.575502306222915649e-01 3.484951555728912354e-01 -1.024960912764072418e-02 1.008637666702270508e+00 4.493914842605590820e-01 1.173842072486877441e+00 3.060350418090820312e-01 2.570055425167083740e-03 1.787170022726058960e-01 1.325856596231460571e-01 2.779642641544342041e-01 -6.709873676300048828e-03 8.230362534523010254e-01 3.489555716514587402e-01 9.172351360321044922e-01 3.142578303813934326e-01 9.245108813047409058e-04 9.063035249710083008e-04 -2.496457099914550781e-02 -7.053089141845703125e-02 3.539735451340675354e-03 -1.856014132499694824e-01 -1.004359126091003418e-01 -2.566069364547729492e-01 8.222788572311401367e-03
4.444444477558135986e-01 8.888888955116271973e-01 1.871244283393025398e-03 1.737534850835800171e-01 1.451618671417236328e-01 3.204237520694732666e-01 -4.671724140644073486e-02 1.003410339355468750e+00 4.370261728763580322e-01 1.144866466522216797e+00 3.098374307155609131e-01 3.118239343166351318e-03 1.743609309196472168e-01 1.240719184279441833e-01 2.487603127956390381e-01 -3.386919945478439331e-02 8.119417428970336914e-01 3.158632814884185791e-01 8.388169407844543457e-01 3.278166651725769043e-01 1.246995059773325920e-03 6.074458360671997070e-04 -2.108994871377944946e-02 -7.166343927383422852e-02 1.284804195165634155e-02 -1.914685964584350586e-01 -1.211628913879394531e-01 -3.060495257377624512e-01 1.797923445701599121e-02
5.555555820465087891e-01 8.888888955116271973e-01 1.871244050562381744e-03 1.629439592361450195e-01 1.239729300141334534e-01 2.779396772384643555e-01 -6.291540712118148804e-02 9.965866804122924805e-01 4.318402409553527832e-01 1.132013082504272461e+00 3.106849789619445801e-01 3.335244953632354736e-03 1.629888415336608887e-01 1.072298958897590637e-01 2.133293151855468750e-01 -4.395505040884017944e-02 7.952529191970825195e-01 2.994926273822784424e-01 7.982683777809143066e-01 3.327013552188873291e-01 1.464000903069972992e-03 4.488229751586914062e-05 -1.674303412437438965e-02 -6.461036205291748047e-02 1.896035671234130859e-02 -2.013337612152099609e-01 -1.323476135730743408e-01 -3.337447047233581543e-01 2.201637625694274902e-02
6.666666865348815918e-01 8.888888955116271973e-01 1.645544311031699181e-03 1.504400074481964111e-01 1.034293621778488159e-01 2.392389923334121704e-01 -5.823873355984687805e-02 9.913594126701354980e-01 4.329733848571777344e-01 1.133851408958435059e+00 3.093776702880859375e-01 3.168761730194091797e-03 1.501994878053665161e-01 9.061089903116226196e-02 1.876763701438903809e-01 -3.957694023847579956e-02 8.013816475868225098e-01 3.049125075340270996e-01 8.117810487747192383e-01 3.311705291271209717e-01 1.523217419162392616e-03 -2.405196428298950195e-04 -1.281846314668655396e-02 -5.156262218952178955e-02 1.866179332137107849e-02 -1.899777650833129883e-01 -1.280608773231506348e-01 -3.220703601837158203e-01 2.179285883903503418e-02
7.777777910232543945e-01 8.888888955116271973e-01 1.221367507241666317e-03 1.406256109476089478e-01 9.131317585706710815e-02 2.177510559558868408e-01 -3.910619020462036133e-02 9.901744723320007324e-01 4.351855814456939697e-01 1.138731122016906738e+00 3.083282113075256348e-01 2.568423748016357422e-03 1.405418217182159424e-01 8.281356841325759888e-02 1.789139807224273682e-01 -2.565968222916126251e-02 8.517529368400573730e-01 3.197083771228790283e-01 8.524664044380187988e-01 3.331937491893768311e-01 1.347056240774691105e-03 -8.378922939300537109e-05 -8.499607443809509277e-03 -3.883707523345947266e-02 1.344650797545909882e-02 -1.384215354919433594e-01 -1.154772043228149414e-01 -2.862647175788879395e-01 2.486553788185119629e-02
8.888888955116271973e-01 8.888888955116271973e-01 6.498760194517672062e-04 1.353364288806915283e-01 9.004023671150207520e-02 2.180640250444412231e-01 -1.764380745589733124e-02 9.935863614082336426e-01 4.371336996555328369e-01 1.143678426742553711e+00 3.081564903259277344e-01 1.490261405706405640e-03 1.355654299259185791e-01 8.603433519601821899e-02 1.884096562862396240e-01 -1.007868908345699310e-02 9.549640417098999023e-01 3.370495438575744629e-01 9.047109484672546387e-01 3.421038389205932617e-01 8.403853862546384335e-04 2.290010452270507812e-04 -4.005901515483856201e-03 -2.965436875820159912e-02 7.565118372440338135e-03 -3.862231969833374023e-02 -1.000841557979583740e-01 -2.389674782752990723e-01 3.394734859466552734e-02
