# x y true_fields pred_fields error_fields
1.111111119389533997e-01 1.111111119389533997e-01 5.199013277888298035e-03 1.834546960890293121e-02 1.250389814376831055e-01 2.070720046758651733e-01 1.798106543719768524e-02 6.730788946151733398e-01 3.371332585811614990e-01 8.666957616806030273e-01 2.853902578353881836e-01 4.631308838725090027e-03 1.757289282977581024e-02 1.456833332777023315e-01 1.839367598295211792e-01 8.342616260051727295e-03 7.471256852149963379e-01 1.504134535789489746e-01 4.228630065917968750e-01 4.056689143180847168e-01 -5.677044391632080078e-04 -7.725767791271209717e-04 2.064435184001922607e-02 -2.313524484634399414e-02 -9.638449177145957947e-03 7.404679059982299805e-02 -1.867198050022125244e-01 -4.438327550888061523e-01 1.202786564826965332e-01
2.222222238779067993e-01 1.111111119389533997e-01 9.770948439836502075e-03 1.976666413247585297e-02 1.226828992366790771e-01 2.188857495784759521e-01 2.825987152755260468e-02 6.764907240867614746e-01 3.351877033710479736e-01 8.630257844924926758e-01 2.873768210411071777e-01 8.967095986008644104e-03 1.880866289138793945e-02 1.402942091226577759e-01 1.838173866271972656e-01 1.254107989370822906e-02 7.092530727386474609e-01 1.488121300935745239e-01 4.172542989253997803e-01 4.019498527050018311e-01 -8.038524538278579712e-04 -9.580012410879135132e-04 1.761130988597869873e-02 -3.506836295127868652e-02 -1.571879163384437561e-02 3.276234865188598633e-02 -1.863755732774734497e-01 -4.457714855670928955e-01 1.145730316638946533e-01
3.333333432674407959e-01 1.111111119389533997e-01 1.316436287015676498e-02 2.072950266301631927e-02 1.121711805462837219e-01 2.217943072319030762e-01 3.496995195746421814e-02 6.753002405166625977e-01 3.329732418060302734e-01 8.579144477844238281e-01 2.882634401321411133e-01 1.230926252901554108e-02 1.963473111391067505e-02 1.240442320704460144e-01 1.746504157781600952e-01 1.598715595901012421e-02 6.569473147392272949e-01 1.519821435213088989e-01 4.233032763004302979e-01 3.926085531711578369e-01 -8.551003411412239075e-04 -1.094771549105644226e-03 1.187305152416229248e-02 -4.714389145374298096e-02 -1.898279599845409393e-02 -1.835292577743530273e-02 -1.809910982847213745e-01 -4.346111714839935303e-01 1.043451130390167236e-01
4.444444477558135986e-01 1.111111119389533997e-01 1.496996171772480011e-02 2.112803980708122253e-02 9.492533653974533081e-02 2.160123586654663086e-01 3.757469728589057922e-02 6.699374318122863770e-01 3.315275609493255615e-01 8.537524342536926270e-01 2.876039445400238037e-01 1.419514603912830353e-02 2.007915079593658447e-02 9.991469234228134155e-02 1.606522202491760254e-01 1.847444288432598114e-02 5.962096452713012695e-01 1.654202342033386230e-01 4.542497098445892334e-01 3.730173707008361816e-01 -7.748156785964965820e-04 -1.048889011144638062e-03 4.989355802536010742e-03 -5.536013841629028320e-02 -1.910025440156459808e-02 -7.372778654098510742e-02 -1.661073267459869385e-01 -3.995027244091033936e-01 8.541342616081237793e-02
5.555555820465087891e-01 1.111111119389533997e-01 1.496995985507965088e-02 2.095914073288440704e-02 7.373087853193283081e-02 2.037989944219589233e-01 3.596707433462142944e-02 6.622116565704345703e-01 3.315276801586151123e-01 8.523445725440979004e-01 2.854802906513214111e-01 1.447542943060398102e-02 2.011761069297790527e-02 7.189425081014633179e-02 1.446900814771652222e-01 1.965826563537120819e-02 5.308378934860229492e-01 1.902305483818054199e-01 5.097951292991638184e-01 3.399401307106018066e-01 -4.945304244756698608e-04 -8.415300399065017700e-04 -1.836627721786499023e-03 -5.910891294479370117e-02 -1.630880869925022125e-02 -1.313737630844116211e-01 -1.412971317768096924e-01 -3.425494432449340820e-01 5.445984005928039551e-02
6.666666865348815918e-01 1.111111119389533997e-01 1.316436100751161575e-02 2.030183561146259308e-02 5.216872319579124451e-02 1.884678602218627930e-01 3.032080642879009247e-02 6.557849049568176270e-01 3.329736888408660889e-01 8.543267250061035156e-01 2.828742265701293945e-01 1.326946355402469635e-02 1.967591792345046997e-02 4.406055808067321777e-02 1.311008483171463013e-01 1.923670433461666107e-02 4.671360552310943604e-01 2.215312272310256958e-01 5.738766193389892578e-01 2.952499985694885254e-01 1.051025465130805969e-04 -6.259176880121231079e-04 -8.108165115118026733e-03 -5.736701190471649170e-02 -1.108410209417343140e-02 -1.886488497257232666e-01 -1.114424616098403931e-01 -2.804501056671142578e-01 1.237577199935913086e-02
7.777777910232543945e-01 1.111111119389533997e-01 9.770944714546203613e-03 1.928033865988254547e-02 3.368616476655006409e-02 1.730692386627197266e-01 2.108961716294288635e-02 6.554397940635681152e-01 3.351891338825225830e-01 8.591177463531494141e-01 2.815416753292083740e-01 1.086833141744136810e-02 1.884108036756515503e-02 2.273983135819435120e-02 1.284397393465042114e-01 1.699648611247539520e-02 4.304616451263427734e-01 2.631078958511352539e-01 6.557255983352661133e-01 2.461153715848922729e-01 1.097386702895164490e-03 -4.392582923173904419e-04 -1.094633340835571289e-02 -4.462949931621551514e-02 -4.093131050467491150e-03 -2.249781489372253418e-01 -7.208123803138732910e-02 -2.033921480178833008e-01 -3.542630374431610107e-02
8.888888955116271973e-01 1.111111119389533997e-01 5.199010483920574188e-03 1.802804507315158844e-02 2.020761743187904358e-02 1.589052528142929077e-01 9.134397841989994049e-03 6.599991917610168457e-01 3.371373116970062256e-01 8.642541170120239258e-01 2.817537784576416016e-01 7.630148902535438538e-03 1.803625375032424927e-02 1.213171053677797318e-02 1.392713934183120728e-01 1.318274252116680145e-02 4.603596329689025879e-01 3.216634094715118408e-01 7.826948761940002441e-01 2.166364639997482300e-01 2.431138418614864349e-03 8.208677172660827637e-06 -8.075906895101070404e-03 -1.963385939598083496e-02 4.048344679176807404e-03 -1.996395587921142578e-01 -1.547390222549438477e-02 -8.155924081802368164e-02 -6.511731445789337158e-02
1.111111119389533997e-01 2.222222238779067993e-01 8.549579419195652008e-03 3.700836375355720520e-02 1.601393371820449829e-01 2.248333841562271118e-01 1.759892702102661133e-02 6.787198185920715332e-01 3.383609056472778320e-01 8.704370260238647461e-01 2.862552404403686523e-01 9.171871468424797058e-03 3.614095225930213928e-02 1.798272877931594849e-01 2.061973065137863159e-01 8.250426501035690308e-03 7.640666961669921875e-01 1.324592083692550659e-01 3.756688833236694336e-01 4.180549681186676025e-01 6.222920492291450500e-04 -8.674114942550659180e-04 1.968795061111450195e-02 -1.863607764244079590e-02 -9.348500519990921021e-03 8.534687757492065430e-02 -2.059016972780227661e-01 -4.947681427001953125e-01 1.317997276782989502e-01
2.222222238779067993e-01 2.222222238779067993e-01 1.606795378029346466e-02 4.001965001225471497e-02 1.532635986804962158e-01 2.366030812263488770e-01 2.077314071357250214e-02 6.851307749748229980e-01 3.352167010307312012e-01 8.646354675292968750e-01 2.896665334701538086e-01 1.624902151525020599e-02 3.898868709802627563e-02 1.719077378511428833e-01 2.047827690839767456e-01 9.371677413582801819e-03 7.364512085914611816e-01 1.295739114284515381e-01 3.671869933605194092e-01 4.169017076492309570e-01 1.810677349567413330e-04 -1.030962914228439331e-03 1.864413917064666748e-02 -3.182031214237213135e-02 -1.140146329998970032e-02 5.132043361663818359e-02 -2.056427896022796631e-01 -4.974484741687774658e-01 1.272351741790771484e-01
3.333333432674407959e-01 2.222222238779067993e-01 2.164829708635807037e-02 4.188667237758636475e-02 1.330016851425170898e-01 2.344375848770141602e-01 2.123090066015720367e-02 6.828029751777648926e-01 3.313310146331787109e-01 8.555994629859924316e-01 2.911551296710968018e-01 2.137769386172294617e-02 4.085069894790649414e-02 1.458597034215927124e-01 1.886659264564514160e-01 9.683040902018547058e-03 6.825735569000244141e-01 1.341182887554168701e-01 3.776219785213470459e-01 4.077945351600646973e-01 -2.706032246351242065e-04 -1.035973429679870605e-03 1.285801827907562256e-02 -4.577165842056274414e-02 -1.154785975813865662e-02 -2.294182777404785156e-04 -1.972127258777618408e-01 -4.779774844646453857e-01 1.166394054889678955e-01
4.444444477558135986e-01 2.222222238779067993e-01 2.461753226816654205e-02 4.242497682571411133e-02 1.019695773720741272e-01 2.195290029048919678e-01 1.957229152321815491e-02 6.704893708229064941e-01 3.287535607814788818e-01 8.477110862731933594e-01 2.892805039882659912e-01 2.389091253280639648e-02 4.143928736448287964e-02 1.053423509001731873e-01 1.622585505247116089e-01 9.417055174708366394e-03 6.030868291854858398e-01 1.522650271654129028e-01 4.213359951972961426e-01 3.835612535476684570e-01 -7.266197353601455688e-04 -9.856894612312316895e-04 3.372773528099060059e-03 -5.727045238018035889e-02 -1.015523634850978851e-02 -6.740254163742065430e-02 -1.764885336160659790e-01 -4.263750910758972168e-01 9.428074955940246582e-02
5.555555820465087891e-01 2.222222238779067993e-01 2.461753226816654205e-02 4.174938052892684937e-02 6.389926373958587646e-02 1.954201012849807739e-01 1.638724841177463531e-02 6.411066055297851562e-01 3.288202583789825439e-01 8.424340486526489258e-01 2.809948027133941650e-01 2.365198172628879547e-02 4.083056002855300903e-02 5.784306675195693970e-02 1.315971612930297852e-01 8.339209482073783875e-03 4.893451333045959473e-01 1.852587610483169556e-01 4.934991300106048584e-01 3.319185376167297363e-01 -9.655505418777465820e-04 -9.188205003738403320e-04 -6.056196987628936768e-03 -6.382293999195098877e-02 -8.048038929700851440e-03 -1.517614722251892090e-01 -1.435614973306655884e-01 -3.489349186420440674e-01 5.092373490333557129e-02
6.666666865348815918e-01 2.222222238779067993e-01 2.164829522371292114e-02 4.017600417137145996e-02 2.741012349724769592e-02 1.707857847213745117e-01 1.198695413768291473e-02 6.092614531517028809e-01 3.315677940845489502e-01 8.419670462608337402e-01 2.696755230426788330e-01 2.098146267235279083e-02 3.934670984745025635e-02 1.344751287251710892e-02 1.072833389043807983e-01 6.212478503584861755e-03 3.563129603862762451e-01 2.271756529808044434e-01 5.620728135108947754e-01 2.370884567499160767e-01 -6.668325513601303101e-04 -8.292943239212036133e-04 -1.396261062473058701e-02 -6.350244581699371338e-02 -5.774475634098052979e-03 -2.529484927654266357e-01 -1.043921411037445068e-01 -2.798942327499389648e-01 -3.258706629276275635e-02
7.777777910232543945e-01 2.222222238779067993e-01 1.606794819235801697e-02 3.807435184717178345e-02 2.176783978939056396e-03 1.546825617551803589e-01 6.441341247409582138e-03 6.224513649940490723e-01 3.357439935207366943e-01 8.537335991859436035e-01 2.714055478572845459e-01 1.647467352449893951e-02 3.750545531511306763e-02 -1.696759089827537537e-02 1.020352989435195923e-01 3.194911405444145203e-03 2.730736434459686279e-01 2.785584926605224609e-01 6.236251592636108398e-01 1.193791404366493225e-01 4.067253321409225464e-04 -5.688965320587158203e-04 -1.914437487721443176e-02 -5.264726281166076660e-02 -3.246429841965436935e-03 -3.493777215480804443e-01 -5.718550086021423340e-02 -2.301084399223327637e-01 -1.520264148712158203e-01
8.888888955116271973e-01 2.222222238779067993e-01 8.549575693905353546e-03 3.573866188526153564e-02 -1.443383097648620605e-02 1.428913325071334839e-01 -1.595416542841121554e-04 6.499303579330444336e-01 3.394104242324829102e-01 8.672623634338378906e-01 2.776012122631072998e-01 1.080713607370853424e-02 3.601316362619400024e-02 -3.255973383784294128e-02 1.155005842447280884e-01 2.187546342611312866e-04 2.806653082370758057e-01 3.478606343269348145e-01 7.384854555130004883e-01 6.146736443042755127e-02 2.257560379803180695e-03 2.745017409324645996e-04 -1.812590286135673523e-02 -2.739074826240539551e-02 3.782963030971586704e-04 -3.692650496959686279e-01 8.450210094451904297e-03 -1.287769079208374023e-01 -2.161338478326797485e-01
1.111111119389533997e-01 3.333333432674407959e-01 9.873271919786930084e-03 5.598868429660797119e-02 1.754754185676574707e-01 2.310776114463806152e-01 1.698016747832298279e-02 6.830290555953979492e-01 3.194404244422912598e-01 8.290737271308898926e-01 2.976968288421630859e-01 1.177421770989894867e-02 5.511965602636337280e-02 1.919576674699783325e-01 2.128471583127975464e-01 6.624875590205192566e-03 7.703457474708557129e-01 1.101407632231712341e-01 3.153911828994750977e-01 4.317641258239746094e-01 1.900945790112018585e-03 -8.690282702445983887e-04 1.648224890232086182e-02 -1.823045313358306885e-02 -1.035529188811779022e-02 8.731669187545776367e-02 -2.092996537685394287e-01 -5.136825442314147949e-01 1.340672969818115234e-01
2.222222238779067993e-01 3.333333432674407959e-01 1.855568028986454010e-02 6.075897067785263062e-02 1.680027097463607788e-01 2.445410341024398804e-01 1.293124724179506302e-02 6.916645169258117676e-01 3.205935060977935791e-01 8.330686092376708984e-01 2.992599606513977051e-01 1.969918236136436462e-02 5.985479056835174561e-02 1.850589960813522339e-01 2.110555320978164673e-01 5.203468725085258484e-03 7.465842366218566895e-01 1.067082360386848450e-01 3.055666387081146240e-01 4.317856132984161377e-01 1.143502071499824524e-03 -9.041801095008850098e-04 1.705628633499145508e-02 -3.348550200462341309e-02 -7.727778516709804535e-03 5.491971969604492188e-02 -2.138852775096893311e-01 -5.275019407272338867e-01 1.325256526470184326e-01
3.333333432674407959e-01 3.333333432674407959e-01 2.500000223517417908e-02 6.347151100635528564e-02 1.437417119741439819e-01 2.403262406587600708e-01 6.981687620282173157e-03 6.883466839790344238e-01 3.201491236686706543e-01 8.315324783325195312e-01 2.986643314361572266e-01 2.529093995690345764e-02 6.276620179414749146e-02 1.556668728590011597e-01 1.914464235305786133e-01 2.976385876536369324e-03 6.914023160934448242e-01 1.145446896553039551e-01 3.256505727767944336e-01 4.214999973773956299e-01 2.909377217292785645e-04 -7.053092122077941895e-04 1.192516088485717773e-02 -4.887981712818145752e-02 -4.005301743745803833e-03 3.055632114410400391e-03 -2.056044340133666992e-01 -5.058819055557250977e-01 1.228356659412384033e-01
4.444444477558135986e-01 3.333333432674407959e-01 2.842895314097404480e-02 6.389081478118896484e-02 1.052174940705299377e-01 2.194444239139556885e-01 9.852466173470020294e-04 6.672764420509338379e-01 3.204940855503082275e-01 8.287920951843261719e-01 2.929913103580474854e-01 2.782260812819004059e-02 6.323812156915664673e-02 1.063749268651008606e-01 1.586596369743347168e-01 5.016308277845382690e-04 6.011573076248168945e-01 1.374038159847259521e-01 3.830290436744689941e-01 3.938078880310058594e-01 -6.063450127840042114e-04 -6.526932120323181152e-04 1.157432794570922852e-03 -6.078478693962097168e-02 -4.836157895624637604e-04 -6.611913442611694336e-02 -1.830902695655822754e-01 -4.457630515098571777e-01 1.008165776729583740e-01
5.555555820465087891e-01 3.333333432674407959e-01 2.842894941568374634e-02 6.237072870135307312e-02 5.445099622011184692e-02 1.841934621334075928e-01 -3.710692515596747398e-03 5.978924632072448730e-01 3.234179317951202393e-01 8.220330476760864258e-01 2.708525955677032471e-01 2.714584954082965851e-02 6.158544868230819702e-02 4.727212712168693542e-02 1.198607683181762695e-01 -2.430217340588569641e-03 4.407090246677398682e-01 1.760428696870803833e-01 4.660707116127014160e-01 3.237420916557312012e-01 -1.283099874854087830e-03 -7.852800190448760986e-04 -7.178869098424911499e-03 -6.433269381523132324e-02 1.280475175008177757e-03 -1.571834385395050049e-01 -1.473750621080398560e-01 -3.559623360633850098e-01 5.288949608802795410e-02
6.666666865348815918e-01 3.333333432674407959e-01 2.500000037252902985e-02 5.962250754237174988e-02 7.967282086610794067e-03 1.517322510480880737e-01 -6.607891991734504700e-03 5.153606534004211426e-01 3.290734589099884033e-01 8.139718174934387207e-01 2.367630600929260254e-01 2.363486774265766144e-02 5.871286243200302124e-02 -4.741858225315809250e-03 9.142240881919860840e-02 -5.546318367123603821e-03 2.370809763669967651e-01 2.246633172035217285e-01 5.121993422508239746e-01 1.399265676736831665e-01 -1.365132629871368408e-03 -9.096451103687286377e-04 -1.270914077758789062e-02 -6.030984222888946533e-02 1.061573624610900879e-03 -2.782796621322631836e-01 -1.044101417064666748e-01 -3.017724752426147461e-01 -9.683649241924285889e-02
7.777777910232543945e-01 3.333333432674407959e-01 1.855567470192909241e-02 5.638204142451286316e-02 -1.531005650758743286e-02 1.406071782112121582e-01 -8.009299635887145996e-03 5.608739852905273438e-01 3.359513282775878906e-01 8.401167392730712891e-01 2.503548562526702881e-01 1.799310185015201569e-02 5.567689985036849976e-02 -3.758255764842033386e-02 8.755017817020416260e-02 -7.785031571984291077e-03 1.497256606817245483e-01 2.828731834888458252e-01 5.207025408744812012e-01 -7.961844652891159058e-02 -5.625728517770767212e-04 -7.051415741443634033e-04 -2.227250114083290100e-02 -5.305700004100799561e-02 2.242680639028549194e-04 -4.111483097076416016e-01 -5.307814478874206543e-02 -3.194141983985900879e-01 -3.299733102321624756e-01
8.888888955116271973e-01 3.333333432674407959e-01 9.873267263174057007e-03 5.313185602426528931e-02 -2.971149981021881104e-02 1.345020532608032227e-01 -8.734902366995811462e-03 6.358060836791992188e-01 3.416403830051422119e-01 8.692317605018615723e-01 2.721444070339202881e-01 1.103104837238788605e-02 5.346625298261642456e-02 -5.528805777430534363e-02 1.037655025720596313e-01 -7.787296548485755920e-03 1.615667641162872314e-01 3.590701520442962646e-01 6.187989115715026855e-01 -1.383314728736877441e-01 1.157781109213829041e-03 3.343969583511352539e-04 -2.557655796408653259e-02 -3.073655068874359131e-02 9.476058185100555420e-04 -4.742393195629119873e-01 1.742976903915405273e-02 -2.504328489303588867e-01 -4.104758799076080322e-01
1.111111119389533997e-01 4.444444477558135986e-01 9.356226772069931030e-03 7.528643310070037842e-02 1.741465926170349121e-01 2.356242686510086060e-01 1.949526928365230560e-02 6.921546459197998047e-01 3.257948458194732666e-01 8.448314666748046875e-01 2.965696752071380615e-01 1.152979489415884018e-02 7.447893917560577393e-02 1.824288219213485718e-01 2.131504267454147339e-01 8.281926624476909637e-03 7.612903118133544922e-01 1.376409232616424561e-01 3.894518911838531494e-01 4.147386252880096436e-01 2.173568122088909149e-03 -8.074939250946044922e-04 8.282229304313659668e-03 -2.247384190559387207e-02 -1.121334265917539597e-02 6.913566589355468750e-02 -1.881539225578308105e-01 -4.553795754909515381e-01 1.181689500808715820e-01
2.222222238779067993e-01 4.444444477558135986e-01 1.758395321667194366e-02 8.198460936546325684e-02 1.687992513179779053e-01 2.498263120651245117e-01 8.009478449821472168e-03 7.019767165184020996e-01 3.180404305458068848e-01 8.289345502853393555e-01 3.031904101371765137e-01 1.879516616463661194e-02 8.134520798921585083e-02 1.765305846929550171e-01 2.110712677240371704e-01 2.924678847193717957e-03 7.322994470596313477e-01 1.149426400661468506e-01 3.276833593845367432e-01 4.254213571548461914e-01 1.211212947964668274e-03 -6.394013762474060059e-04 7.731333374977111816e-03 -3.875504434108734131e-02 -5.084799602627754211e-03 3.032273054122924805e-02 -2.030977904796600342e-01 -5.012512207031250000e-01 1.222309470176696777e-01
3.333333432674407959e-01 4.444444477558135986e-01 2.369079552590847015e-02 8.548400551080703735e-02 1.459837704896926880e-01 2.439892441034317017e-01 -4.369670525193214417e-03 6.983936429023742676e-01 3.119868338108062744e-01 8.146530389785766602e-01 3.055888712406158447e-01 2.399642951786518097e-02 8.528659492731094360e-02 1.508827656507492065e-01 1.891083568334579468e-01 -2.288579940795898438e-03 6.769472956657409668e-01 1.096308231353759766e-01 3.120472431182861328e-01 4.231729209423065186e-01 3.056339919567108154e-04 -1.974105834960937500e-04 4.898995161056518555e-03 -5.488088726997375488e-02 2.081090584397315979e-03 -2.144634723663330078e-02 -2.023560106754302979e-01 -5.026057958602905273e-01 1.175840497016906738e-01
4.444444477558135986e-01 4.444444477558135986e-01 2.694017812609672546e-02 8.552554994821548462e-02 1.087772920727729797e-01 2.203150093555450439e-01 -1.457812078297138214e-02 6.791164278984069824e-01 3.088845014572143555e-01 8.046584129333496094e-01 3.025231659412384033e-01 2.641868777573108673e-02 8.537016063928604126e-02 1.061935052275657654e-01 1.565887480974197388e-01 -6.743816658854484558e-03 5.968072414398193359e-01 1.258352696895599365e-01 3.527160584926605225e-01 4.014991521835327148e-01 -5.214903503656387329e-04 -1.553893089294433594e-04 -2.583786845207214355e-03 -6.372626125812530518e-02 7.834304124116897583e-03 -8.230918645858764648e-02 -1.830492317676544189e-01 -4.519423544406890869e-01 9.897598624229431152e-02
5.555555820465087891e-01 4.444444477558135986e-01 2.694017626345157623e-02 8.282317221164703369e-02 6.188413500785827637e-02 1.858423054218292236e-01 -2.082047425210475922e-02 6.313620805740356445e-01 3.126539289951324463e-01 8.050701022148132324e-01 2.874779701232910156e-01 2.581989951431751251e-02 8.230397850275039673e-02 5.020421370863914490e-02 1.197806745767593384e-01 -1.123131252825260162e-02 4.700767993927001953e-01 1.644639670848846436e-01 4.418610930442810059e-01 3.433372378349304199e-01 -1.120276749134063721e-03 -5.191937088966369629e-04 -1.167992129921913147e-02 -6.606163084506988525e-02 9.589161723852157593e-03 -1.612852811813354492e-01 -1.481899619102478027e-01 -3.632090091705322266e-01 5.585926771163940430e-02
6.666666865348815918e-01 4.444444477558135986e-01 2.369079366326332092e-02 7.864134013652801514e-02 1.822815090417861938e-02 1.551354378461837769e-01 -2.253338508307933807e-02 5.789321064949035645e-01 3.225668668746948242e-01 8.161254525184631348e-01 2.650485634803771973e-01 2.243992872536182404e-02 7.775545865297317505e-02 1.302553573623299599e-04 9.293246269226074219e-02 -1.462357677519321442e-02 3.058758974075317383e-01 2.159733027219772339e-01 5.244784355163574219e-01 2.142204791307449341e-01 -1.250864937901496887e-03 -8.858814835548400879e-04 -1.809789612889289856e-02 -6.220297515392303467e-02 7.909808307886123657e-03 -2.730562090873718262e-01 -1.065935641527175903e-01 -2.916470170021057129e-01 -5.082808434963226318e-02
7.777777910232543945e-01 4.444444477558135986e-01 1.758394762873649597e-02 7.420340180397033691e-02 -9.247064590454101562e-03 1.410590857267379761e-01 -2.025571092963218689e-02 6.016888618469238281e-01 3.354475498199462891e-01 8.486351370811462402e-01 2.649296820163726807e-01 1.687119342386722565e-02 7.340279966592788696e-02 -3.300375863909721375e-02 8.873231709003448486e-02 -1.483226753771305084e-02 2.015461921691894531e-01 2.779394090175628662e-01 5.712341070175170898e-01 2.762348391115665436e-02 -7.127542048692703247e-04 -8.006021380424499512e-04 -2.375669404864311218e-02 -5.232676863670349121e-02 5.423443391919136047e-03 -4.001426696777343750e-01 -5.750814080238342285e-02 -2.774010300636291504e-01 -2.373061925172805786e-01
8.888888955116271973e-01 4.444444477558135986e-01 9.356222115457057953e-03 7.020761817693710327e-02 -2.641450613737106323e-02 1.355322897434234619e-01 -1.568151824176311493e-02 6.472718119621276855e-01 3.475084304809570312e-01 8.842749595642089844e-01 2.723071575164794922e-01 9.869614616036415100e-03 7.048820704221725464e-02 -5.232576653361320496e-02 1.036218553781509399e-01 -1.099832542240619659e-02 1.930641084909439087e-01 3.566239178180694580e-01 6.621614694595336914e-01 -7.162489742040634155e-02 5.133925005793571472e-04 2.805888652801513672e-04 -2.591126039624214172e-02 -3.191043436527252197e-02 4.683192819356918335e-03 -4.542077183723449707e-01 9.115487337112426758e-03 -2.221134901046752930e-01 -3.439320623874664307e-01
1.111111119389533997e-01 5.555555820465087891e-01 7.484979461878538132e-03 9.490160644054412842e-02 1.968583166599273682e-01 2.933504283428192139e-01 3.163376078009605408e-02 8.685744404792785645e-01 4.256051778793334961e-01 1.097547769546508789e+00 2.893967032432556152e-01 8.747231215238571167e-03 9.420146793127059937e-02 1.727908998727798462e-01 2.643355727195739746e-01 2.248446829617023468e-02 8.103809356689453125e-01 3.769658803939819336e-01 9.790837168693542480e-01 2.986371219158172607e-01 1.262251753360033035e-03 -7.001385092735290527e-04 -2.406741678714752197e-02 -2.901485562324523926e-02 -9.149292483925819397e-03 -5.819350481033325195e-02 -4.863929748535156250e-02 -1.184640526771545410e-01 9.240418672561645508e-03
2.222222238779067993e-01 5.555555820465087891e-01 1.406716089695692062e-02 1.036965698003768921e-01 1.937155425548553467e-01 3.167869150638580322e-01 8.819379843771457672e-03 8.783982992172241211e-01 4.245930016040802002e-01 1.097022533416748047e+00 2.918517589569091797e-01 1.444089971482753754e-02 1.033705472946166992e-01 1.658539623022079468e-01 2.695105671882629395e-01 5.516633391380310059e-03 7.718137502670288086e-01 3.420555293560028076e-01 8.940852284431457520e-01 3.069298267364501953e-01 3.737388178706169128e-04 -3.260225057601928711e-04 -2.786158025264739990e-02 -4.727634787559509277e-02 -3.302746452391147614e-03 -1.065845489501953125e-01 -8.253747224807739258e-02 -2.029373049736022949e-01 1.507806777954101562e-02
3.333333432674407959e-01 5.555555820465087891e-01 1.895263418555259705e-02 1.079241782426834106e-01 1.704490035772323608e-01 3.135376274585723877e-01 -1.588157005608081818e-02 8.749706149101257324e-01 4.220660030841827393e-01 1.090804815292358398e+00 2.922206819057464600e-01 1.876044459640979767e-02 1.082754507660865784e-01 1.419858038425445557e-01 2.491368800401687622e-01 -1.177323795855045319e-02 7.244445085525512695e-01 3.071540296077728271e-01 8.073591589927673340e-01 3.142578899860382080e-01 -1.921895891427993774e-04 3.512725234031677246e-04 -2.846319973468780518e-02 -6.440074741840362549e-02 4.108332097530364990e-03 -1.505261063575744629e-01 -1.149119734764099121e-01 -2.834456562995910645e-01 2.203720808029174805e-02
4.444444477558135986e-01 5.555555820465087891e-01 2.155214175581932068e-02 1.073291972279548645e-01 1.333785653114318848e-01 2.815499007701873779e-01 -3.393103182315826416e-02 8.595285415649414062e-01 4.003461897373199463e-01 1.039627909660339355e+00 2.984111905097961426e-01 2.106008119881153107e-02 1.076933518052101135e-01 1.079858168959617615e-01 2.137521952390670776e-01 -2.330057509243488312e-02 6.760049462318420410e-01 2.744212448596954346e-01 7.251411080360412598e-01 3.212189972400665283e-01 -4.920605570077896118e-04 3.641545772552490234e-04 -2.539274841547012329e-02 -6.779770553112030029e-02 1.063045673072338104e-02 -1.835235953330993652e-01 -1.259249448776245117e-01 -3.144868016242980957e-01 2.280780673027038574e-02
5.555555820465087891e-01 5.555555820465087891e-01 2.155213989317417145e-02 1.031067222356796265e-01 8.897254616022109985e-02 2.394276857376098633e-01 -4.232584685087203979e-02 8.372817039489746094e-01 3.883102238178253174e-01 1.008954763412475586e+00 2.991606593132019043e-01 2.098322100937366486e-02 1.028824523091316223e-01 6.932333111763000488e-02 1.746062934398651123e-01 -2.919416688382625580e-02 6.215557456016540527e-01 2.703122794628143311e-01 7.082632184028625488e-01 3.100832104682922363e-01 -5.689188838005065918e-04 -2.242699265480041504e-04 -1.964921504259109497e-02 -6.482139229774475098e-02 1.313167996704578400e-02 -2.157259583473205566e-01 -1.179979443550109863e-01 -3.006915450096130371e-01 1.092255115509033203e-02
6.666666865348815918e-01 5.555555820465087891e-01 1.895263232290744781e-02 9.723251312971115112e-02 4.707835614681243896e-02 2.011566609144210815e-01 -4.143312573432922363e-02 8.187743425369262695e-01 3.856348693370819092e-01 9.999201893806457520e-01 2.964599132537841797e-01 1.853622682392597198e-02 9.643569588661193848e-02 2.922566607594490051e-02 1.413157433271408081e-01 -2.983816526830196381e-02 5.478376150131225586e-01 2.862931191921234131e-01 7.314617633819580078e-01 2.774700224399566650e-01 -4.164054989814758301e-04 -7.968172430992126465e-04 -1.785269007086753845e-02 -5.984091758728027344e-02 1.159496046602725983e-02 -2.709367275238037109e-01 -9.934175014495849609e-02 -2.684584259986877441e-01 -1.898989081382751465e-02
7.777777910232543945e-01 5.555555820465087891e-01 1.406715530902147293e-02 9.153844416141510010e-02 1.599524915218353271e-02 1.755046993494033813e-01 -3.328879177570343018e-02 8.177821636199951172e-01 3.862319588661193848e-01 1.001093149185180664e+00 2.959739565849304199e-01 1.405450142920017242e-02 9.070535749197006226e-02 -2.907048445194959641e-03 1.264280825853347778e-01 -2.459820546209812164e-02 4.832790195941925049e-01 3.206606209278106689e-01 7.877541780471801758e-01 2.283301055431365967e-01 -1.265387982130050659e-05 -8.330866694450378418e-04 -1.890229806303977966e-02 -4.907661676406860352e-02 8.690586313605308533e-03 -3.345031440258026123e-01 -6.557133793830871582e-02 -2.133389711380004883e-01 -6.764385104179382324e-02
8.888888955116271973e-01 5.555555820465087891e-01 7.484976202249526978e-03 8.696596324443817139e-02 -1.536905765533447266e-03 1.643528044223785400e-01 -2.204570733010768890e-02 8.309124708175659180e-01 3.875875174999237061e-01 1.006296873092651367e+00 2.981542646884918213e-01 8.089253678917884827e-03 8.713354915380477905e-02 -2.127419039607048035e-02 1.321509927511215210e-01 -1.441822759807109833e-02 4.967303872108459473e-01 3.734265267848968506e-01 8.958010077476501465e-01 1.994341760873794556e-01 6.042774766683578491e-04 1.675859093666076660e-04 -1.973728463053703308e-02 -3.220181167125701904e-02 7.627479732036590576e-03 -3.341820836067199707e-01 -1.416099071502685547e-02 -1.104958653450012207e-01 -9.872008860111236572e-02
1.111111119389533997e-01 6.666666865348815918e-01 4.936635494232177734e-03 1.148342117667198181e-01 1.977649331092834473e-01 3.202438354492187500e-01 4.330871626734733582e-02 1.011513113975524902e+00 4.430852234363555908e-01 1.159894824028015137e+00 3.088845312595367432e-01 4.747319966554641724e-03 1.142334192991256714e-01 1.579420566558837891e-01 2.865387201309204102e-01 3.739923238754272461e-02 8.845747113227844238e-01 4.405975341796875000e-01 1.133583784103393555e+00 2.864164113998413086e-01 -1.893155276775360107e-04 -6.007924675941467285e-04 -3.982287645339965820e-02 -3.370511531829833984e-02 -5.909483879804611206e-03 -1.269384026527404785e-01 -2.487689256668090820e-03 -2.631103992462158203e-02 -2.246811985969543457e-02
2.222222238779067993e-01 6.666666865348815918e-01 9.277840144932270050e-03 1.258948594331741333e-01 2.003410160541534424e-01 3.561111688613891602e-01 1.360484957695007324e-02 1.020152211189270020e+00 4.657174050807952881e-01 1.212624073028564453e+00 3.018883764743804932e-01 8.495176210999488831e-03 1.257940679788589478e-01 1.584618240594863892e-01 3.054773211479187012e-01 1.154286228120326996e-02 8.527630567550659180e-01 4.205036163330078125e-01 1.083428740501403809e+00 2.882513105869293213e-01 -7.826639339327812195e-04 -1.007914543151855469e-04 -4.187919199466705322e-02 -5.063384771347045898e-02 -2.061987295746803284e-03 -1.673891544342041016e-01 -4.521378874778747559e-02 -1.291953325271606445e-01 -1.363706588745117188e-02
3.333333432674407959e-01 6.666666865348815918e-01 1.250000018626451492e-02 1.307920217514038086e-01 1.814370900392532349e-01 3.623705804347991943e-01 -2.258942835032939911e-02 1.017151594161987305e+00 4.888442158699035645e-01 1.264033913612365723e+00 2.928800880908966064e-01 1.163387484848499298e-02 1.315498799085617065e-01 1.396712511777877808e-01 2.939434647560119629e-01 -1.922140084207057953e-02 7.935020923614501953e-01 4.181663393974304199e-01 1.067056775093078613e+00 2.758760750293731689e-01 -8.661253377795219421e-04 7.578581571578979492e-04 -4.176583886146545410e-02 -6.842711567878723145e-02 3.368027508258819580e-03 -2.236495018005371094e-01 -7.067787647247314453e-02 -1.969771385192871094e-01 -1.700401306152343750e-02
4.444444477558135986e-01 6.666666865348815918e-01 1.421447470784187317e-02 1.293017268180847168e-01 1.529332250356674194e-01 3.227280974388122559e-01 -4.736566543579101562e-02 1.003909587860107422e+00 4.453314244747161865e-01 1.163894295692443848e+00 3.067730665206909180e-01 1.365274377167224884e-02 1.300294101238250732e-01 1.093792170286178589e-01 2.523126006126403809e-01 -4.204276949167251587e-02 7.324941754341125488e-01 3.743259906768798828e-01 9.595288634300231934e-01 2.816754281520843506e-01 -5.617309361696243286e-04 7.276833057403564453e-04 -4.355400800704956055e-02 -7.041549682617187500e-02 5.322895944118499756e-03 -2.714154124259948730e-01 -7.100543379783630371e-02 -2.043654322624206543e-01 -2.509763836860656738e-02
5.555555820465087891e-01 6.666666865348815918e-01 1.421447470784187317e-02 1.232213601469993591e-01 1.144358813762664795e-01 2.746795415878295898e-01 -5.768366158008575439e-02 9.865901470184326172e-01 4.258495569229125977e-01 1.116856217384338379e+00 3.113272190093994141e-01 1.415202952921390533e-02 1.231935992836952209e-01 7.509856671094894409e-02 2.071308344602584839e-01 -5.106478929519653320e-02 6.777782440185546875e-01 3.629738688468933105e-01 9.239803552627563477e-01 2.727918624877929688e-01 -6.244517862796783447e-05 -2.776086330413818359e-05 -3.933731466531753540e-02 -6.754870712757110596e-02 6.618872284889221191e-03 -3.088119029998779297e-01 -6.287568807601928711e-02 -1.928758621215820312e-01 -3.853535652160644531e-02
6.666666865348815918e-01 6.666666865348815918e-01 1.249999832361936569e-02 1.153960153460502625e-01 7.625566422939300537e-02 2.336207181215286255e-01 -5.551856011152267456e-02 9.732995033264160156e-01 4.271129071712493896e-01 1.117826700210571289e+00 3.085846602916717529e-01 1.294077374041080475e-02 1.146962642669677734e-01 4.072963073849678040e-02 1.744547188282012939e-01 -4.773762077093124390e-02 6.370664238929748535e-01 3.714748919010162354e-01 9.330667853355407715e-01 2.558949291706085205e-01 4.407754167914390564e-04 -6.997510790824890137e-04 -3.552603349089622498e-02 -5.916599929332733154e-02 7.780939340591430664e-03 -3.362330794334411621e-01 -5.563801527023315430e-02 -1.847599148750305176e-01 -5.268973112106323242e-02
7.777777910232543945e-01 6.666666865348815918e-01 9.277836419641971588e-03 1.083871573209762573e-01 4.844866320490837097e-02 2.071126997470855713e-01 -4.270091280341148376e-02 9.703375697135925293e-01 4.307163655757904053e-01 1.125603675842285156e+00 3.066645860671997070e-01 1.007352955639362335e-02 1.075810864567756653e-01 1.712055876851081848e-02 1.599722057580947876e-01 -3.566057235002517700e-02 6.418640613555908203e-01 3.877751231193542480e-01 9.683244228363037109e-01 2.485644817352294922e-01 7.956931367516517639e-04 -8.060708642005920410e-04 -3.132810443639755249e-02 -4.714049398899078369e-02 7.040340453386306763e-03 -3.284735083580017090e-01 -4.294124245643615723e-02 -1.572792530059814453e-01 -5.810010433197021484e-02
8.888888955116271973e-01 6.666666865348815918e-01 4.936633165925741196e-03 1.034068763256072998e-01 3.489273041486740112e-02 1.985883116722106934e-01 -2.583448775112628937e-02 9.790291190147399902e-01 4.327132999897003174e-01 1.131446838378906250e+00 3.073862493038177490e-01 5.822280421853065491e-03 1.034200116991996765e-01 8.948345668613910675e-03 1.649831980466842651e-01 -1.878882385790348053e-02 7.308051586151123047e-01 4.154510796070098877e-01 1.047800660133361816e+00 2.610397040843963623e-01 8.856472559273242950e-04 1.313537359237670898e-05 -2.594438567757606506e-02 -3.360511362552642822e-02 7.045663893222808838e-03 -2.482239603996276855e-01 -1.726222038269042969e-02 -8.364617824554443359e-02 -4.634654521942138672e-02
1.111111119389533997e-01 7.777777910232543945e-01 2.442736178636550903e-03 1.350842267274856567e-01 1.655221432447433472e-01 3.092311918735504150e-01 5.742374435067176819e-02 1.011966705322265625e+00 4.419253170490264893e-01 1.157310366630554199e+00 3.093958497047424316e-01 1.220388337969779968e-03 1.344857811927795410e-01 1.337495297193527222e-01 2.681222558021545410e-01 4.938270896673202515e-02 8.823442459106445312e-01 4.056633412837982178e-01 1.055268049240112305e+00 3.006696403026580811e-01 -1.222347840666770935e-03 -5.984455347061157227e-04 -3.177261352539062500e-02 -4.110893607139587402e-02 -8.041035383939743042e-03 -1.296224594116210938e-01 -3.626197576522827148e-02 -1.020423173904418945e-01 -8.726209402084350586e-03
2.222222238779067993e-01 7.777777910232543945e-01 4.590842407196760178e-03 1.485794633626937866e-01 1.743043512105941772e-01 3.503247797489166260e-01 2.336815744638442993e-02 1.018378853797912598e+00 4.652641415596008301e-01 1.211321353912353516e+00 3.017566204071044922e-01 3.103995695710182190e-03 1.484451293945312500e-01 1.436715573072433472e-01 2.909377515316009521e-01 2.185675315558910370e-02 8.551635146141052246e-01 3.964188992977142334e-01 1.030087828636169434e+00 2.992415428161621094e-01 -1.486846711486577988e-03 -1.343339681625366211e-04 -3.063279390335083008e-02 -5.938702821731567383e-02 -1.511404290795326233e-03 -1.632153391838073730e-01 -6.884524226188659668e-02 -1.812335252761840820e-01 -2.515077590942382812e-03
3.333333432674407959e-01 7.777777910232543945e-01 6.185225211083889008e-03 1.540875136852264404e-01 1.646952480077743530e-01 3.607938587665557861e-01 -1.963832601904869080e-02 1.016152024269104004e+00 4.893527328968048096e-01 1.264995217323303223e+00 2.925187349319458008e-01 4.951188340783119202e-03 1.548974812030792236e-01 1.350347548723220825e-01 2.864317893981933594e-01 -1.374488137662410736e-02 8.089100122451782227e-01 4.035477936267852783e-01 1.038026928901672363e+00 2.861264348030090332e-01 -1.234036870300769806e-03 8.099675178527832031e-04 -2.966049313545227051e-02 -7.436206936836242676e-02 5.893444642424583435e-03 -2.072420120239257812e-01 -8.580493927001953125e-02 -2.269682884216308594e-01 -6.392300128936767578e-03
4.444444477558135986e-01 7.777777910232543945e-01 7.033578585833311081e-03 1.514431536197662354e-01 1.477824300527572632e-01 3.235862851142883301e-01 -5.039503425359725952e-02 1.006327986717224121e+00 4.481666982173919678e-01 1.170708894729614258e+00 3.061087727546691895e-01 6.422856822609901428e-03 1.521813571453094482e-01 1.129897460341453552e-01 2.513512372970581055e-01 -4.296479374170303345e-02 7.595633864402770996e-01 3.675410449504852295e-01 9.494773149490356445e-01 2.916615903377532959e-01 -6.107217632234096527e-04 7.382035255432128906e-04 -3.479268401861190796e-02 -7.223504781723022461e-02 7.430240511894226074e-03 -2.467646002769470215e-01 -8.062565326690673828e-02 -2.212315797805786133e-01 -1.444718241691589355e-02
5.555555820465087891e-01 7.777777910232543945e-01 7.033577654510736465e-03 1.431671082973480225e-01 1.202568635344505310e-01 2.772948145866394043e-01 -6.293251365423202515e-02 9.935035109519958496e-01 4.298925399780273438e-01 1.127109527587890625e+00 3.109200596809387207e-01 7.178189232945442200e-03 1.431011259555816650e-01 8.333273977041244507e-02 2.083517462015151978e-01 -5.640736967325210571e-02 7.018494009971618652e-01 3.661918640136718750e-01 9.358201026916503906e-01 2.777728140354156494e-01 1.446115784347057343e-04 -6.598234176635742188e-05 -3.692412376403808594e-02 -6.894306838512420654e-02 6.525143980979919434e-03 -2.916541099548339844e-01 -6.370067596435546875e-02 -1.912894248962402344e-01 -3.314724564552307129e-02
6.666666865348815918e-01 7.777777910232543945e-01 6.185224745422601700e-03 1.331318467855453491e-01 9.227018058300018311e-02 2.380437552928924561e-01 -5.949009954929351807e-02 9.836792945861816406e-01 4.314952790737152100e-01 1.129353761672973633e+00 3.086514174938201904e-01 6.952369585633277893e-03 1.324706375598907471e-01 5.365832522511482239e-02 1.800177395343780518e-01 -5.375493317842483521e-02 6.553621292114257812e-01 3.874540925025939941e-01 9.710071086883544922e-01 2.530609071254730225e-01 7.671448402106761932e-04 -6.612092256546020508e-04 -3.861185535788536072e-02 -5.802601575851440430e-02 5.735166370868682861e-03 -3.283171653747558594e-01 -4.404118657112121582e-02 -1.583466529846191406e-01 -5.559051036834716797e-02
7.777777910232543945e-01 7.777777910232543945e-01 4.590841010212898254e-03 1.247495487332344055e-01 7.339872419834136963e-02 2.147665023803710938e-01 -4.335199296474456787e-02 9.814524650573730469e-01 4.356179833412170410e-01 1.138424038887023926e+00 3.066770136356353760e-01 5.614610388875007629e-03 1.240090951323509216e-01 3.596265986561775208e-02 1.692009717226028442e-01 -3.977449983358383179e-02 6.675816774368286133e-01 4.090657234191894531e-01 1.019052982330322266e+00 2.455859482288360596e-01 1.023769378662109375e-03 -7.404536008834838867e-04 -3.743606433272361755e-02 -4.556553065776824951e-02 3.577493131160736084e-03 -3.138707876205444336e-01 -2.655225992202758789e-02 -1.193710565567016602e-01 -6.109106540679931641e-02
8.888888955116271973e-01 7.777777910232543945e-01 2.442735247313976288e-03 1.195303574204444885e-01 6.669191271066665649e-02 2.114276736974716187e-01 -2.360690571367740631e-02 9.878647923469543457e-01 4.392125904560089111e-01 1.147565484046936035e+00 3.063896000385284424e-01 3.191569820046424866e-03 1.193366274237632751e-01 3.231116011738777161e-02 1.747719794511795044e-01 -2.050438337028026581e-02 7.717693448066711426e-01 4.273750782012939453e-01 1.082339763641357422e+00 2.662644386291503906e-01 7.488345727324485779e-04 -1.937299966812133789e-04 -3.438075259327888489e-02 -3.665569424629211426e-02 3.102522343397140503e-03 -2.160954475402832031e-01 -1.183751225471496582e-02 -6.522572040557861328e-02 -4.012516140937805176e-02
1.111111119389533997e-01 8.888888955116271973e-01 6.498763104900717735e-04 1.556516736745834351e-01 1.421992927789688110e-01 3.006437122821807861e-01 7.424833625555038452e-02 1.006410717964172363e+00 4.378705918788909912e-01 1.147231936454772949e+00 3.100126385688781738e-01 -5.319323390722274780e-04 1.548507213592529297e-01 1.130966916680335999e-01 2.517420053482055664e-01 6.399312615394592285e-02 8.595209121704101562e-01 3.856257796287536621e-01 1.006373524665832520e+00 3.048576712608337402e-01 -1.181808649562299252e-03 -8.009523153305053711e-04 -2.910260111093521118e-02 -4.890170693397521973e-02 -1.025521010160446167e-02 -1.468898057937622070e-01 -5.224481225013732910e-02 -1.408584117889404297e-01 -5.154967308044433594e-03
2.222222238779067993e-01 8.888888955116271973e-01 1.221367856487631798e-03 1.717504113912582397e-01 1.578019708395004272e-01 3.406964838504791260e-01 3.605251386761665344e-02 1.009822607040405273e+00 4.435868859291076660e-01 1.160792708396911621e+00 3.084163963794708252e-01 -7.728300988674163818e-05 1.711389720439910889e-01 1.303570419549942017e-01 2.743750512599945068e-01 3.473509848117828369e-02 8.518595099449157715e-01 3.609615862369537354e-01 9.488630294799804688e-01 3.143545687198638916e-01 -1.298650866374373436e-03 -6.114393472671508789e-04 -2.744492888450622559e-02 -6.632143259048461914e-02 -1.317415386438369751e-03 -1.579630970954895020e-01 -8.262529969215393066e-02 -2.119296789169311523e-01 5.938172340393066406e-03
3.333333432674407959e-01 8.888888955116271973e-01 1.645544543862342834e-03 1.778106987476348877e-01 1.575502306222915649e-01 3.484951555728912354e-01 -1.024960912764072418e-02 1.008637666702270508e+00 4.493914842605590820e-01 1.173842072486877441e+00 3.060350418090820312e-01 6.351489573717117310e-04 1.780968606472015381e-01 1.319928914308547974e-01 2.724595367908477783e-01 -4.386747255921363831e-03 8.335791826248168945e-01 3.496419787406921387e-01 9.202592968940734863e-01 3.160023987293243408e-01 -1.010395586490631104e-03 2.861618995666503906e-04 -2.555733919143676758e-02 -7.603561878204345703e-02 5.862861871719360352e-03 -1.750584840774536133e-01 -9.974950551986694336e-02 -2.535827755928039551e-01 9.967356920242309570e-03
4.444444477558135986e-01 8.888888955116271973e-01 1.871244283393025398e-03 1.737534850835800171e-01 1.451618671417236328e-01 3.204237520694732666e-01 -4.671724140644073486e-02 1.003410339355468750e+00 4.370261728763580322e-01 1.144866466522216797e+00 3.098374307155609131e-01 1.413160935044288635e-03 1.739516556262969971e-01 1.187267377972602844e-01 2.466015070676803589e-01 -3.721239417791366577e-02 8.085817694664001465e-01 3.387371897697448730e-01 8.916932940483093262e-01 3.162021934986114502e-01 -4.580833483487367630e-04 1.981705427169799805e-04 -2.643512934446334839e-02 -7.382224500179290771e-02 9.504847228527069092e-03 -1.948285698890686035e-01 -9.828898310661315918e-02 -2.531731724739074707e-01 6.364762783050537109e-03
5.555555820465087891e-01 8.888888955116271973e-01 1.871244050562381744e-03 1.629439592361450195e-01 1.239729300141334534e-01 2.779396772384643555e-01 -6.291540712118148804e-02 9.965866804122924805e-01 4.318402409553527832e-01 1.132013082504272461e+00 3.106849789619445801e-01 2.025032415986061096e-03 1.624744236469268799e-01 9.412112087011337280e-02 2.111378312110900879e-01 -5.285131931304931641e-02 7.709679603576660156e-01 3.473809063434600830e-01 9.060593247413635254e-01 3.041295111179351807e-01 1.537883654236793518e-04 -4.695355892181396484e-04 -2.985180914402008057e-02 -6.680184602737426758e-02 1.006408780813217163e-02 -2.256187200546264648e-01 -8.445933461189270020e-02 -2.259537577629089355e-01 -6.555467844009399414e-03
6.666666865348815918e-01 8.888888955116271973e-01 1.645544311031699181e-03 1.504400074481964111e-01 1.034293621778488159e-01 2.392389923334121704e-01 -5.823873355984687805e-02 9.913594126701354980e-01 4.329733848571777344e-01 1.133851408958435059e+00 3.093776702880859375e-01 2.245308831334114075e-03 1.496946513652801514e-01 6.986712664365768433e-02 1.851745992898941040e-01 -5.088678747415542603e-02 7.329955697059631348e-01 3.718509078025817871e-01 9.541969895362854004e-01 2.830370962619781494e-01 5.997645203024148941e-04 -7.453560829162597656e-04 -3.356223553419113159e-02 -5.406439304351806641e-02 7.351946085691452026e-03 -2.583638429641723633e-01 -6.112247705459594727e-02 -1.796544194221496582e-01 -2.634057402610778809e-02
7.777777910232543945e-01 8.888888955116271973e-01 1.221367507241666317e-03 1.406256109476089478e-01 9.131317585706710815e-02 2.177510559558868408e-01 -3.910619020462036133e-02 9.901744723320007324e-01 4.351855814456939697e-01 1.138731122016906738e+00 3.083282113075256348e-01 1.896189525723457336e-03 1.399589776992797852e-01 5.691548064351081848e-02 1.751016825437545776e-01 -3.685621172189712524e-02 7.373890876770019531e-01 3.965197205543518066e-01 1.008746504783630371e+00 2.720004022121429443e-01 6.748220184817910194e-04 -6.666332483291625977e-04 -3.439769521355628967e-02 -4.264937341213226318e-02 2.249978482723236084e-03 -2.527853846549987793e-01 -3.866586089134216309e-02 -1.299846172332763672e-01 -3.632780909538269043e-02
8.888888955116271973e-01 8.888888955116271973e-01 6.498760194517672062e-04 1.353364288806915283e-01 9.004023671150207520e-02 2.180640250444412231e-01 -1.764380745589733124e-02 9.935863614082336426e-01 4.371336996555328369e-01 1.143678426742553711e+00 3.081564903259277344e-01 8.773971349000930786e-04 1.348528861999511719e-01 5.606909468770027161e-02 1.784916371107101440e-01 -1.758175529539585114e-02 8.156446218490600586e-01 4.107703268527984619e-01 1.055176973342895508e+00 2.843879461288452148e-01 2.275211154483258724e-04 -4.835426807403564453e-04 -3.397114202380180359e-02 -3.957238793373107910e-02 6.205216050148010254e-05 -1.779417395591735840e-01 -2.636337280273437500e-02 -8.850145339965820312e-02 -2.376854419708251953e-02
