# x y true_fields pred_fields error_fields
1.111111119389533997e-01 1.111111119389533997e-01 5.199013277888298035e-03 1.834546960890293121e-02 1.250389814376831055e-01 2.070720046758651733e-01 1.798106543719768524e-02 6.730788946151733398e-01 3.371332585811614990e-01 8.666957616806030273e-01 2.853902578353881836e-01 5.392890423536300659e-03 1.828993856906890869e-02 8.795748651027679443e-02 1.752852499485015869e-01 1.938272267580032349e-02 5.029878616333007812e-01 3.591648638248443604e-01 8.703364133834838867e-01 2.116112112998962402e-01 1.938771456480026245e-04 -5.553103983402252197e-05 -3.708149492740631104e-02 -3.178675472736358643e-02 1.401657238602638245e-03 -1.700910329818725586e-01 2.203160524368286133e-02 3.640651702880859375e-03 -7.377904653549194336e-02
2.222222238779067993e-01 1.111111119389533997e-01 9.770948439836502075e-03 1.976666413247585297e-02 1.226828992366790771e-01 2.188857495784759521e-01 2.825987152755260468e-02 6.764907240867614746e-01 3.351877033710479736e-01 8.630257844924926758e-01 2.873768210411071777e-01 1.007898338139057159e-02 1.976716518402099609e-02 8.542072772979736328e-02 1.825238764286041260e-01 2.810446172952651978e-02 5.003563165664672852e-01 3.401230871677398682e-01 8.318766355514526367e-01 2.229052633047103882e-01 3.080349415540695190e-04 5.010515451431274414e-07 -3.726217150688171387e-02 -3.636187314987182617e-02 -1.554097980260848999e-04 -1.761344075202941895e-01 4.935383796691894531e-03 -3.114914894104003906e-02 -6.447155773639678955e-02
3.333333432674407959e-01 1.111111119389533997e-01 1.316436287015676498e-02 2.072950266301631927e-02 1.121711805462837219e-01 2.217943072319030762e-01 3.496995195746421814e-02 6.753002405166625977e-01 3.329732418060302734e-01 8.579144477844238281e-01 2.882634401321411133e-01 1.362254656851291656e-02 2.057625353336334229e-02 7.524999976158142090e-02 1.850523948669433594e-01 3.297708183526992798e-02 5.055142641067504883e-01 3.356194496154785156e-01 8.244113922119140625e-01 2.281938046216964722e-01 4.581836983561515808e-04 -1.532491296529769897e-04 -3.692118078470230103e-02 -3.674191236495971680e-02 -1.992870122194290161e-03 -1.697859764099121094e-01 2.646207809448242188e-03 -3.350305557250976562e-02 -6.006963551044464111e-02
4.444444477558135986e-01 1.111111119389533997e-01 1.496996171772480011e-02 2.112803980708122253e-02 9.492533653974533081e-02 2.160123586654663086e-01 3.757469728589057922e-02 6.699374318122863770e-01 3.315275609493255615e-01 8.537524342536926270e-01 2.876039445400238037e-01 1.538879610598087311e-02 2.054817974567413330e-02 5.965989828109741211e-02 1.828924715518951416e-01 3.691420704126358032e-02 5.123553872108459473e-01 3.380901515483856201e-01 8.313977122306823730e-01 2.295504361391067505e-01 4.188343882560729980e-04 -5.798600614070892334e-04 -3.526543825864791870e-02 -3.311988711357116699e-02 -6.604902446269989014e-04 -1.575820446014404297e-01 6.562590599060058594e-03 -2.235472202301025391e-02 -5.805350840091705322e-02
5.555555820465087891e-01 1.111111119389533997e-01 1.496995985507965088e-02 2.095914073288440704e-02 7.373087853193283081e-02 2.037989944219589233e-01 3.596707433462142944e-02 6.622116565704345703e-01 3.315276801586151123e-01 8.523445725440979004e-01 2.854802906513214111e-01 1.511211879551410675e-02 2.016527950763702393e-02 4.179942607879638672e-02 1.818369925022125244e-01 3.987561911344528198e-02 5.277460217475891113e-01 3.549427688121795654e-01 8.698242306709289551e-01 2.253021299839019775e-01 1.421589404344558716e-04 -7.938612252473831177e-04 -3.193145245313644409e-02 -2.196200191974639893e-02 3.908544778823852539e-03 -1.344656348228454590e-01 2.341508865356445312e-02 1.747965812683105469e-02 -6.017816066741943359e-02
6.666666865348815918e-01 1.111111119389533997e-01 1.316436100751161575e-02 2.030183561146259308e-02 5.216872319579124451e-02 1.884678602218627930e-01 3.032080642879009247e-02 6.557849049568176270e-01 3.329736888408660889e-01 8.543267250061035156e-01 2.828742265701293945e-01 1.294699497520923615e-02 1.979927718639373779e-02 2.424618415534496307e-02 1.826650798320770264e-01 3.855881839990615845e-02 5.537260174751281738e-01 3.861801624298095703e-01 9.400123357772827148e-01 2.170645445585250854e-01 -2.173660323023796082e-04 -5.025584250688552856e-04 -2.792253904044628143e-02 -5.802780389785766602e-03 8.238011971116065979e-03 -1.020588874816894531e-01 5.320647358894348145e-02 8.568561077117919922e-02 -6.580968201160430908e-02
7.777777910232543945e-01 1.111111119389533997e-01 9.770944714546203613e-03 1.928033865988254547e-02 3.368616476655006409e-02 1.730692386627197266e-01 2.108961716294288635e-02 6.554397940635681152e-01 3.351891338825225830e-01 8.591177463531494141e-01 2.815416753292083740e-01 9.373964741826057434e-03 1.921205222606658936e-02 8.718011900782585144e-03 1.861924529075622559e-01 3.110412508249282837e-02 5.883837342262268066e-01 4.305999577045440674e-01 1.038470149040222168e+00 2.058410197496414185e-01 -3.969799727201461792e-04 -6.828643381595611572e-05 -2.496815286576747894e-02 1.312321424484252930e-02 1.001450791954994202e-02 -6.705605983734130859e-02 9.541082382202148438e-02 1.793524026870727539e-01 -7.570065557956695557e-02
8.888888955116271973e-01 1.111111119389533997e-01 5.199010483920574188e-03 1.802804507315158844e-02 2.020761743187904358e-02 1.589052528142929077e-01 9.134397841989994049e-03 6.599991917610168457e-01 3.371373116970062256e-01 8.642541170120239258e-01 2.817537784576416016e-01 5.015702918171882629e-03 1.795527338981628418e-02 -4.174562171101570129e-03 1.958997249603271484e-01 1.497594267129898071e-02 6.334722042083740234e-01 4.964965283870697021e-01 1.180956840515136719e+00 1.892900466918945312e-01 -1.833075657486915588e-04 -7.277168333530426025e-05 -2.438217960298061371e-02 3.699447214603424072e-02 5.841544829308986664e-03 -2.652698755264282227e-02 1.593592166900634766e-01 3.167027235031127930e-01 -9.246373176574707031e-02
1.111111119389533997e-01 2.222222238779067993e-01 8.549579419195652008e-03 3.700836375355720520e-02 1.601393371820449829e-01 2.248333841562271118e-01 1.759892702102661133e-02 6.787198185920715332e-01 3.383609056472778320e-01 8.704370260238647461e-01 2.862552404403686523e-01 8.529091253876686096e-03 3.696870803833007812e-02 1.242875605821609497e-01 1.935766637325286865e-01 1.906452327966690063e-02 5.328481197357177734e-01 3.617953658103942871e-01 8.850699663162231445e-01 2.231637686491012573e-01 -2.048816531896591187e-05 -3.965571522712707520e-05 -3.585177659988403320e-02 -3.125672042369842529e-02 1.465596258640289307e-03 -1.458716988563537598e-01 2.343446016311645508e-02 1.463294029235839844e-02 -6.309147179126739502e-02
2.222222238779067993e-01 2.222222238779067993e-01 1.606795378029346466e-02 4.001965001225471497e-02 1.532635986804962158e-01 2.366030812263488770e-01 2.077314071357250214e-02 6.851307749748229980e-01 3.352167010307312012e-01 8.646354675292968750e-01 2.896665334701538086e-01 1.616079732775688171e-02 4.003496468067169189e-02 1.175659000873565674e-01 2.026191949844360352e-01 2.091557532548904419e-02 5.336967706680297852e-01 3.483557403087615967e-01 8.583191633224487305e-01 2.319578975439071655e-01 9.284354746341705322e-05 1.531466841697692871e-05 -3.569769859313964844e-02 -3.398388624191284180e-02 1.424346119165420532e-04 -1.514340043067932129e-01 1.313903927803039551e-02 -6.316304206848144531e-03 -5.770863592624664307e-02
3.333333432674407959e-01 2.222222238779067993e-01 2.164829708635807037e-02 4.188667237758636475e-02 1.330016851425170898e-01 2.344375848770141602e-01 2.123090066015720367e-02 6.828029751777648926e-01 3.313310146331787109e-01 8.555994629859924316e-01 2.911551296710968018e-01 2.189351059496402740e-02 4.161693155765533447e-02 9.695902466773986816e-02 1.990911662578582764e-01 1.919487863779067993e-02 5.259015560150146484e-01 3.351702988147735596e-01 8.293272256851196289e-01 2.371728718280792236e-01 2.452135086059570312e-04 -2.697408199310302734e-04 -3.604266047477722168e-02 -3.534641861915588379e-02 -2.036022022366523743e-03 -1.569014191627502441e-01 3.839284181594848633e-03 -2.627223730087280273e-02 -5.398225784301757812e-02
4.444444477558135986e-01 2.222222238779067993e-01 2.461753226816654205e-02 4.242497682571411133e-02 1.019695773720741272e-01 2.195290029048919678e-01 1.957229152321815491e-02 6.704893708229064941e-01 3.287535607814788818e-01 8.477110862731933594e-01 2.892805039882659912e-01 2.484458871185779572e-02 4.167327284812927246e-02 6.590664386749267578e-02 1.841916143894195557e-01 1.699949055910110474e-02 4.987740814685821533e-01 3.302911818027496338e-01 8.117022514343261719e-01 2.287675887346267700e-01 2.270564436912536621e-04 -7.517039775848388672e-04 -3.606293350458145142e-02 -3.533738851547241211e-02 -2.572800964117050171e-03 -1.717152893543243408e-01 1.537621021270751953e-03 -3.600883483886718750e-02 -6.051291525363922119e-02
5.555555820465087891e-01 2.222222238779067993e-01 2.461753226816654205e-02 4.174938052892684937e-02 6.389926373958587646e-02 1.954201012849807739e-01 1.638724841177463531e-02 6.411066055297851562e-01 3.288202583789825439e-01 8.424340486526489258e-01 2.809948027133941650e-01 2.467678673565387726e-02 4.085186123847961426e-02 3.021457605063915253e-02 1.693559587001800537e-01 1.581703871488571167e-02 4.657275974750518799e-01 3.438493311405181885e-01 8.278198838233947754e-01 2.037539035081863403e-01 5.925446748733520508e-05 -8.975192904472351074e-04 -3.368468582630157471e-02 -2.606414258480072021e-02 -5.702096968889236450e-04 -1.753790080547332764e-01 1.502907276153564453e-02 -1.461416482925415039e-02 -7.724089920520782471e-02
6.666666865348815918e-01 2.222222238779067993e-01 2.164829522371292114e-02 4.017600417137145996e-02 2.741012349724769592e-02 1.707857847213745117e-01 1.198695413768291473e-02 6.092614531517028809e-01 3.315677940845489502e-01 8.419670462608337402e-01 2.696755230426788330e-01 2.158600278198719025e-02 3.961539268493652344e-02 -9.988564997911453247e-04 1.614447236061096191e-01 1.437061280012130737e-02 4.521075785160064697e-01 3.747943639755249023e-01 8.809493184089660645e-01 1.752434968948364258e-01 -6.229244172573089600e-05 -5.606114864349365234e-04 -2.840897999703884125e-02 -9.341061115264892578e-03 2.383658662438392639e-03 -1.571538746356964111e-01 4.322656989097595215e-02 3.898227214813232422e-02 -9.443202614784240723e-02
7.777777910232543945e-01 2.222222238779067993e-01 1.606794819235801697e-02 3.807435184717178345e-02 2.176783978939056396e-03 1.546825617551803589e-01 6.441341247409582138e-03 6.224513649940490723e-01 3.357439935207366943e-01 8.537335991859436035e-01 2.714055478572845459e-01 1.614792831242084503e-02 3.792887926101684570e-02 -1.878372021019458771e-02 1.672485172748565674e-01 1.104057580232620239e-02 5.419759154319763184e-01 4.149391055107116699e-01 9.917271137237548828e-01 1.950272917747497559e-01 7.998012006282806396e-05 -1.454725861549377441e-04 -2.096050418913364410e-02 1.256595551967620850e-02 4.599234554916620255e-03 -8.047544956207275391e-02 7.919511198997497559e-02 1.379935145378112793e-01 -7.637825608253479004e-02
8.888888955116271973e-01 2.222222238779067993e-01 8.549575693905353546e-03 3.573866188526153564e-02 -1.443383097648620605e-02 1.428913325071334839e-01 -1.595416542841121554e-04 6.499303579330444336e-01 3.394104242324829102e-01 8.672623634338378906e-01 2.776012122631072998e-01 9.126635268330574036e-03 3.568077087402343750e-02 -2.832097001373767853e-02 1.860262453556060791e-01 3.318645060062408447e-03 7.143971323966979980e-01 4.747479856014251709e-01 1.165965676307678223e+00 2.279837727546691895e-01 5.770595744252204895e-04 -5.789101123809814453e-05 -1.388713903725147247e-02 4.313491284847259521e-02 3.478186670690774918e-03 6.446677446365356445e-02 1.353375613689422607e-01 2.987033128738403320e-01 -4.961743950843811035e-02
1.111111119389533997e-01 3.333333432674407959e-01 9.873271919786930084e-03 5.598868429660797119e-02 1.754754185676574707e-01 2.310776114463806152e-01 1.698016747832298279e-02 6.830290555953979492e-01 3.194404244422912598e-01 8.290737271308898926e-01 2.976968288421630859e-01 9.983258321881294250e-03 5.593644082546234131e-02 1.448239982128143311e-01 2.006517052650451660e-01 1.852110773324966431e-02 5.711272358894348145e-01 3.134135007858276367e-01 7.948463559150695801e-01 2.680474817752838135e-01 1.099864020943641663e-04 -5.224347114562988281e-05 -3.065142035484313965e-02 -3.042590618133544922e-02 1.540940254926681519e-03 -1.119018197059631348e-01 -6.026923656463623047e-03 -3.422737121582031250e-02 -2.964934706687927246e-02
2.222222238779067993e-01 3.333333432674407959e-01 1.855568028986454010e-02 6.075897067785263062e-02 1.680027097463607788e-01 2.445410341024398804e-01 1.293124724179506302e-02 6.916645169258117676e-01 3.205935060977935791e-01 8.330686092376708984e-01 2.992599606513977051e-01 1.858312822878360748e-02 6.083400547504425049e-02 1.364527642726898193e-01 2.122048735618591309e-01 1.300404220819473267e-02 5.725589990615844727e-01 3.124143481254577637e-01 7.930090427398681641e-01 2.691623568534851074e-01 2.744793891906738281e-05 7.503479719161987305e-05 -3.154994547367095947e-02 -3.233616054058074951e-02 7.279496639966964722e-05 -1.191055178642272949e-01 -8.179157972335815430e-03 -4.005956649780273438e-02 -3.009760379791259766e-02
3.333333432674407959e-01 3.333333432674407959e-01 2.500000223517417908e-02 6.347151100635528564e-02 1.437417119741439819e-01 2.403262406587600708e-01 6.981687620282173157e-03 6.883466839790344238e-01 3.201491236686706543e-01 8.315324783325195312e-01 2.986643314361572266e-01 2.484414167702198029e-02 6.329254806041717529e-02 1.116802394390106201e-01 2.064831256866455078e-01 5.756683647632598877e-03 5.591443777084350586e-01 3.063500523567199707e-01 7.771238088607788086e-01 2.683592140674591064e-01 -1.558605581521987915e-04 -1.789629459381103516e-04 -3.206147253513336182e-02 -3.384311497211456299e-02 -1.225003972649574280e-03 -1.292023062705993652e-01 -1.379907131195068359e-02 -5.440866947174072266e-02 -3.030511736869812012e-02
4.444444477558135986e-01 3.333333432674407959e-01 2.842895314097404480e-02 6.389081478118896484e-02 1.052174940705299377e-01 2.194444239139556885e-01 9.852466173470020294e-04 6.672764420509338379e-01 3.204940855503082275e-01 8.287920951843261719e-01 2.929913103580474854e-01 2.797106094658374786e-02 6.331326067447662354e-02 7.150852680206298828e-02 1.842707991600036621e-01 -9.514912962913513184e-04 5.085900425910949707e-01 3.047789931297302246e-01 7.621035575866699219e-01 2.502560913562774658e-01 -4.578921943902969360e-04 -5.775541067123413086e-04 -3.370896726846694946e-02 -3.517362475395202637e-02 -1.936737913638353348e-03 -1.586863994598388672e-01 -1.571509242057800293e-02 -6.668853759765625000e-02 -4.273521900177001953e-02
5.555555820465087891e-01 3.333333432674407959e-01 2.842894941568374634e-02 6.237072870135307312e-02 5.445099622011184692e-02 1.841934621334075928e-01 -3.710692515596747398e-03 5.978924632072448730e-01 3.234179317951202393e-01 8.220330476760864258e-01 2.708525955677032471e-01 2.776079811155796051e-02 6.172133982181549072e-02 1.936283521354198456e-02 1.566785573959350586e-01 -6.009824573993682861e-03 4.018772840499877930e-01 3.351968824863433838e-01 7.868312597274780273e-01 1.736851334571838379e-01 -6.681513041257858276e-04 -6.493888795375823975e-04 -3.508815914392471313e-02 -2.751490473747253418e-02 -2.299132058396935463e-03 -1.960151791572570801e-01 1.177895069122314453e-02 -3.520178794860839844e-02 -9.716746211051940918e-02
6.666666865348815918e-01 3.333333432674407959e-01 2.500000037252902985e-02 5.962250754237174988e-02 7.967282086610794067e-03 1.517322510480880737e-01 -6.607891991734504700e-03 5.153606534004211426e-01 3.290734589099884033e-01 8.139718174934387207e-01 2.367630600929260254e-01 2.448040433228015900e-02 5.925406515598297119e-02 -2.635610289871692657e-02 1.412169933319091797e-01 -8.766584098339080811e-03 3.062900900840759277e-01 3.845846056938171387e-01 8.133385777473449707e-01 5.742472037672996521e-02 -5.195960402488708496e-04 -3.684423863887786865e-04 -3.432338684797286987e-02 -1.051525771617889404e-02 -2.158692106604576111e-03 -2.090705633163452148e-01 5.551114678382873535e-02 -6.332397460937500000e-04 -1.793383359909057617e-01
7.777777910232543945e-01 3.333333432674407959e-01 1.855567470192909241e-02 5.638204142451286316e-02 -1.531005650758743286e-02 1.406071782112121582e-01 -8.009299635887145996e-03 5.608739852905273438e-01 3.359513282775878906e-01 8.401167392730712891e-01 2.503548562526702881e-01 1.866981573402881622e-02 5.630004405975341797e-02 -4.566001892089843750e-02 1.527032256126403809e-01 -1.095648854970932007e-02 3.781127631664276123e-01 4.394657313823699951e-01 9.502507448196411133e-01 8.114314079284667969e-02 1.141410320997238159e-04 -8.199736475944519043e-05 -3.034996241331100464e-02 1.209604740142822266e-02 -2.947188913822174072e-03 -1.827612221240997314e-01 1.035144031047821045e-01 1.101340055465698242e-01 -1.692117154598236084e-01
8.888888955116271973e-01 3.333333432674407959e-01 9.873267263174057007e-03 5.313185602426528931e-02 -2.971149981021881104e-02 1.345020532608032227e-01 -8.734902366995811462e-03 6.358060836791992188e-01 3.416403830051422119e-01 8.692317605018615723e-01 2.721444070339202881e-01 1.097649522125720978e-02 5.314405262470245361e-02 -5.257013440132141113e-02 1.791644692420959473e-01 -1.212388277053833008e-02 6.243023872375488281e-01 4.994428753852844238e-01 1.182890534400939941e+00 1.842100471258163452e-01 1.103227958083152771e-03 1.219660043716430664e-05 -2.285863459110260010e-02 4.466241598129272461e-02 -3.388980403542518616e-03 -1.150369644165039062e-02 1.578024923801422119e-01 3.136587738990783691e-01 -8.793435990810394287e-02
1.111111119389533997e-01 4.444444477558135986e-01 9.356226772069931030e-03 7.528643310070037842e-02 1.741465926170349121e-01 2.356242686510086060e-01 1.949526928365230560e-02 6.921546459197998047e-01 3.257948458194732666e-01 8.448314666748046875e-01 2.965696752071380615e-01 9.846409782767295837e-03 7.519504427909851074e-02 1.363929510116577148e-01 2.080540060997009277e-01 2.422509342432022095e-02 5.529281497001647949e-01 3.738041222095489502e-01 9.151785373687744141e-01 2.241418212652206421e-01 4.901830106973648071e-04 -9.138882160186767578e-05 -3.775364160537719727e-02 -2.757026255130767822e-02 4.729824140667915344e-03 -1.392264962196350098e-01 4.800927639007568359e-02 7.034707069396972656e-02 -7.242785394191741943e-02
2.222222238779067993e-01 4.444444477558135986e-01 1.758395321667194366e-02 8.198460936546325684e-02 1.687992513179779053e-01 2.498263120651245117e-01 8.009478449821472168e-03 7.019767165184020996e-01 3.180404305458068848e-01 8.289345502853393555e-01 3.031904101371765137e-01 1.778550259768962860e-02 8.216355741024017334e-02 1.296864748001098633e-01 2.196254730224609375e-01 9.198047220706939697e-03 5.679308176040649414e-01 3.408224880695343018e-01 8.520295023918151855e-01 2.499608546495437622e-01 2.015493810176849365e-04 1.789480447769165039e-04 -3.911277651786804199e-02 -3.020083904266357422e-02 1.188568770885467529e-03 -1.340458989143371582e-01 2.278205752372741699e-02 2.309495210647583008e-02 -5.322955548763275146e-02
3.333333432674407959e-01 4.444444477558135986e-01 2.369079552590847015e-02 8.548400551080703735e-02 1.459837704896926880e-01 2.439892441034317017e-01 -4.369670525193214417e-03 6.983936429023742676e-01 3.119868338108062744e-01 8.146530389785766602e-01 3.055888712406158447e-01 2.338279224932193756e-02 8.556717634201049805e-02 1.064572930335998535e-01 2.107421457767486572e-01 -4.982493817806243896e-03 5.557562112808227539e-01 3.147704899311065674e-01 7.943439483642578125e-01 2.617828249931335449e-01 -3.080032765865325928e-04 8.317083120346069336e-05 -3.952647745609283447e-02 -3.324709832668304443e-02 -6.128232926130294800e-04 -1.426374316215515137e-01 2.783656120300292969e-03 -2.030909061431884766e-02 -4.380604624748229980e-02
4.444444477558135986e-01 4.444444477558135986e-01 2.694017812609672546e-02 8.552554994821548462e-02 1.087772920727729797e-01 2.203150093555450439e-01 -1.457812078297138214e-02 6.791164278984069824e-01 3.088845014572143555e-01 8.046584129333496094e-01 3.025231659412384033e-01 2.605697698891162872e-02 8.534893393516540527e-02 6.862214207649230957e-02 1.859012842178344727e-01 -1.509197801351547241e-02 5.038580894470214844e-01 3.100425899028778076e-01 7.718182802200317383e-01 2.446971982717514038e-01 -8.832011371850967407e-04 -1.766160130500793457e-04 -4.015514999628067017e-02 -3.441372513771057129e-02 -5.138572305440902710e-04 -1.752583384513854980e-01 1.158088445663452148e-03 -3.284013271331787109e-02 -5.782596766948699951e-02
5.555555820465087891e-01 4.444444477558135986e-01 2.694017626345157623e-02 8.282317221164703369e-02 6.188413500785827637e-02 1.858423054218292236e-01 -2.082047425210475922e-02 6.313620805740356445e-01 3.126539289951324463e-01 8.050701022148132324e-01 2.874779701232910156e-01 2.573506720364093781e-02 8.258746564388275146e-02 2.117851190268993378e-02 1.592552959918975830e-01 -2.298679202795028687e-02 4.126822054386138916e-01 3.406899869441986084e-01 8.015081286430358887e-01 1.763013005256652832e-01 -1.205109059810638428e-03 -2.357065677642822266e-04 -4.070562124252319336e-02 -2.658700942993164062e-02 -2.166317775845527649e-03 -2.186798751354217529e-01 2.803605794906616211e-02 -3.561973571777343750e-03 -1.111766695976257324e-01
6.666666865348815918e-01 4.444444477558135986e-01 2.369079366326332092e-02 7.864134013652801514e-02 1.822815090417861938e-02 1.551354378461837769e-01 -2.253338508307933807e-02 5.789321064949035645e-01 3.225668668746948242e-01 8.161254525184631348e-01 2.650485634803771973e-01 2.270384319126605988e-02 7.854469120502471924e-02 -2.098548598587512970e-02 1.462231278419494629e-01 -2.668572217226028442e-02 3.332915008068084717e-01 3.972356617450714111e-01 8.528729677200317383e-01 7.351000607013702393e-02 -9.869504719972610474e-04 -9.664893150329589844e-05 -3.921363502740859985e-02 -8.912310004234313965e-03 -4.152337089180946350e-03 -2.456406056880950928e-01 7.466879487037658691e-02 3.674751520156860352e-02 -1.915385574102401733e-01
7.777777910232543945e-01 4.444444477558135986e-01 1.758394762873649597e-02 7.420340180397033691e-02 -9.247064590454101562e-03 1.410590857267379761e-01 -2.025571092963218689e-02 6.016888618469238281e-01 3.354475498199462891e-01 8.486351370811462402e-01 2.649296820163726807e-01 1.743014343082904816e-02 7.422076165676116943e-02 -4.566071927547454834e-02 1.558479070663452148e-01 -2.784331887960433960e-02 3.834474384784698486e-01 4.684448242187500000e-01 9.986585378646850586e-01 6.592982262372970581e-02 -1.538041979074478149e-04 1.735985279083251953e-05 -3.641365468502044678e-02 1.478882133960723877e-02 -7.587607949972152710e-03 -2.182414233684539795e-01 1.329972743988037109e-01 1.500234007835388184e-01 -1.989998519420623779e-01
8.888888955116271973e-01 4.444444477558135986e-01 9.356222115457057953e-03 7.020761817693710327e-02 -2.641450613737106323e-02 1.355322897434234619e-01 -1.568151824176311493e-02 6.472718119621276855e-01 3.475084304809570312e-01 8.842749595642089844e-01 2.723071575164794922e-01 1.042582280933856964e-02 7.028928399085998535e-02 -5.864472687244415283e-02 1.793005168437957764e-01 -2.513267844915390015e-02 5.493113994598388672e-01 5.349853634834289551e-01 1.211616873741149902e+00 1.323831379413604736e-01 1.069600693881511688e-03 8.166581392288208008e-05 -3.223022073507308960e-02 4.376822710037231445e-02 -9.451160207390785217e-03 -9.796041250228881836e-02 1.874769330024719238e-01 3.273419141769409180e-01 -1.399240195751190186e-01
1.111111119389533997e-01 5.555555820465087891e-01 7.484979461878538132e-03 9.490160644054412842e-02 1.968583166599273682e-01 2.933504283428192139e-01 3.163376078009605408e-02 8.685744404792785645e-01 4.256051778793334961e-01 1.097547769546508789e+00 2.893967032432556152e-01 8.121268823742866516e-03 9.474533796310424805e-02 1.625204682350158691e-01 2.701179981231689453e-01 3.695140033960342407e-02 7.441810369491577148e-01 4.708597958087921143e-01 1.166546225547790527e+00 2.387405037879943848e-01 6.362893618643283844e-04 -1.562684774398803711e-04 -3.433784842491149902e-02 -2.323243021965026855e-02 5.317639559507369995e-03 -1.243934035301208496e-01 4.525461792945861816e-02 6.899845600128173828e-02 -5.065619945526123047e-02
2.222222238779067993e-01 5.555555820465087891e-01 1.406716089695692062e-02 1.036965698003768921e-01 1.937155425548553467e-01 3.167869150638580322e-01 8.819379843771457672e-03 8.783982992172241211e-01 4.245930016040802002e-01 1.097022533416748047e+00 2.918517589569091797e-01 1.438186876475811005e-02 1.039970815181732178e-01 1.582007706165313721e-01 2.895966172218322754e-01 1.027403026819229126e-02 7.599518299102783203e-01 4.365599155426025391e-01 1.099198698997497559e+00 2.589323520660400391e-01 3.147078678011894226e-04 3.005117177963256836e-04 -3.551477193832397461e-02 -2.719029784202575684e-02 1.454650424420833588e-03 -1.184464693069458008e-01 1.196691393852233887e-02 2.176165580749511719e-03 -3.291940689086914062e-02
3.333333432674407959e-01 5.555555820465087891e-01 1.895263418555259705e-02 1.079241782426834106e-01 1.704490035772323608e-01 3.135376274585723877e-01 -1.588157005608081818e-02 8.749706149101257324e-01 4.220660030841827393e-01 1.090804815292358398e+00 2.922206819057464600e-01 1.871794275939464569e-02 1.083549559116363525e-01 1.341373771429061890e-01 2.801762223243713379e-01 -1.550628989934921265e-02 7.400858402252197266e-01 4.117734730243682861e-01 1.042058229446411133e+00 2.653294503688812256e-01 -2.346914261579513550e-04 4.307776689529418945e-04 -3.631162643432617188e-02 -3.336140513420104980e-02 3.752801567316055298e-04 -1.348847746849060059e-01 -1.029253005981445312e-02 -4.874658584594726562e-02 -2.689123153686523438e-02
4.444444477558135986e-01 5.555555820465087891e-01 2.155214175581932068e-02 1.073291972279548645e-01 1.333785653114318848e-01 2.815499007701873779e-01 -3.393103182315826416e-02 8.595285415649414062e-01 4.003461897373199463e-01 1.039627909660339355e+00 2.984111905097961426e-01 2.075176872313022614e-02 1.076180934906005859e-01 9.589023888111114502e-02 2.478517889976501465e-01 -3.324183076620101929e-02 6.943452358245849609e-01 3.935056924819946289e-01 9.929408431053161621e-01 2.616601288318634033e-01 -8.003730326890945435e-04 2.888962626457214355e-04 -3.748832643032073975e-02 -3.369811177253723145e-02 6.892010569572448730e-04 -1.651833057403564453e-01 -6.840497255325317383e-03 -4.668706655502319336e-02 -3.675106167793273926e-02
5.555555820465087891e-01 5.555555820465087891e-01 2.155213989317417145e-02 1.031067222356796265e-01 8.897254616022109985e-02 2.394276857376098633e-01 -4.232584685087203979e-02 8.372817039489746094e-01 3.883102238178253174e-01 1.008954763412475586e+00 2.991606593132019043e-01 2.045494876801967621e-02 1.032653450965881348e-01 5.224156379699707031e-02 2.160024046897888184e-01 -4.476537555456161499e-02 6.439015269279479980e-01 4.165547192096710205e-01 1.027987837791442871e+00 2.339169234037399292e-01 -1.097191125154495239e-03 1.586228609085083008e-04 -3.673098236322402954e-02 -2.342528104782104492e-02 -2.439528703689575195e-03 -1.933801770210266113e-01 2.824449539184570312e-02 1.903307437896728516e-02 -6.524373590946197510e-02
6.666666865348815918e-01 5.555555820465087891e-01 1.895263232290744781e-02 9.723251312971115112e-02 4.707835614681243896e-02 2.011566609144210815e-01 -4.143312573432922363e-02 8.187743425369262695e-01 3.856348693370819092e-01 9.999201893806457520e-01 2.964599132537841797e-01 1.804843731224536896e-02 9.735329449176788330e-02 1.309454999864101410e-02 1.956126391887664795e-01 -4.822169989347457886e-02 6.115494966506958008e-01 4.640269279479980469e-01 1.111065387725830078e+00 1.971993446350097656e-01 -9.041950106620788574e-04 1.207813620567321777e-04 -3.398380428552627563e-02 -5.544021725654602051e-03 -6.788574159145355225e-03 -2.072248458862304688e-01 7.839205861091613770e-02 1.111451983451843262e-01 -9.926056861877441406e-02
7.777777910232543945e-01 5.555555820465087891e-01 1.406715530902147293e-02 9.153844416141510010e-02 1.599524915218353271e-02 1.755046993494033813e-01 -3.328879177570343018e-02 8.177821636199951172e-01 3.862319588661193848e-01 1.001093149185180664e+00 2.959739565849304199e-01 1.388088800013065338e-02 9.162025153636932373e-02 -1.406042464077472687e-02 1.941569447517395020e-01 -4.422958940267562866e-02 6.486080884933471680e-01 5.241857171058654785e-01 1.238828897476196289e+00 1.816698759794235229e-01 -1.862673088908195496e-04 8.180737495422363281e-05 -3.005567379295825958e-02 1.865224540233612061e-02 -1.094079762697219849e-02 -1.691740751266479492e-01 1.379537582397460938e-01 2.377357482910156250e-01 -1.143040806055068970e-01
8.888888955116271973e-01 5.555555820465087891e-01 7.484976202249526978e-03 8.696596324443817139e-02 -1.536905765533447266e-03 1.643528044223785400e-01 -2.204570733010768890e-02 8.309124708175659180e-01 3.875875174999237061e-01 1.006296873092651367e+00 2.981542646884918213e-01 8.330525830388069153e-03 8.707216382026672363e-02 -2.897323481738567352e-02 2.063186764717102051e-01 -3.400846570730209351e-02 7.486377954483032227e-01 5.760056972503662109e-01 1.375296831130981445e+00 1.938223689794540405e-01 8.455496281385421753e-04 1.062005758285522461e-04 -2.743632905185222626e-02 4.196587204933166504e-02 -1.196275837719440460e-02 -8.227467536926269531e-02 1.884181797504425049e-01 3.689999580383300781e-01 -1.043318957090377808e-01
1.111111119389533997e-01 6.666666865348815918e-01 4.936635494232177734e-03 1.148342117667198181e-01 1.977649331092834473e-01 3.202438354492187500e-01 4.330871626734733582e-02 1.011513113975524902e+00 4.430852234363555908e-01 1.159894824028015137e+00 3.088845312595367432e-01 5.262063816189765930e-03 1.145800948143005371e-01 1.624888330698013306e-01 3.029475212097167969e-01 5.160705000162124634e-02 8.724520206451416016e-01 5.142937898635864258e-01 1.289502382278442383e+00 2.536631524562835693e-01 3.254283219575881958e-04 -2.541169524192810059e-04 -3.527610003948211670e-02 -1.729631423950195312e-02 8.298333734273910522e-03 -1.390610933303833008e-01 7.120856642723083496e-02 1.296075582504272461e-01 -5.522137880325317383e-02
2.222222238779067993e-01 6.666666865348815918e-01 9.277840144932270050e-03 1.258948594331741333e-01 2.003410160541534424e-01 3.561111688613891602e-01 1.360484957695007324e-02 1.020152211189270020e+00 4.657174050807952881e-01 1.212624073028564453e+00 3.018883764743804932e-01 9.485678747296333313e-03 1.262678802013397217e-01 1.626273989677429199e-01 3.320161104202270508e-01 1.611343771219253540e-02 8.879861831665039062e-01 5.018616318702697754e-01 1.266911983489990234e+00 2.622125148773193359e-01 2.078386023640632629e-04 3.730207681655883789e-04 -3.771361708641052246e-02 -2.409505844116210938e-02 2.508588135242462158e-03 -1.321660280227661133e-01 3.614422678947448730e-02 5.428791046142578125e-02 -3.967586159706115723e-02
3.333333432674407959e-01 6.666666865348815918e-01 1.250000018626451492e-02 1.307920217514038086e-01 1.814370900392532349e-01 3.623705804347991943e-01 -2.258942835032939911e-02 1.017151594161987305e+00 4.888442158699035645e-01 1.264033913612365723e+00 2.928800880908966064e-01 1.240732893347740173e-02 1.315119713544845581e-01 1.424566060304641724e-01 3.284039497375488281e-01 -2.036770433187484741e-02 8.630098700523376465e-01 4.892060458660125732e-01 1.234378218650817871e+00 2.616137266159057617e-01 -9.267125278711318970e-05 7.199496030807495117e-04 -3.898048400878906250e-02 -3.396663069725036621e-02 2.221724018454551697e-03 -1.541417241096496582e-01 3.618299961090087891e-04 -2.965569496154785156e-02 -3.126636147499084473e-02
4.444444477558135986e-01 6.666666865348815918e-01 1.421447470784187317e-02 1.293017268180847168e-01 1.529332250356674194e-01 3.227280974388122559e-01 -4.736566543579101562e-02 1.003909587860107422e+00 4.453314244747161865e-01 1.163894295692443848e+00 3.067730665206909180e-01 1.381414942443370819e-02 1.299266517162322998e-01 1.128177046775817871e-01 2.918186187744140625e-01 -4.702081531286239624e-02 8.305646777153015137e-01 4.594025313854217529e-01 1.163659453392028809e+00 2.664922773838043213e-01 -4.003252834081649780e-04 6.249248981475830078e-04 -4.011552035808563232e-02 -3.090947866439819336e-02 3.448501229286193848e-04 -1.733449101448059082e-01 1.407110691070556641e-02 -2.348423004150390625e-04 -4.028078913688659668e-02
5.555555820465087891e-01 6.666666865348815918e-01 1.421447470784187317e-02 1.232213601469993591e-01 1.144358813762664795e-01 2.746795415878295898e-01 -5.768366158008575439e-02 9.865901470184326172e-01 4.258495569229125977e-01 1.116856217384338379e+00 3.113272190093994141e-01 1.368378661572933197e-02 1.235892027616500854e-01 7.618908584117889404e-02 2.565008401870727539e-01 -6.288205832242965698e-02 8.026041388511657715e-01 4.776023924350738525e-01 1.195644736289978027e+00 2.517155706882476807e-01 -5.306880921125411987e-04 3.678426146507263184e-04 -3.824679553508758545e-02 -1.817870140075683594e-02 -5.198396742343902588e-03 -1.839860081672668457e-01 5.175283551216125488e-02 7.878851890563964844e-02 -5.961164832115173340e-02
6.666666865348815918e-01 6.666666865348815918e-01 1.249999832361936569e-02 1.153960153460502625e-01 7.625566422939300537e-02 2.336207181215286255e-01 -5.551856011152267456e-02 9.732995033264160156e-01 4.271129071712493896e-01 1.117826700210571289e+00 3.085846602916717529e-01 1.213656552135944366e-02 1.155875176191329956e-01 4.114014655351638794e-02 2.327602505683898926e-01 -6.627693027257919312e-02 7.897383570671081543e-01 5.298894643783569336e-01 1.299113512039184570e+00 2.258345633745193481e-01 -3.634328022599220276e-04 1.915022730827331543e-04 -3.511551767587661743e-02 -8.604675531387329102e-04 -1.075837016105651855e-02 -1.835611462593078613e-01 1.027765572071075439e-01 1.812868118286132812e-01 -8.275009691715240479e-02
7.777777910232543945e-01 6.666666865348815918e-01 9.277836419641971588e-03 1.083871573209762573e-01 4.844866320490837097e-02 2.071126997470855713e-01 -4.270091280341148376e-02 9.703375697135925293e-01 4.307163655757904053e-01 1.125603675842285156e+00 3.066645860671997070e-01 9.374247863888740540e-03 1.084571033716201782e-01 1.634303666651248932e-02 2.283176183700561523e-01 -5.688901990652084351e-02 8.287006616592407227e-01 5.933731794357299805e-01 1.437114477157592773e+00 2.109703123569488525e-01 9.641144424676895142e-05 6.994605064392089844e-05 -3.210562467575073242e-02 2.120491862297058105e-02 -1.418810710310935974e-02 -1.416369080543518066e-01 1.626568138599395752e-01 3.115108013153076172e-01 -9.569427371025085449e-02
8.888888955116271973e-01 6.666666865348815918e-01 4.936633165925741196e-03 1.034068763256072998e-01 3.489273041486740112e-02 1.985883116722106934e-01 -2.583448775112628937e-02 9.790291190147399902e-01 4.327132999897003174e-01 1.131446838378906250e+00 3.073862493038177490e-01 5.624139681458473206e-03 1.034556478261947632e-01 3.679277375340461731e-03 2.361968159675598145e-01 -3.797554224729537964e-02 8.964642882347106934e-01 6.362206339836120605e-01 1.543517112731933594e+00 2.130361050367355347e-01 6.875065155327320099e-04 4.877150058746337891e-05 -3.121345303952693939e-02 3.760850429534912109e-02 -1.214105449616909027e-02 -8.256483078002929688e-02 2.035073339939117432e-01 4.120702743530273438e-01 -9.435014426708221436e-02
1.111111119389533997e-01 7.777777910232543945e-01 2.442736178636550903e-03 1.350842267274856567e-01 1.655221432447433472e-01 3.092311918735504150e-01 5.742374435067176819e-02 1.011966705322265625e+00 4.419253170490264893e-01 1.157310366630554199e+00 3.093958497047424316e-01 2.247387543320655823e-03 1.346752494573593140e-01 1.351821869611740112e-01 2.990625500679016113e-01 6.852767616510391235e-02 8.793148398399353027e-01 5.218396782875061035e-01 1.306972861289978027e+00 2.522743642330169678e-01 -1.953486353158950806e-04 -4.089772701263427734e-04 -3.033995628356933594e-02 -1.016864180564880371e-02 1.110393181443214417e-02 -1.326518654823303223e-01 7.991436123847961426e-02 1.496624946594238281e-01 -5.712148547172546387e-02
2.222222238779067993e-01 7.777777910232543945e-01 4.590842407196760178e-03 1.485794633626937866e-01 1.743043512105941772e-01 3.503247797489166260e-01 2.336815744638442993e-02 1.018378853797912598e+00 4.652641415596008301e-01 1.211321353912353516e+00 3.017566204071044922e-01 4.611970856785774231e-03 1.488584876060485840e-01 1.412649303674697876e-01 3.307628333568572998e-01 2.762667089700698853e-02 8.917641639709472656e-01 5.075966715812683105e-01 1.279940366744995117e+00 2.607849538326263428e-01 2.112844958901405334e-05 2.790242433547973633e-04 -3.303942084312438965e-02 -1.956194639205932617e-02 4.258513450622558594e-03 -1.266146898269653320e-01 4.233253002166748047e-02 6.861901283264160156e-02 -4.097166657447814941e-02
3.333333432674407959e-01 7.777777910232543945e-01 6.185225211083889008e-03 1.540875136852264404e-01 1.646952480077743530e-01 3.607938587665557861e-01 -1.963832601904869080e-02 1.016152024269104004e+00 4.893527328968048096e-01 1.264995217323303223e+00 2.925187349319458008e-01 6.245283409953117371e-03 1.548372507095336914e-01 1.311422586441040039e-01 3.258931040763854980e-01 -1.734926551580429077e-02 8.706331253051757812e-01 4.884033203125000000e-01 1.234389543533325195e+00 2.636988759040832520e-01 6.005819886922836304e-05 7.497370243072509766e-04 -3.355298936367034912e-02 -3.490075469017028809e-02 2.289060503244400024e-03 -1.455188989639282227e-01 -9.494125843048095703e-04 -3.060567378997802734e-02 -2.881985902786254883e-02
4.444444477558135986e-01 7.777777910232543945e-01 7.033578585833311081e-03 1.514431536197662354e-01 1.477824300527572632e-01 3.235862851142883301e-01 -5.039503425359725952e-02 1.006327986717224121e+00 4.481666982173919678e-01 1.170708894729614258e+00 3.061087727546691895e-01 7.073534652590751648e-03 1.520665436983108521e-01 1.169559359550476074e-01 2.984481453895568848e-01 -5.156119912862777710e-02 8.716785907745361328e-01 4.690138697624206543e-01 1.193062543869018555e+00 2.718840837478637695e-01 3.995606675744056702e-05 6.233900785446166992e-04 -3.082649409770965576e-02 -2.513813972473144531e-02 -1.166164875030517578e-03 -1.346493959426879883e-01 2.084717154502868652e-02 2.235364913940429688e-02 -3.422468900680541992e-02
5.555555820465087891e-01 7.777777910232543945e-01 7.033577654510736465e-03 1.431671082973480225e-01 1.202568635344505310e-01 2.772948145866394043e-01 -6.293251365423202515e-02 9.935035109519958496e-01 4.298925399780273438e-01 1.127109527587890625e+00 3.109200596809387207e-01 7.097801193594932556e-03 1.434246599674224854e-01 9.167754650115966797e-02 2.653077840805053711e-01 -7.027270644903182983e-02 8.713781833648681641e-01 4.843372106552124023e-01 1.225884318351745605e+00 2.655276954174041748e-01 6.422353908419609070e-05 2.575516700744628906e-04 -2.857931703329086304e-02 -1.198703050613403320e-02 -7.340192794799804688e-03 -1.221253275871276855e-01 5.444467067718505859e-02 9.877479076385498047e-02 -4.539236426353454590e-02
6.666666865348815918e-01 7.777777910232543945e-01 6.185224745422601700e-03 1.331318467855453491e-01 9.227018058300018311e-02 2.380437552928924561e-01 -5.949009954929351807e-02 9.836792945861816406e-01 4.314952790737152100e-01 1.129353761672973633e+00 3.086514174938201904e-01 6.369160488247871399e-03 1.331940889358520508e-01 6.509609520435333252e-02 2.421531975269317627e-01 -7.240011543035507202e-02 8.737012743949890137e-01 5.361522436141967773e-01 1.335315108299255371e+00 2.452761530876159668e-01 1.839357428252696991e-04 6.224215030670166016e-05 -2.717408537864685059e-02 4.109442234039306641e-03 -1.291001588106155396e-02 -1.099780201911926270e-01 1.046569645404815674e-01 2.059613466262817383e-01 -6.337526440620422363e-02
7.777777910232543945e-01 7.777777910232543945e-01 4.590841010212898254e-03 1.247495487332344055e-01 7.339872419834136963e-02 2.147665023803710938e-01 -4.335199296474456787e-02 9.814524650573730469e-01 4.356179833412170410e-01 1.138424038887023926e+00 3.066770136356353760e-01 4.964025691151618958e-03 1.247116774320602417e-01 4.688338190317153931e-02 2.363744974136352539e-01 -5.862700194120407104e-02 9.066578745841979980e-01 5.949683785438537598e-01 1.464548945426940918e+00 2.307788282632827759e-01 3.731846809387207031e-04 -3.787130117416381836e-05 -2.651534229516983032e-02 2.160799503326416016e-02 -1.527500897645950317e-02 -7.479459047317504883e-02 1.593503952026367188e-01 3.261249065399169922e-01 -7.589818537235260010e-02
8.888888955116271973e-01 7.777777910232543945e-01 2.442735247313976288e-03 1.195303574204444885e-01 6.669191271066665649e-02 2.114276736974716187e-01 -2.360690571367740631e-02 9.878647923469543457e-01 4.392125904560089111e-01 1.147565484046936035e+00 3.063896000385284424e-01 2.965683117508888245e-03 1.194063872098922729e-01 3.920401632785797119e-02 2.416013479232788086e-01 -3.439273685216903687e-02 9.508996009826660156e-01 6.245644092559814453e-01 1.537152051925659180e+00 2.305793166160583496e-01 5.229478701949119568e-04 -1.239702105522155762e-04 -2.748789638280868530e-02 3.017367422580718994e-02 -1.078583113849163055e-02 -3.696519136428833008e-02 1.853518187999725342e-01 3.895865678787231445e-01 -7.581028342247009277e-02
1.111111119389533997e-01 8.888888955116271973e-01 6.498763104900717735e-04 1.556516736745834351e-01 1.421992927789688110e-01 3.006437122821807861e-01 7.424833625555038452e-02 1.006410717964172363e+00 4.378705918788909912e-01 1.147231936454772949e+00 3.100126385688781738e-01 2.033803611993789673e-04 1.549803614616394043e-01 1.196144670248031616e-01 2.972521483898162842e-01 8.790824562311172485e-02 9.026266932487487793e-01 5.127853751182556152e-01 1.293423295021057129e+00 2.611741721630096436e-01 -4.464959492906928062e-04 -6.713122129440307617e-04 -2.258482575416564941e-02 -3.391563892364501953e-03 1.365990936756134033e-02 -1.037840247154235840e-01 7.491478323936462402e-02 1.461913585662841797e-01 -4.883846640586853027e-02
2.222222238779067993e-01 8.888888955116271973e-01 1.221367856487631798e-03 1.717504113912582397e-01 1.578019708395004272e-01 3.406964838504791260e-01 3.605251386761665344e-02 1.009822607040405273e+00 4.435868859291076660e-01 1.160792708396911621e+00 3.084163963794708252e-01 1.193923875689506531e-03 1.715962439775466919e-01 1.322524249553680420e-01 3.275418281555175781e-01 4.311058670282363892e-02 9.176458716392517090e-01 4.939953684806823730e-01 1.256513595581054688e+00 2.717867493629455566e-01 -2.744398079812526703e-05 -1.541674137115478516e-04 -2.554954588413238525e-02 -1.315465569496154785e-02 7.058072835206985474e-03 -9.217673540115356445e-02 5.040848255157470703e-02 9.572088718414306641e-02 -3.662964701652526855e-02
3.333333432674407959e-01 8.888888955116271973e-01 1.645544543862342834e-03 1.778106987476348877e-01 1.575502306222915649e-01 3.484951555728912354e-01 -1.024960912764072418e-02 1.008637666702270508e+00 4.493914842605590820e-01 1.173842072486877441e+00 3.060350418090820312e-01 1.827923581004142761e-03 1.780861765146255493e-01 1.310258656740188599e-01 3.170865774154663086e-01 -9.926281869411468506e-03 9.040266871452331543e-01 4.559297263622283936e-01 1.170941352844238281e+00 2.841248214244842529e-01 1.823790371417999268e-04 2.754777669906616211e-04 -2.652436494827270508e-02 -3.140857815742492676e-02 3.233272582292556763e-04 -1.046109795570373535e-01 6.538242101669311523e-03 -2.900719642639160156e-03 -2.191022038459777832e-02
4.444444477558135986e-01 8.888888955116271973e-01 1.871244283393025398e-03 1.737534850835800171e-01 1.451618671417236328e-01 3.204237520694732666e-01 -4.671724140644073486e-02 1.003410339355468750e+00 4.370261728763580322e-01 1.144866466522216797e+00 3.098374307155609131e-01 2.139681950211524963e-03 1.738347113132476807e-01 1.217873841524124146e-01 3.005486726760864258e-01 -5.149432271718978882e-02 9.260296821594238281e-01 4.651348888874053955e-01 1.195279240608215332e+00 2.848738431930541992e-01 2.684376668184995651e-04 8.122622966766357422e-05 -2.337448298931121826e-02 -1.987507939338684082e-02 -4.777081310749053955e-03 -7.738065719604492188e-02 2.810871601104736328e-02 5.041277408599853516e-02 -2.496358752250671387e-02
5.555555820465087891e-01 8.888888955116271973e-01 1.871244050562381744e-03 1.629439592361450195e-01 1.239729300141334534e-01 2.779396772384643555e-01 -6.291540712118148804e-02 9.965866804122924805e-01 4.318402409553527832e-01 1.132013082504272461e+00 3.106849789619445801e-01 2.176171168684959412e-03 1.626735478639602661e-01 1.037135869264602661e-01 2.713175415992736816e-01 -7.216980308294296265e-02 9.434128403663635254e-01 4.895320832729339600e-01 1.252037763595581055e+00 2.788105905055999756e-01 3.049271181225776672e-04 -2.704113721847534180e-04 -2.025934308767318726e-02 -6.622135639190673828e-03 -9.254395961761474609e-03 -5.317384004592895508e-02 5.769184231758117676e-02 1.200246810913085938e-01 -3.187438845634460449e-02
6.666666865348815918e-01 8.888888955116271973e-01 1.645544311031699181e-03 1.504400074481964111e-01 1.034293621778488159e-01 2.392389923334121704e-01 -5.823873355984687805e-02 9.913594126701354980e-01 4.329733848571777344e-01 1.133851408958435059e+00 3.093776702880859375e-01 1.973425969481468201e-03 1.501520276069641113e-01 8.433405309915542603e-02 2.474385797977447510e-01 -7.188939303159713745e-02 9.507536888122558594e-01 5.351034402847290039e-01 1.351718902587890625e+00 2.630443572998046875e-01 3.278816584497690201e-04 -2.879798412322998047e-04 -1.909530907869338989e-02 8.199587464332580566e-03 -1.365065947175025940e-02 -4.060572385787963867e-02 1.021300554275512695e-01 2.178674936294555664e-01 -4.633331298828125000e-02
7.777777910232543945e-01 8.888888955116271973e-01 1.221367507241666317e-03 1.406256109476089478e-01 9.131317585706710815e-02 2.177510559558868408e-01 -3.910619020462036133e-02 9.901744723320007324e-01 4.351855814456939697e-01 1.138731122016906738e+00 3.083282113075256348e-01 1.545319333672523499e-03 1.403797268867492676e-01 7.186654210090637207e-02 2.378087639808654785e-01 -5.367078632116317749e-02 9.657695889472961426e-01 5.798410177230834961e-01 1.449444293975830078e+00 2.498636543750762939e-01 3.239518264308571815e-04 -2.458840608596801758e-04 -1.944663375616073608e-02 2.005770802497863770e-02 -1.456459611654281616e-02 -2.440488338470458984e-02 1.446554362773895264e-01 3.107131719589233398e-01 -5.846455693244934082e-02
8.888888955116271973e-01 8.888888955116271973e-01 6.498760194517672062e-04 1.353364288806915283e-01 9.004023671150207520e-02 2.180640250444412231e-01 -1.764380745589733124e-02 9.935863614082336426e-01 4.371336996555328369e-01 1.143678426742553711e+00 3.081564903259277344e-01 8.846353739500045776e-04 1.348940581083297729e-01 6.871353834867477417e-02 2.390062510967254639e-01 -2.612965553998947144e-02 9.837213158607482910e-01 5.901595354080200195e-01 1.475429296493530273e+00 2.500258386135101318e-01 2.347593544982373714e-04 -4.423707723617553711e-04 -2.132669836282730103e-02 2.094222605228424072e-02 -8.485848084092140198e-03 -9.865045547485351562e-03 1.530258357524871826e-01 3.317508697509765625e-01 -5.813065171241760254e-02
