# step beta0
0.000000000000000000e+00 8.500000238418579102e-01
1.000000000000000000e+03 8.725360631942749023e-01
2.000000000000000000e+03 9.686158299446105957e-01
3.000000000000000000e+03 1.022375702857971191e+00
4.000000000000000000e+03 1.030401110649108887e+00
5.000000000000000000e+03 1.036255955696105957e+00
6.000000000000000000e+03 1.033226966857910156e+00
7.000000000000000000e+03 1.035127878189086914e+00
8.000000000000000000e+03 1.042128086090087891e+00
9.000000000000000000e+03 1.040799140930175781e+00
1.000000000000000000e+04 1.047373533248901367e+00
1.100000000000000000e+04 1.042612075805664062e+00
1.200000000000000000e+04 1.039365530014038086e+00
1.300000000000000000e+04 1.038002252578735352e+00
1.400000000000000000e+04 1.034754753112792969e+00
1.500000000000000000e+04 1.032552361488342285e+00
1.600000000000000000e+04 1.029968619346618652e+00
1.700000000000000000e+04 1.031430006027221680e+00
1.800000000000000000e+04 1.028676748275756836e+00
1.900000000000000000e+04 1.028981208801269531e+00
2.000000000000000000e+04 1.026370644569396973e+00
2.100000000000000000e+04 1.024799585342407227e+00
2.200000000000000000e+04 1.024517536163330078e+00
2.300000000000000000e+04 1.023567795753479004e+00
2.400000000000000000e+04 1.024871230125427246e+00
2.500000000000000000e+04 1.022353410720825195e+00
2.600000000000000000e+04 1.023221850395202637e+00
2.700000000000000000e+04 1.022284865379333496e+00
2.800000000000000000e+04 1.021718144416809082e+00
2.900000000000000000e+04 1.023033380508422852e+00
3.000000000000000000e+04 1.020949721336364746e+00
3.100000000000000000e+04 1.020231485366821289e+00
3.200000000000000000e+04 1.019560456275939941e+00
3.300000000000000000e+04 1.019718647003173828e+00
3.400000000000000000e+04 1.018779277801513672e+00
3.500000000000000000e+04 1.020423769950866699e+00
3.600000000000000000e+04 1.017955422401428223e+00
3.700000000000000000e+04 1.016026735305786133e+00
3.800000000000000000e+04 1.016374468803405762e+00
3.900000000000000000e+04 1.016370058059692383e+00
4.000000000000000000e+04 1.014792203903198242e+00
4.100000000000000000e+04 1.014703154563903809e+00
4.200000000000000000e+04 1.013655543327331543e+00
4.300000000000000000e+04 1.012982368469238281e+00
4.400000000000000000e+04 1.013362884521484375e+00
4.500000000000000000e+04 1.012875914573669434e+00
4.600000000000000000e+04 1.012855887413024902e+00
4.700000000000000000e+04 1.011944293975830078e+00
4.800000000000000000e+04 1.011247992515563965e+00
4.900000000000000000e+04 1.011217474937438965e+00
5.000000000000000000e+04 1.011119246482849121e+00
5.100000000000000000e+04 1.010954737663269043e+00
5.200000000000000000e+04 1.010485291481018066e+00
5.300000000000000000e+04 1.010175228118896484e+00
5.400000000000000000e+04 1.009390830993652344e+00
5.500000000000000000e+04 1.009372949600219727e+00
5.600000000000000000e+04 1.009796738624572754e+00
5.700000000000000000e+04 1.008942961692810059e+00
5.800000000000000000e+04 1.009891867637634277e+00
5.900000000000000000e+04 1.008533835411071777e+00
6.000000000000000000e+04 1.009482502937316895e+00
6.100000000000000000e+04 1.008678793907165527e+00
6.200000000000000000e+04 1.008194446563720703e+00
6.300000000000000000e+04 1.008343100547790527e+00
6.400000000000000000e+04 1.008011698722839355e+00
6.500000000000000000e+04 1.007796645164489746e+00
6.600000000000000000e+04 1.007218122482299805e+00
6.700000000000000000e+04 1.007589578628540039e+00
6.800000000000000000e+04 1.006987810134887695e+00
6.900000000000000000e+04 1.006797909736633301e+00
7.000000000000000000e+04 1.007254004478454590e+00
7.100000000000000000e+04 1.006572365760803223e+00
7.200000000000000000e+04 1.007192254066467285e+00
7.300000000000000000e+04 1.005834698677062988e+00
7.400000000000000000e+04 1.005737423896789551e+00
7.500000000000000000e+04 1.006020426750183105e+00
7.600000000000000000e+04 1.006039619445800781e+00
7.700000000000000000e+04 1.006307959556579590e+00
7.800000000000000000e+04 1.005152225494384766e+00
7.900000000000000000e+04 1.005718111991882324e+00
8.000000000000000000e+04 1.005077719688415527e+00
8.100000000000000000e+04 1.004933238029479980e+00
8.200000000000000000e+04 1.004845976829528809e+00
8.300000000000000000e+04 1.005035519599914551e+00
8.400000000000000000e+04 1.004792451858520508e+00
8.500000000000000000e+04 1.004599690437316895e+00
8.600000000000000000e+04 1.004605770111083984e+00
8.700000000000000000e+04 1.004240751266479492e+00
8.800000000000000000e+04 1.005105376243591309e+00
8.900000000000000000e+04 1.004040718078613281e+00
9.000000000000000000e+04 1.003939986228942871e+00
9.100000000000000000e+04 1.003603458404541016e+00
9.200000000000000000e+04 1.003841400146484375e+00
9.300000000000000000e+04 1.003833174705505371e+00
9.400000000000000000e+04 1.003686070442199707e+00
9.500000000000000000e+04 1.003832459449768066e+00
9.600000000000000000e+04 1.003950476646423340e+00
9.700000000000000000e+04 1.003256082534790039e+00
9.800000000000000000e+04 1.002728223800659180e+00
9.900000000000000000e+04 1.003304243087768555e+00
1.000000000000000000e+05 1.002365350723266602e+00
1.010000000000000000e+05 1.002429008483886719e+00
1.020000000000000000e+05 1.002299547195434570e+00
1.030000000000000000e+05 1.002877116203308105e+00
1.040000000000000000e+05 1.002440810203552246e+00
1.050000000000000000e+05 1.001931428909301758e+00
1.060000000000000000e+05 1.001707911491394043e+00
1.070000000000000000e+05 1.001861333847045898e+00
1.080000000000000000e+05 1.002383112907409668e+00
1.090000000000000000e+05 1.001332879066467285e+00
1.100000000000000000e+05 1.001498103141784668e+00
1.110000000000000000e+05 1.001158118247985840e+00
1.120000000000000000e+05 1.001985311508178711e+00
1.130000000000000000e+05 1.001142501831054688e+00
1.140000000000000000e+05 1.001041889190673828e+00
1.150000000000000000e+05 1.000850915908813477e+00
1.160000000000000000e+05 1.001003861427307129e+00
1.170000000000000000e+05 1.001482367515563965e+00
1.180000000000000000e+05 1.000713825225830078e+00
1.190000000000000000e+05 1.000877857208251953e+00
1.200000000000000000e+05 1.000574588775634766e+00
1.210000000000000000e+05 1.001559376716613770e+00
1.220000000000000000e+05 1.000341892242431641e+00
1.230000000000000000e+05 1.000623345375061035e+00
1.240000000000000000e+05 1.000222802162170410e+00
1.250000000000000000e+05 1.000032067298889160e+00
1.260000000000000000e+05 1.000538587570190430e+00
1.270000000000000000e+05 1.000080227851867676e+00
1.280000000000000000e+05 1.000061392784118652e+00
1.290000000000000000e+05 9.998438358306884766e-01
1.300000000000000000e+05 1.000022172927856445e+00
1.310000000000000000e+05 9.998061060905456543e-01
1.320000000000000000e+05 9.997092485427856445e-01
1.330000000000000000e+05 9.996488094329833984e-01
1.340000000000000000e+05 9.998883605003356934e-01
1.350000000000000000e+05 9.996671676635742188e-01
1.360000000000000000e+05 9.993897080421447754e-01
1.370000000000000000e+05 9.992771148681640625e-01
1.380000000000000000e+05 9.994327425956726074e-01
1.390000000000000000e+05 9.994351863861083984e-01
1.400000000000000000e+05 9.987308382987976074e-01
1.410000000000000000e+05 9.991058707237243652e-01
1.420000000000000000e+05 9.989198446273803711e-01
1.430000000000000000e+05 9.988062977790832520e-01
1.440000000000000000e+05 9.988446235656738281e-01
1.450000000000000000e+05 9.987990260124206543e-01
1.460000000000000000e+05 9.985720515251159668e-01
1.470000000000000000e+05 1.002457857131958008e+00
1.480000000000000000e+05 9.984961748123168945e-01
1.490000000000000000e+05 9.983009099960327148e-01
1.500000000000000000e+05 9.987220168113708496e-01
