# step train_loss_terms test_loss_terms
0.000000000000000000e+00 1.626600921154022217e-01 1.012895479798316956e-01 1.198781728744506836e-01 1.234939545392990112e-01 3.390617370605468750e-01 1.999344443902373314e-03 1.787920296192169189e-02 8.673490583896636963e-02 2.411027401685714722e-01 7.459236681461334229e-02 2.328052371740341187e-01 1.626600921154022217e-01 1.012895479798316956e-01 1.198781728744506836e-01 1.234939545392990112e-01 3.390617370605468750e-01 1.999344443902373314e-03 1.787920296192169189e-02 8.673490583896636963e-02 2.411027401685714722e-01 7.459236681461334229e-02 2.328052371740341187e-01
1.000000000000000000e+03 1.386551652103662491e-03 1.581916119903326035e-03 7.570395828224718571e-04 6.552409613505005836e-04 1.676614774623885751e-04 2.012158802244812250e-05 1.445883244741708040e-04 4.857510430156253278e-05 1.727715243760030717e-05 1.430273841833695769e-04 2.682735612324904650e-06 1.386551652103662491e-03 1.581916119903326035e-03 7.570395828224718571e-04 6.552409613505005836e-04 1.676614774623885751e-04 2.012158802244812250e-05 1.445883244741708040e-04 4.857510430156253278e-05 1.727715243760030717e-05 1.430273841833695769e-04 2.682735612324904650e-06
2.000000000000000000e+03 5.409034783951938152e-04 5.519615951925516129e-04 3.398064291104674339e-04 2.227270160801708698e-04 6.552715785801410675e-05 2.602626045700162649e-05 1.963014256034512073e-05 1.501670976722380146e-05 8.143818376993294805e-06 3.549589018803089857e-05 6.738085289725859184e-08 5.409034783951938152e-04 5.519615951925516129e-04 3.398064291104674339e-04 2.227270160801708698e-04 6.552715785801410675e-05 2.602626045700162649e-05 1.963014256034512073e-05 1.501670976722380146e-05 8.143818376993294805e-06 3.549589018803089857e-05 6.738085289725859184e-08
3.000000000000000000e+03 4.461023781914263964e-04 4.154050257056951523e-04 8.309432450914755464e-05 1.563886035000905395e-04 3.643244781414978206e-05 1.626284392841625959e-05 6.492150987469358370e-06 2.469908577040769160e-05 1.097623680834658444e-05 2.150678665202576667e-05 6.459436008299235255e-08 4.461023781914263964e-04 4.154050257056951523e-04 8.309432450914755464e-05 1.563886035000905395e-04 3.643244781414978206e-05 1.626284392841625959e-05 6.492150987469358370e-06 2.469908577040769160e-05 1.097623680834658444e-05 2.150678665202576667e-05 6.459436008299235255e-08
4.000000000000000000e+03 3.501645114738494158e-04 3.278957447037100792e-04 4.213748979964293540e-05 1.060344948200508952e-04 1.728057213767897338e-05 8.600144610682036728e-06 4.159627223998541012e-06 1.625222648726776242e-05 1.573468034621328115e-05 1.498152141721220687e-05 1.864820298180802638e-09 3.501645114738494158e-04 3.278957447037100792e-04 4.213748979964293540e-05 1.060344948200508952e-04 1.728057213767897338e-05 8.600144610682036728e-06 4.159627223998541012e-06 1.625222648726776242e-05 1.573468034621328115e-05 1.498152141721220687e-05 1.864820298180802638e-09
5.000000000000000000e+03 3.019536379724740982e-04 2.794118481688201427e-04 2.289008261868730187e-05 5.955504093435592949e-05 1.533579052193090320e-05 5.054199846199480817e-06 6.097882305766688660e-06 1.157331917056581005e-05 1.791947397578042001e-05 1.275277372769778594e-05 2.393508111708797514e-07 3.019536379724740982e-04 2.794118481688201427e-04 2.289008261868730187e-05 5.955504093435592949e-05 1.533579052193090320e-05 5.054199846199480817e-06 6.097882305766688660e-06 1.157331917056581005e-05 1.791947397578042001e-05 1.275277372769778594e-05 2.393508111708797514e-07
6.000000000000000000e+03 2.972455404233187437e-04 3.271420137025415897e-04 2.190885134041309357e-04 2.627905632834881544e-04 1.928784513438586146e-05 9.397701433044858277e-06 7.422064754791790619e-06 1.201637041958747432e-05 2.744534867815673351e-05 1.450136187486350536e-05 6.710549496347084641e-05 2.972455404233187437e-04 3.271420137025415897e-04 2.190885134041309357e-04 2.627905632834881544e-04 1.928784513438586146e-05 9.397701433044858277e-06 7.422064754791790619e-06 1.201637041958747432e-05 2.744534867815673351e-05 1.450136187486350536e-05 6.710549496347084641e-05
7.000000000000000000e+03 3.965157666243612766e-04 6.666733534075319767e-04 8.462931145913898945e-04 8.793032029643654823e-04 1.190716920973500237e-05 4.123547842027619481e-05 8.559930392948444933e-06 3.614741217461414635e-05 8.491102926200255752e-05 4.626366353477351367e-05 2.813940518535673618e-04 3.965157666243612766e-04 6.666733534075319767e-04 8.462931145913898945e-04 8.793032029643654823e-04 1.190716920973500237e-05 4.123547842027619481e-05 8.559930392948444933e-06 3.614741217461414635e-05 8.491102926200255752e-05 4.626366353477351367e-05 2.813940518535673618e-04
8.000000000000000000e+03 1.698635169304907322e-04 1.795069692889228463e-04 1.949898432940244675e-05 4.237820394337177277e-05 5.380196853366214782e-06 1.099688233807682991e-06 6.402460257959319279e-06 3.206491783203091472e-06 6.364651198964565992e-06 8.093585165624972433e-06 1.188959153353152942e-09 1.698635169304907322e-04 1.795069692889228463e-04 1.949898432940244675e-05 4.237820394337177277e-05 5.380196853366214782e-06 1.099688233807682991e-06 6.402460257959319279e-06 3.206491783203091472e-06 6.364651198964565992e-06 8.093585165624972433e-06 1.188959153353152942e-09
9.000000000000000000e+03 1.160689207608811557e-04 1.183431668323464692e-04 1.480710125179030001e-05 3.121819827356375754e-05 4.962027105648303404e-06 1.122747903536946978e-06 3.682423766804276966e-06 1.483838559579453431e-06 4.442706540430663154e-06 7.414012543449643999e-06 5.653725931864528320e-09 1.160689207608811557e-04 1.183431668323464692e-04 1.480710125179030001e-05 3.121819827356375754e-05 4.962027105648303404e-06 1.122747903536946978e-06 3.682423766804276966e-06 1.483838559579453431e-06 4.442706540430663154e-06 7.414012543449643999e-06 5.653725931864528320e-09
1.000000000000000000e+04 9.345290891360491514e-05 8.050197357079014182e-05 1.603732562216464430e-05 2.176337329728994519e-05 7.185115919128293172e-06 2.025943103944882751e-06 2.752569344011135399e-06 1.493100626248633489e-06 5.545275598706211895e-06 6.853487320768181235e-06 1.888466613308992237e-06 9.345290891360491514e-05 8.050197357079014182e-05 1.603732562216464430e-05 2.176337329728994519e-05 7.185115919128293172e-06 2.025943103944882751e-06 2.752569344011135399e-06 1.493100626248633489e-06 5.545275598706211895e-06 6.853487320768181235e-06 1.888466613308992237e-06
1.100000000000000000e+04 7.113780884537845850e-05 5.774516830570064485e-05 1.258493648492731154e-05 1.082942344510229304e-05 4.684310624725185335e-06 1.151979063251928892e-06 1.283162191612063907e-06 9.146468187282152940e-07 4.156802788202185184e-06 6.761781605746364221e-06 9.788436727831140161e-08 7.113780884537845850e-05 5.774516830570064485e-05 1.258493648492731154e-05 1.082942344510229304e-05 4.684310624725185335e-06 1.151979063251928892e-06 1.283162191612063907e-06 9.146468187282152940e-07 4.156802788202185184e-06 6.761781605746364221e-06 9.788436727831140161e-08
1.200000000000000000e+04 7.243846630444750190e-05 6.615567690460011363e-05 2.192194915551226586e-05 2.913532443926669657e-05 1.683786831563338637e-05 1.676191800470405724e-06 7.309569809876848012e-06 3.429587877690210007e-06 8.767886356508824974e-06 8.111968782031908631e-06 8.955656085163354874e-06 7.243846630444750190e-05 6.615567690460011363e-05 2.192194915551226586e-05 2.913532443926669657e-05 1.683786831563338637e-05 1.676191800470405724e-06 7.309569809876848012e-06 3.429587877690210007e-06 8.767886356508824974e-06 8.111968782031908631e-06 8.955656085163354874e-06
1.300000000000000000e+04 5.292742571327835321e-05 4.367121437098830938e-05 1.851974411692935973e-05 1.070314101525582373e-05 1.436183720215922222e-05 2.234637804576777853e-06 1.726856339701043908e-06 1.310609786742134020e-05 5.389752459450392053e-06 8.648706170788500458e-06 4.635349739601224428e-07 5.292742571327835321e-05 4.367121437098830938e-05 1.851974411692935973e-05 1.070314101525582373e-05 1.436183720215922222e-05 2.234637804576777853e-06 1.726856339701043908e-06 1.310609786742134020e-05 5.389752459450392053e-06 8.648706170788500458e-06 4.635349739601224428e-07
1.400000000000000000e+04 9.640196367399767041e-05 8.180527220247313380e-05 2.675217729120049626e-05 3.935689164791256189e-05 2.222230614279396832e-05 6.363613920257193968e-06 3.353979764142422937e-06 2.197190951847005635e-06 8.440964847977738827e-06 5.583957317867316306e-06 1.271803466806886718e-05 9.640196367399767041e-05 8.180527220247313380e-05 2.675217729120049626e-05 3.935689164791256189e-05 2.222230614279396832e-05 6.363613920257193968e-06 3.353979764142422937e-06 2.197190951847005635e-06 8.440964847977738827e-06 5.583957317867316306e-06 1.271803466806886718e-05
1.500000000000000000e+04 6.302085239440202713e-05 6.602971552638337016e-05 8.994717791210860014e-05 8.027591684367507696e-05 2.025541652983520180e-05 5.708448043151292950e-06 5.264278570393798873e-06 2.944607695098966360e-05 2.401725760137196630e-05 1.868718936748337001e-05 2.822869828378316015e-05 6.302085239440202713e-05 6.602971552638337016e-05 8.994717791210860014e-05 8.027591684367507696e-05 2.025541652983520180e-05 5.708448043151292950e-06 5.264278570393798873e-06 2.944607695098966360e-05 2.401725760137196630e-05 1.868718936748337001e-05 2.822869828378316015e-05
1.600000000000000000e+04 3.108943928964436054e-05 3.347499296069145203e-05 1.236366824741708115e-05 1.182474716188153252e-05 5.031923592468956485e-06 6.119250315350655001e-07 1.978457021323265508e-06 9.664503295425674878e-07 3.906448910129256546e-06 5.159883585292845964e-06 2.845433300535660237e-06 3.108943928964436054e-05 3.347499296069145203e-05 1.236366824741708115e-05 1.182474716188153252e-05 5.031923592468956485e-06 6.119250315350655001e-07 1.978457021323265508e-06 9.664503295425674878e-07 3.906448910129256546e-06 5.159883585292845964e-06 2.845433300535660237e-06
1.700000000000000000e+04 2.794320062093902379e-05 2.556018625909928232e-05 1.182899177365470678e-05 6.355765435728244483e-06 7.193712917796801776e-06 6.614366725443687756e-07 1.015398197523609269e-06 1.323505330219632015e-06 3.657943807411356829e-06 4.009464646514970809e-06 3.057260400396444311e-08 2.794320062093902379e-05 2.556018625909928232e-05 1.182899177365470678e-05 6.355765435728244483e-06 7.193712917796801776e-06 6.614366725443687756e-07 1.015398197523609269e-06 1.323505330219632015e-06 3.657943807411356829e-06 4.009464646514970809e-06 3.057260400396444311e-08
1.800000000000000000e+04 3.206702240277081728e-05 3.276033748988993466e-05 2.862763540179003030e-05 2.621345083753112704e-05 8.732677088119089603e-06 6.793782745262433309e-07 1.931055976456264034e-06 5.986468750052154064e-06 6.887337349326116964e-06 5.266273547022137791e-06 1.187253928947029635e-05 3.206702240277081728e-05 3.276033748988993466e-05 2.862763540179003030e-05 2.621345083753112704e-05 8.732677088119089603e-06 6.793782745262433309e-07 1.931055976456264034e-06 5.986468750052154064e-06 6.887337349326116964e-06 5.266273547022137791e-06 1.187253928947029635e-05
1.900000000000000000e+04 2.384446452197153121e-05 2.000674430746585131e-05 1.243374845216749236e-05 6.542189566971501336e-06 3.827963610092410818e-06 4.652655718473397428e-07 8.683154533173365053e-07 4.002363027666433481e-07 2.643642119437572546e-06 4.510397957346867770e-06 5.379708341024524998e-07 2.384446452197153121e-05 2.000674430746585131e-05 1.243374845216749236e-05 6.542189566971501336e-06 3.827963610092410818e-06 4.652655718473397428e-07 8.683154533173365053e-07 4.002363027666433481e-07 2.643642119437572546e-06 4.510397957346867770e-06 5.379708341024524998e-07
2.000000000000000000e+04 2.536748797865584493e-05 1.842631354520563036e-05 1.170272025774465874e-05 5.741350378229981288e-06 5.408381639426806942e-06 4.466286611659597838e-07 1.053116193361347541e-06 5.584871587416273542e-07 2.341923391213640571e-06 4.528239514911547303e-06 1.207714603879139759e-06 2.536748797865584493e-05 1.842631354520563036e-05 1.170272025774465874e-05 5.741350378229981288e-06 5.408381639426806942e-06 4.466286611659597838e-07 1.053116193361347541e-06 5.584871587416273542e-07 2.341923391213640571e-06 4.528239514911547303e-06 1.207714603879139759e-06
2.100000000000000000e+04 2.721736018429510295e-05 1.670645360718481243e-05 1.172640986624173820e-05 4.856145096709951758e-06 8.142827937263064086e-06 5.444036332846735604e-07 1.345348096037923824e-06 1.733213593979598954e-06 3.430595370446098968e-06 3.627598289313027635e-06 5.065300570095132571e-07 2.721736018429510295e-05 1.670645360718481243e-05 1.172640986624173820e-05 4.856145096709951758e-06 8.142827937263064086e-06 5.444036332846735604e-07 1.345348096037923824e-06 1.733213593979598954e-06 3.430595370446098968e-06 3.627598289313027635e-06 5.065300570095132571e-07
2.200000000000000000e+04 1.641118797124363482e-05 1.345130476693157107e-05 9.432221304450649768e-06 3.243238325012498535e-06 2.534401346565573476e-06 1.877100288538713357e-07 3.693137955451675225e-07 1.009289292142057093e-07 1.973216967599000782e-06 3.382592922207550146e-06 2.651682962095947005e-08 1.641118797124363482e-05 1.345130476693157107e-05 9.432221304450649768e-06 3.243238325012498535e-06 2.534401346565573476e-06 1.877100288538713357e-07 3.693137955451675225e-07 1.009289292142057093e-07 1.973216967599000782e-06 3.382592922207550146e-06 2.651682962095947005e-08
2.300000000000000000e+04 1.524116669315844774e-05 1.222174614667892456e-05 9.330908142146654427e-06 3.016062009919551201e-06 2.464480076014297083e-06 1.569397056755406084e-07 2.916516734785545850e-07 9.794004540708556306e-08 1.932285613293061033e-06 3.339415343361906707e-06 5.503898137249052525e-08 1.524116669315844774e-05 1.222174614667892456e-05 9.330908142146654427e-06 3.016062009919551201e-06 2.464480076014297083e-06 1.569397056755406084e-07 2.916516734785545850e-07 9.794004540708556306e-08 1.932285613293061033e-06 3.339415343361906707e-06 5.503898137249052525e-08
2.400000000000000000e+04 1.599269126018043607e-05 1.179202627099584788e-05 9.694006621430162340e-06 3.106436679445323534e-06 3.195897534169489518e-06 2.812930972595495405e-07 4.040838632590748603e-07 1.292473541525396286e-07 2.109564547936315648e-06 3.014808726220508106e-06 9.195366601488785818e-08 1.599269126018043607e-05 1.179202627099584788e-05 9.694006621430162340e-06 3.106436679445323534e-06 3.195897534169489518e-06 2.812930972595495405e-07 4.040838632590748603e-07 1.292473541525396286e-07 2.109564547936315648e-06 3.014808726220508106e-06 9.195366601488785818e-08
2.500000000000000000e+04 1.509110552433412522e-05 1.090773639589315280e-05 9.777929335541557521e-06 3.213788886569091119e-06 3.092996621489874087e-06 1.694184987854896463e-07 6.498738684967975132e-07 7.886105635179774254e-08 2.183751803386257961e-06 3.404249127925140783e-06 2.659453457454219460e-08 1.509110552433412522e-05 1.090773639589315280e-05 9.777929335541557521e-06 3.213788886569091119e-06 3.092996621489874087e-06 1.694184987854896463e-07 6.498738684967975132e-07 7.886105635179774254e-08 2.183751803386257961e-06 3.404249127925140783e-06 2.659453457454219460e-08
2.600000000000000000e+04 1.286455426452448592e-05 1.087134205590700731e-05 9.103849151870235801e-06 3.043923925361013971e-06 2.653290266607655212e-06 1.306498660369470599e-07 7.098102514646598138e-07 3.497806915220280644e-07 2.021244881689199246e-06 3.381313035788480192e-06 1.553346251625953300e-08 1.286455426452448592e-05 1.087134205590700731e-05 9.103849151870235801e-06 3.043923925361013971e-06 2.653290266607655212e-06 1.306498660369470599e-07 7.098102514646598138e-07 3.497806915220280644e-07 2.021244881689199246e-06 3.381313035788480192e-06 1.553346251625953300e-08
2.700000000000000000e+04 1.067065204551909119e-05 8.615269507572520524e-06 8.653752047393936664e-06 2.025527692239847966e-06 2.064209411400952376e-06 1.143034182859992143e-07 2.323110521729176980e-07 2.824972398229874671e-07 1.592559442542551551e-06 2.867881903512170538e-06 3.008473470345052192e-08 1.067065204551909119e-05 8.615269507572520524e-06 8.653752047393936664e-06 2.025527692239847966e-06 2.064209411400952376e-06 1.143034182859992143e-07 2.323110521729176980e-07 2.824972398229874671e-07 1.592559442542551551e-06 2.867881903512170538e-06 3.008473470345052192e-08
2.800000000000000000e+04 3.641847069957293570e-05 7.922986696939915419e-05 1.665150921326130629e-05 4.144301055930554867e-05 1.578091905685141683e-05 2.472367555128585082e-07 1.017726299323840067e-05 1.661741748648637440e-06 1.429917392670176923e-05 9.649774256104137748e-06 3.830429704976268113e-06 3.641847069957293570e-05 7.922986696939915419e-05 1.665150921326130629e-05 4.144301055930554867e-05 1.578091905685141683e-05 2.472367555128585082e-07 1.017726299323840067e-05 1.661741748648637440e-06 1.429917392670176923e-05 9.649774256104137748e-06 3.830429704976268113e-06
2.900000000000000000e+04 1.122720914281671867e-05 8.131085451168473810e-06 9.224245332006830722e-06 2.918273366958601400e-06 2.469495711920899339e-06 2.487579138232831610e-07 2.896336752655770397e-07 1.466866876853600843e-07 1.313664370172773488e-06 3.104124743913416751e-06 2.647484222961793421e-07 1.122720914281671867e-05 8.131085451168473810e-06 9.224245332006830722e-06 2.918273366958601400e-06 2.469495711920899339e-06 2.487579138232831610e-07 2.896336752655770397e-07 1.466866876853600843e-07 1.313664370172773488e-06 3.104124743913416751e-06 2.647484222961793421e-07
3.000000000000000000e+04 1.544362021377310157e-05 7.812183866917621344e-06 1.040954975906061009e-05 2.982373416671180166e-06 3.134269036308978684e-06 6.307122362159134354e-07 4.276769232092192397e-07 3.663212737592402846e-07 1.660070211073616520e-06 2.948922883660998195e-06 1.033287162499618717e-07 1.544362021377310157e-05 7.812183866917621344e-06 1.040954975906061009e-05 2.982373416671180166e-06 3.134269036308978684e-06 6.307122362159134354e-07 4.276769232092192397e-07 3.663212737592402846e-07 1.660070211073616520e-06 2.948922883660998195e-06 1.033287162499618717e-07
3.100000000000000000e+04 1.216153577843215317e-05 1.131449971580877900e-05 1.621001683815848082e-05 1.036272533383453265e-05 4.375818207336124033e-06 3.644817354597762460e-07 4.404561479987023631e-07 4.183389592071762308e-06 1.606721298230695538e-06 4.381963663036003709e-06 5.827770564792444929e-06 1.216153577843215317e-05 1.131449971580877900e-05 1.621001683815848082e-05 1.036272533383453265e-05 4.375818207336124033e-06 3.644817354597762460e-07 4.404561479987023631e-07 4.183389592071762308e-06 1.606721298230695538e-06 4.381963663036003709e-06 5.827770564792444929e-06
3.200000000000000000e+04 1.023526965582277626e-05 1.250406330655096099e-05 1.025923393171979114e-05 5.424767550721298903e-06 2.299397692695492879e-06 3.036532234546029940e-07 4.991821924704709090e-07 6.175376370265439618e-07 1.715180815153871663e-06 3.172951437591109425e-06 2.810251942264585523e-08 1.023526965582277626e-05 1.250406330655096099e-05 1.025923393171979114e-05 5.424767550721298903e-06 2.299397692695492879e-06 3.036532234546029940e-07 4.991821924704709090e-07 6.175376370265439618e-07 1.715180815153871663e-06 3.172951437591109425e-06 2.810251942264585523e-08
3.300000000000000000e+04 1.183190488518448547e-05 9.680377843324095011e-06 1.494590924266958609e-05 8.878032531356438994e-06 3.427889851081999950e-06 2.504408200820762431e-07 5.307408059707086068e-07 3.405231836950406432e-06 2.462402335368096828e-06 3.269133230787701905e-06 3.495920509521965869e-06 1.183190488518448547e-05 9.680377843324095011e-06 1.494590924266958609e-05 8.878032531356438994e-06 3.427889851081999950e-06 2.504408200820762431e-07 5.307408059707086068e-07 3.405231836950406432e-06 2.462402335368096828e-06 3.269133230787701905e-06 3.495920509521965869e-06
3.400000000000000000e+04 6.932821634109131992e-06 1.064051139110233635e-05 1.341554343525785953e-05 9.672474334365688264e-06 1.478895228501642123e-06 1.084362821757167694e-07 7.069953653626726009e-07 2.167065531466505490e-07 7.621799795742845163e-07 2.201828920078696683e-06 6.090827355365036055e-06 6.932821634109131992e-06 1.064051139110233635e-05 1.341554343525785953e-05 9.672474334365688264e-06 1.478895228501642123e-06 1.084362821757167694e-07 7.069953653626726009e-07 2.167065531466505490e-07 7.621799795742845163e-07 2.201828920078696683e-06 6.090827355365036055e-06
3.500000000000000000e+04 1.121597597375512123e-05 5.911493644816800952e-06 9.004526873468421400e-06 2.404381348242168315e-06 3.030653488167445175e-06 4.669014685987349367e-07 4.240395981014444260e-07 4.493811900374566903e-07 9.367607844978920184e-07 2.951906935777515173e-06 3.809344306660022994e-08 1.121597597375512123e-05 5.911493644816800952e-06 9.004526873468421400e-06 2.404381348242168315e-06 3.030653488167445175e-06 4.669014685987349367e-07 4.240395981014444260e-07 4.493811900374566903e-07 9.367607844978920184e-07 2.951906935777515173e-06 3.809344306660022994e-08
3.600000000000000000e+04 1.126041024690493941e-05 9.098533155338373035e-06 8.272926606878172606e-06 3.895156169164692983e-06 3.462924269115319476e-06 2.285658666778545012e-07 7.588661787849559914e-07 2.070022446787334047e-07 1.845282554313598666e-06 2.599777189971064217e-06 2.032115418160174158e-07 1.126041024690493941e-05 9.098533155338373035e-06 8.272926606878172606e-06 3.895156169164692983e-06 3.462924269115319476e-06 2.285658666778545012e-07 7.588661787849559914e-07 2.070022446787334047e-07 1.845282554313598666e-06 2.599777189971064217e-06 2.032115418160174158e-07
3.700000000000000000e+04 1.418266492692055181e-05 2.481708725099451840e-05 2.043198401224799454e-05 1.780478669388685375e-05 4.759150669997325167e-06 1.072127588486182503e-06 1.661758574300620239e-06 6.612497145397355780e-07 3.965592895838199183e-06 3.459180334175471216e-06 5.811220376017445233e-07 1.418266492692055181e-05 2.481708725099451840e-05 2.043198401224799454e-05 1.780478669388685375e-05 4.759150669997325167e-06 1.072127588486182503e-06 1.661758574300620239e-06 6.612497145397355780e-07 3.965592895838199183e-06 3.459180334175471216e-06 5.811220376017445233e-07
3.800000000000000000e+04 4.156740033067762852e-06 5.351955223886761814e-06 8.432031791016925126e-06 3.664885525722638704e-06 1.154672077063878532e-06 3.975189244442844938e-08 3.328482307551894337e-07 2.222054291678432492e-07 6.504511702587478794e-07 1.962638407349004410e-06 1.769661707839986775e-06 4.156740033067762852e-06 5.351955223886761814e-06 8.432031791016925126e-06 3.664885525722638704e-06 1.154672077063878532e-06 3.975189244442844938e-08 3.328482307551894337e-07 2.222054291678432492e-07 6.504511702587478794e-07 1.962638407349004410e-06 1.769661707839986775e-06
3.900000000000000000e+04 3.922214091289788485e-06 4.480618827074067667e-06 7.076313067955197766e-06 1.926859340528608300e-06 1.432249405297625344e-06 6.656077999878107221e-08 2.664605460722668795e-07 4.593283335907472065e-07 6.037160460437007714e-07 2.036982778008677997e-06 9.180913451700689620e-08 3.922214091289788485e-06 4.480618827074067667e-06 7.076313067955197766e-06 1.926859340528608300e-06 1.432249405297625344e-06 6.656077999878107221e-08 2.664605460722668795e-07 4.593283335907472065e-07 6.037160460437007714e-07 2.036982778008677997e-06 9.180913451700689620e-08
4.000000000000000000e+04 1.120839169743703678e-05 7.560356607427820563e-06 9.260877050110138953e-06 4.272207661415450275e-06 2.260931751152384095e-06 7.985261731846549083e-07 2.540523098559788195e-07 2.314070570719195530e-06 6.588014684894005768e-07 3.137810381304007024e-06 4.365869870071037440e-07 1.120839169743703678e-05 7.560356607427820563e-06 9.260877050110138953e-06 4.272207661415450275e-06 2.260931751152384095e-06 7.985261731846549083e-07 2.540523098559788195e-07 2.314070570719195530e-06 6.588014684894005768e-07 3.137810381304007024e-06 4.365869870071037440e-07
4.100000000000000000e+04 9.717335160530637950e-06 6.660398412350332364e-06 7.481188276869943365e-06 3.173953246005112305e-06 3.442740080572548322e-06 2.050052501090249280e-07 8.079726399046194274e-07 6.038206947778235190e-07 1.415779252056381665e-06 2.180894171033287421e-06 1.100926283470471390e-06 9.717335160530637950e-06 6.660398412350332364e-06 7.481188276869943365e-06 3.173953246005112305e-06 3.442740080572548322e-06 2.050052501090249280e-07 8.079726399046194274e-07 6.038206947778235190e-07 1.415779252056381665e-06 2.180894171033287421e-06 1.100926283470471390e-06
4.200000000000000000e+04 3.964483312302036211e-06 5.302719728206284344e-06 1.112038171413587406e-05 5.793231593997916207e-06 7.077956638568139169e-07 1.034069256888869859e-07 2.053934906598442467e-07 2.807144596772559453e-07 6.137030368336127140e-07 1.931916585817816667e-06 3.276151574027608149e-06 3.964483312302036211e-06 5.302719728206284344e-06 1.112038171413587406e-05 5.793231593997916207e-06 7.077956638568139169e-07 1.034069256888869859e-07 2.053934906598442467e-07 2.807144596772559453e-07 6.137030368336127140e-07 1.931916585817816667e-06 3.276151574027608149e-06
4.300000000000000000e+04 7.296522380784153938e-05 4.397566226543858647e-05 4.769999941345304251e-05 4.852168058278039098e-05 1.640835034777410328e-05 5.704844625142868608e-06 2.477077714502229355e-06 1.256212453881744295e-05 1.948094677572953515e-06 9.417875844519585371e-06 2.806142219924367964e-05 7.296522380784153938e-05 4.397566226543858647e-05 4.769999941345304251e-05 4.852168058278039098e-05 1.640835034777410328e-05 5.704844625142868608e-06 2.477077714502229355e-06 1.256212453881744295e-05 1.948094677572953515e-06 9.417875844519585371e-06 2.806142219924367964e-05
4.400000000000000000e+04 4.847564014198724180e-06 1.008235540211899206e-05 8.760071068536490202e-06 6.503225449705496430e-06 2.981853413075441495e-06 6.330932222908813856e-08 7.511919761782337446e-07 5.131542479830386583e-07 6.976430881877604406e-07 1.663342118263244629e-06 3.299280024293693714e-06 4.847564014198724180e-06 1.008235540211899206e-05 8.760071068536490202e-06 6.503225449705496430e-06 2.981853413075441495e-06 6.330932222908813856e-08 7.511919761782337446e-07 5.131542479830386583e-07 6.976430881877604406e-07 1.663342118263244629e-06 3.299280024293693714e-06
4.500000000000000000e+04 8.585532668803352863e-06 1.114050337491789833e-05 1.475082535762339830e-05 1.095281459129182622e-05 3.058486981899477541e-06 3.290797110366838751e-07 6.094302875681023579e-07 3.123851683994871564e-06 4.667289772442018148e-07 2.360070084250764921e-06 7.779965926602017134e-06 8.585532668803352863e-06 1.114050337491789833e-05 1.475082535762339830e-05 1.095281459129182622e-05 3.058486981899477541e-06 3.290797110366838751e-07 6.094302875681023579e-07 3.123851683994871564e-06 4.667289772442018148e-07 2.360070084250764921e-06 7.779965926602017134e-06
4.600000000000000000e+04 2.307413751623244025e-06 2.606808038763119839e-06 5.957811481493990868e-06 1.186225176752486732e-06 6.187368057908315677e-07 4.724664037780712533e-08 1.483209075558988843e-07 1.618496270339164766e-07 4.539030555861245375e-07 1.692245064077724237e-06 5.613461695475052693e-09 2.307413751623244025e-06 2.606808038763119839e-06 5.957811481493990868e-06 1.186225176752486732e-06 6.187368057908315677e-07 4.724664037780712533e-08 1.483209075558988843e-07 1.618496270339164766e-07 4.539030555861245375e-07 1.692245064077724237e-06 5.613461695475052693e-09
4.700000000000000000e+04 2.536375177442096174e-06 3.195945510015008040e-06 5.937878086115233600e-06 1.487936287958291359e-06 6.836243073848891072e-07 3.518907121247139003e-08 3.036716691440233262e-07 1.218061100871636881e-07 4.538459279501694255e-07 1.798133212105312850e-06 2.527128799556521699e-07 2.536375177442096174e-06 3.195945510015008040e-06 5.937878086115233600e-06 1.487936287958291359e-06 6.836243073848891072e-07 3.518907121247139003e-08 3.036716691440233262e-07 1.218061100871636881e-07 4.538459279501694255e-07 1.798133212105312850e-06 2.527128799556521699e-07
4.800000000000000000e+04 1.114217684516916052e-05 5.541311111301183701e-06 7.396162345685297623e-06 3.640859858933254145e-06 4.496004748943960294e-06 2.906259055635018740e-07 9.046749482877203263e-07 4.564866458167671226e-07 2.013031235037487932e-06 2.126013896486256272e-06 1.112142413717265299e-07 1.114217684516916052e-05 5.541311111301183701e-06 7.396162345685297623e-06 3.640859858933254145e-06 4.496004748943960294e-06 2.906259055635018740e-07 9.046749482877203263e-07 4.564866458167671226e-07 2.013031235037487932e-06 2.126013896486256272e-06 1.112142413717265299e-07
4.900000000000000000e+04 1.164679633802734315e-05 4.791780611412832513e-06 8.069152499956544489e-06 2.555749915700289421e-06 2.868867341021541506e-06 7.641853017048561014e-07 1.846316592946095625e-07 1.684622588982165325e-06 6.133545866759959608e-07 2.689771463337820023e-06 1.365442869882826926e-07 1.164679633802734315e-05 4.791780611412832513e-06 8.069152499956544489e-06 2.555749915700289421e-06 2.868867341021541506e-06 7.641853017048561014e-07 1.846316592946095625e-07 1.684622588982165325e-06 6.133545866759959608e-07 2.689771463337820023e-06 1.365442869882826926e-07
5.000000000000000000e+04 4.567909854813478887e-06 6.578949978575110435e-06 1.328635880781803280e-05 8.205229278246406466e-06 8.595207532380300108e-07 2.100094889101455919e-07 1.274959942065834184e-07 3.685642298023594776e-07 1.164433342637494206e-06 1.998428160732146353e-06 3.708002623170614243e-06 4.567909854813478887e-06 6.578949978575110435e-06 1.328635880781803280e-05 8.205229278246406466e-06 8.595207532380300108e-07 2.100094889101455919e-07 1.274959942065834184e-07 3.685642298023594776e-07 1.164433342637494206e-06 1.998428160732146353e-06 3.708002623170614243e-06
5.100000000000000000e+04 2.447131464577978477e-06 2.323648004676215351e-06 5.699396751879248768e-06 1.097862877941224724e-06 7.292487680388148874e-07 7.949071090251891292e-08 1.516989840411042678e-07 1.459578840012909495e-07 4.060331093569402583e-07 1.604059207238606177e-06 4.004905207466435968e-08 2.447131464577978477e-06 2.323648004676215351e-06 5.699396751879248768e-06 1.097862877941224724e-06 7.292487680388148874e-07 7.949071090251891292e-08 1.516989840411042678e-07 1.459578840012909495e-07 4.060331093569402583e-07 1.604059207238606177e-06 4.004905207466435968e-08
5.200000000000000000e+04 4.055521458212751895e-06 6.366614798025693744e-06 7.818159247108269483e-06 4.544264811556786299e-06 1.000080487756349612e-06 1.485187652860986418e-07 5.184312499295629095e-07 1.204514177288729115e-07 5.443867507892719004e-07 1.956137111847056076e-06 2.511396132831578143e-06 4.055521458212751895e-06 6.366614798025693744e-06 7.818159247108269483e-06 4.544264811556786299e-06 1.000080487756349612e-06 1.485187652860986418e-07 5.184312499295629095e-07 1.204514177288729115e-07 5.443867507892719004e-07 1.956137111847056076e-06 2.511396132831578143e-06
5.300000000000000000e+04 1.153338507720036432e-05 2.950014459202066064e-05 1.855481787060853094e-05 1.921737020893488079e-05 8.165565304807387292e-06 5.265749223326565698e-07 2.147846998923341744e-06 2.844086850473104278e-07 3.480267196209752001e-06 3.758133516384987161e-06 2.177295357341790805e-07 1.153338507720036432e-05 2.950014459202066064e-05 1.855481787060853094e-05 1.921737020893488079e-05 8.165565304807387292e-06 5.265749223326565698e-07 2.147846998923341744e-06 2.844086850473104278e-07 3.480267196209752001e-06 3.758133516384987161e-06 2.177295357341790805e-07
5.400000000000000000e+04 8.208913641283288598e-06 6.826227490819292143e-06 6.995630883466219530e-06 2.685459776330390014e-06 4.914527380606159568e-06 5.415608939074445516e-07 6.194301249706768431e-07 4.554738097795052454e-07 9.581575568518019281e-07 1.463761691411491483e-06 2.235570661923702573e-08 8.208913641283288598e-06 6.826227490819292143e-06 6.995630883466219530e-06 2.685459776330390014e-06 4.914527380606159568e-06 5.415608939074445516e-07 6.194301249706768431e-07 4.554738097795052454e-07 9.581575568518019281e-07 1.463761691411491483e-06 2.235570661923702573e-08
5.500000000000000000e+04 9.185497219732496887e-06 1.163783235824666917e-05 1.888459701149258763e-05 1.360806163575034589e-05 1.947365717569482513e-06 7.801986043887154665e-07 1.205120838676521089e-07 6.883047944938880391e-07 1.666413368184294086e-06 2.394533112237695605e-06 6.186226073623402044e-06 9.185497219732496887e-06 1.163783235824666917e-05 1.888459701149258763e-05 1.360806163575034589e-05 1.947365717569482513e-06 7.801986043887154665e-07 1.205120838676521089e-07 6.883047944938880391e-07 1.666413368184294086e-06 2.394533112237695605e-06 6.186226073623402044e-06
5.600000000000000000e+04 9.327600309916306287e-06 9.845725799095816910e-06 1.042000621964689344e-05 6.981294063734821975e-06 5.863276328454958275e-06 4.253583938407246023e-07 6.949167072889395058e-07 7.002930715316324495e-07 1.038539494402357377e-06 2.365428372286260128e-06 3.217724952264688909e-06 9.327600309916306287e-06 9.845725799095816910e-06 1.042000621964689344e-05 6.981294063734821975e-06 5.863276328454958275e-06 4.253583938407246023e-07 6.949167072889395058e-07 7.002930715316324495e-07 1.038539494402357377e-06 2.365428372286260128e-06 3.217724952264688909e-06
5.700000000000000000e+04 1.466655885451473296e-05 1.185884502774570137e-05 1.512887047283584252e-05 9.855540156422648579e-06 5.115839940117439255e-06 1.626234052309882827e-06 4.927749159833183512e-07 3.590269272990553873e-07 1.669359448897012044e-06 2.167270622521755286e-06 2.935008069471223280e-06 1.466655885451473296e-05 1.185884502774570137e-05 1.512887047283584252e-05 9.855540156422648579e-06 5.115839940117439255e-06 1.626234052309882827e-06 4.927749159833183512e-07 3.590269272990553873e-07 1.669359448897012044e-06 2.167270622521755286e-06 2.935008069471223280e-06
5.800000000000000000e+04 6.049353487469488755e-06 4.692585207521915436e-06 6.829385256423847750e-06 2.412947878838167526e-06 2.589981022538268007e-06 4.236175357164029265e-07 3.029437891655106796e-07 1.344748881138002616e-07 7.703008009229961317e-07 1.532162286821403541e-06 2.931665790129045490e-07 6.049353487469488755e-06 4.692585207521915436e-06 6.829385256423847750e-06 2.412947878838167526e-06 2.589981022538268007e-06 4.236175357164029265e-07 3.029437891655106796e-07 1.344748881138002616e-07 7.703008009229961317e-07 1.532162286821403541e-06 2.931665790129045490e-07
5.900000000000000000e+04 9.518305887468159199e-06 1.706203511275816709e-05 9.286532076657749712e-06 1.032475211104610935e-05 3.223343355784891173e-06 2.388079849424684653e-07 1.782835511221492197e-06 1.100523832064936869e-07 1.466293952034902759e-06 2.475795099599054083e-06 4.753093890030868351e-06 9.518305887468159199e-06 1.706203511275816709e-05 9.286532076657749712e-06 1.032475211104610935e-05 3.223343355784891173e-06 2.388079849424684653e-07 1.782835511221492197e-06 1.100523832064936869e-07 1.466293952034902759e-06 2.475795099599054083e-06 4.753093890030868351e-06
6.000000000000000000e+04 6.310483513516373932e-06 5.453029189084190875e-06 5.565976607613265514e-06 9.946553518602740951e-07 3.040796400455292314e-06 2.178372859873434209e-08 4.269323596872709459e-07 2.280607986904215068e-06 5.997737844154471532e-07 2.557092102506430820e-06 4.143254628274917195e-10 6.310483513516373932e-06 5.453029189084190875e-06 5.565976607613265514e-06 9.946553518602740951e-07 3.040796400455292314e-06 2.178372859873434209e-08 4.269323596872709459e-07 2.280607986904215068e-06 5.997737844154471532e-07 2.557092102506430820e-06 4.143254628274917195e-10
6.100000000000000000e+04 6.349005161609966308e-06 6.212528660398675129e-06 8.000102752703242004e-06 4.445354079507524148e-06 2.491508894308935851e-06 6.472942004620563239e-08 6.291419936133024748e-07 5.581724735748139210e-07 1.673458086770551745e-06 1.965807541637332179e-06 5.934090268056024797e-07 6.349005161609966308e-06 6.212528660398675129e-06 8.000102752703242004e-06 4.445354079507524148e-06 2.491508894308935851e-06 6.472942004620563239e-08 6.291419936133024748e-07 5.581724735748139210e-07 1.673458086770551745e-06 1.965807541637332179e-06 5.934090268056024797e-07
6.200000000000000000e+04 3.284612375864526257e-06 4.602338776749093086e-06 1.135351067205192521e-05 5.328352926881052554e-06 6.828402092651231214e-07 3.100990966231620405e-07 2.053159136039539590e-07 3.175709935021586716e-07 8.260225854428426828e-07 1.737044271976628806e-06 1.340685685136122629e-06 3.284612375864526257e-06 4.602338776749093086e-06 1.135351067205192521e-05 5.328352926881052554e-06 6.828402092651231214e-07 3.100990966231620405e-07 2.053159136039539590e-07 3.175709935021586716e-07 8.260225854428426828e-07 1.737044271976628806e-06 1.340685685136122629e-06
6.300000000000000000e+04 2.243848030047956854e-06 2.831770189004600979e-06 6.099416168581228703e-06 2.093866669383714907e-06 5.932188855695130769e-07 2.720714853410299838e-08 1.391234576431088499e-07 1.353216418920055730e-07 5.712300321647489909e-07 1.498923666076734662e-06 3.006363158419844694e-07 2.243848030047956854e-06 2.831770189004600979e-06 6.099416168581228703e-06 2.093866669383714907e-06 5.932188855695130769e-07 2.720714853410299838e-08 1.391234576431088499e-07 1.353216418920055730e-07 5.712300321647489909e-07 1.498923666076734662e-06 3.006363158419844694e-07
6.400000000000000000e+04 6.873123766126809642e-06 6.096995548432460055e-06 5.358276666811434552e-06 2.237217358924681321e-06 3.149391432089032605e-06 2.023400469397529378e-07 7.064133455969567876e-07 4.617635624981630826e-07 1.025438564283831511e-06 1.992868874367559329e-06 1.003614080730130809e-09 6.873123766126809642e-06 6.096995548432460055e-06 5.358276666811434552e-06 2.237217358924681321e-06 3.149391432089032605e-06 2.023400469397529378e-07 7.064133455969567876e-07 4.617635624981630826e-07 1.025438564283831511e-06 1.992868874367559329e-06 1.003614080730130809e-09
6.500000000000000000e+04 3.538661530910758302e-06 1.972838390429387800e-06 5.732532372348941863e-06 1.615337282601103652e-06 1.145612259279005229e-06 1.319813378586331964e-07 1.731005596639079158e-07 7.947614477643583086e-08 4.722221547126537189e-07 1.431078089808579534e-06 1.585306108609074727e-07 3.538661530910758302e-06 1.972838390429387800e-06 5.732532372348941863e-06 1.615337282601103652e-06 1.145612259279005229e-06 1.319813378586331964e-07 1.731005596639079158e-07 7.947614477643583086e-08 4.722221547126537189e-07 1.431078089808579534e-06 1.585306108609074727e-07
6.600000000000000000e+04 1.251184357897727750e-06 1.493300601396185812e-06 4.898190582025563344e-06 8.505059554408944678e-07 2.295895313864093623e-07 2.813915322974480659e-08 7.743295782347558998e-08 8.469446299841365544e-08 2.487468577783147339e-07 1.423957428414723836e-06 1.446780117930757115e-08 1.251184357897727750e-06 1.493300601396185812e-06 4.898190582025563344e-06 8.505059554408944678e-07 2.295895313864093623e-07 2.813915322974480659e-08 7.743295782347558998e-08 8.469446299841365544e-08 2.487468577783147339e-07 1.423957428414723836e-06 1.446780117930757115e-08
6.700000000000000000e+04 2.838036834873491898e-06 2.643202833496616222e-06 5.424486971605801955e-06 1.423697767677367665e-06 6.220185468919225968e-07 1.034522014720096195e-07 1.859782798874221044e-07 4.499460430906765396e-07 2.623489194775174838e-07 1.610228082427056506e-06 2.858864434074348537e-07 2.838036834873491898e-06 2.643202833496616222e-06 5.424486971605801955e-06 1.423697767677367665e-06 6.220185468919225968e-07 1.034522014720096195e-07 1.859782798874221044e-07 4.499460430906765396e-07 2.623489194775174838e-07 1.610228082427056506e-06 2.858864434074348537e-07
6.800000000000000000e+04 3.496423687465721741e-06 7.680233466089703143e-06 5.876973773411009461e-06 3.323677901789778844e-06 1.093130890694737900e-06 5.478115028267893649e-08 5.205618549553037155e-07 4.156128738941333722e-07 9.851627282841945998e-07 1.892935870273504406e-06 8.605085355384289869e-08 3.496423687465721741e-06 7.680233466089703143e-06 5.876973773411009461e-06 3.323677901789778844e-06 1.093130890694737900e-06 5.478115028267893649e-08 5.205618549553037155e-07 4.156128738941333722e-07 9.851627282841945998e-07 1.892935870273504406e-06 8.605085355384289869e-08
6.900000000000000000e+04 1.755628727551084012e-05 2.825406227202620357e-05 3.059930168092250824e-05 2.793741805362515152e-05 6.693527211609762162e-06 5.047508579991699662e-07 6.876805400679586455e-07 6.492222382803447545e-06 3.124426029899041168e-06 3.150259317408199422e-06 1.968194010260049254e-05 1.755628727551084012e-05 2.825406227202620357e-05 3.059930168092250824e-05 2.793741805362515152e-05 6.693527211609762162e-06 5.047508579991699662e-07 6.876805400679586455e-07 6.492222382803447545e-06 3.124426029899041168e-06 3.150259317408199422e-06 1.968194010260049254e-05
7.000000000000000000e+04 1.237837750522885472e-06 1.723190962366061285e-06 4.866012204729486257e-06 8.853107829054351896e-07 3.245078801228373777e-07 4.066947667524800636e-08 6.766639870647850330e-08 6.438487787363555981e-08 1.878803033150688861e-07 1.400796122652536724e-06 4.383215923553507309e-08 1.237837750522885472e-06 1.723190962366061285e-06 4.866012204729486257e-06 8.853107829054351896e-07 3.245078801228373777e-07 4.066947667524800636e-08 6.766639870647850330e-08 6.438487787363555981e-08 1.878803033150688861e-07 1.400796122652536724e-06 4.383215923553507309e-08
7.100000000000000000e+04 2.666901764314388856e-06 3.075332870139391162e-06 6.471909728134050965e-06 2.766529405562323518e-06 8.920792993194481824e-07 2.499918494436315086e-08 1.582516944154122029e-07 3.209523242730938364e-07 6.242520385058014654e-07 1.368323410133598372e-06 9.487910688221745659e-07 2.666901764314388856e-06 3.075332870139391162e-06 6.471909728134050965e-06 2.766529405562323518e-06 8.920792993194481824e-07 2.499918494436315086e-08 1.582516944154122029e-07 3.209523242730938364e-07 6.242520385058014654e-07 1.368323410133598372e-06 9.487910688221745659e-07
7.200000000000000000e+04 2.315036454092478380e-06 3.569306727513321675e-06 6.900908374518621713e-06 3.218500751245301217e-06 4.804287527804262936e-07 1.205747679478008649e-07 8.076204238705031457e-08 7.461080286930155125e-08 3.053712305245426251e-07 1.357088535769435111e-06 1.286380097553774249e-06 2.315036454092478380e-06 3.569306727513321675e-06 6.900908374518621713e-06 3.218500751245301217e-06 4.804287527804262936e-07 1.205747679478008649e-07 8.076204238705031457e-08 7.461080286930155125e-08 3.053712305245426251e-07 1.357088535769435111e-06 1.286380097553774249e-06
7.300000000000000000e+04 1.080521724361460656e-05 1.219464593305019662e-05 1.772243922459892929e-05 1.427418555977055803e-05 1.971977098946808837e-06 1.247368004442250822e-06 9.236323705863469513e-08 1.469306539547687862e-06 1.019585852191084996e-06 2.340366563657880761e-06 8.628181603853590786e-06 1.080521724361460656e-05 1.219464593305019662e-05 1.772243922459892929e-05 1.427418555977055803e-05 1.971977098946808837e-06 1.247368004442250822e-06 9.236323705863469513e-08 1.469306539547687862e-06 1.019585852191084996e-06 2.340366563657880761e-06 8.628181603853590786e-06
7.400000000000000000e+04 5.065346158517058939e-06 4.334653567639179528e-06 5.028326540923444554e-06 1.905321482809085865e-06 2.207088982686400414e-06 1.196264918235101504e-07 5.571311589847027790e-07 3.419177119212690741e-07 8.765757684159325436e-07 1.664092906139558181e-06 4.863309754910005722e-11 5.065346158517058939e-06 4.334653567639179528e-06 5.028326540923444554e-06 1.905321482809085865e-06 2.207088982686400414e-06 1.196264918235101504e-07 5.571311589847027790e-07 3.419177119212690741e-07 8.765757684159325436e-07 1.664092906139558181e-06 4.863309754910005722e-11
7.500000000000000000e+04 1.782445110620756168e-06 1.646197574700636324e-06 4.790094408235745504e-06 9.097560678128502332e-07 5.485260317072970793e-07 8.334414047794780345e-08 1.496119779176297016e-07 6.486166626018530224e-08 2.794535589600855019e-07 1.194576725538354367e-06 1.225795109860428056e-08 1.782445110620756168e-06 1.646197574700636324e-06 4.790094408235745504e-06 9.097560678128502332e-07 5.485260317072970793e-07 8.334414047794780345e-08 1.496119779176297016e-07 6.486166626018530224e-08 2.794535589600855019e-07 1.194576725538354367e-06 1.225795109860428056e-08
7.600000000000000000e+04 2.046829422397422604e-06 1.943309825946926139e-06 5.937651167187141255e-06 1.894700631055457052e-06 5.370549729377671611e-07 2.964130807470155560e-08 1.002437102215480991e-07 7.228874210341018625e-08 3.832410016002540942e-07 1.257077656191540882e-06 3.770172156691842247e-07 2.046829422397422604e-06 1.943309825946926139e-06 5.937651167187141255e-06 1.894700631055457052e-06 5.370549729377671611e-07 2.964130807470155560e-08 1.002437102215480991e-07 7.228874210341018625e-08 3.832410016002540942e-07 1.257077656191540882e-06 3.770172156691842247e-07
7.700000000000000000e+04 4.423419795784866437e-06 8.349697054654825479e-06 7.738380190858151764e-06 8.171604349627159536e-06 6.750451575499027967e-07 5.881387892259226646e-07 6.081676815483660903e-07 1.721413013910932932e-06 3.001592858709045686e-07 2.109299430230748840e-06 2.977538315462879837e-06 4.423419795784866437e-06 8.349697054654825479e-06 7.738380190858151764e-06 8.171604349627159536e-06 6.750451575499027967e-07 5.881387892259226646e-07 6.081676815483660903e-07 1.721413013910932932e-06 3.001592858709045686e-07 2.109299430230748840e-06 2.977538315462879837e-06
7.800000000000000000e+04 1.018087459669914097e-06 1.060460022017650772e-06 4.505925517150899395e-06 6.387480766534281429e-07 2.029043173479294637e-07 2.256697761993109452e-08 6.644655314858027850e-08 6.333073088171659037e-08 1.842105348259792663e-07 1.204039904223463964e-06 2.098205165168565145e-09 1.018087459669914097e-06 1.060460022017650772e-06 4.505925517150899395e-06 6.387480766534281429e-07 2.029043173479294637e-07 2.256697761993109452e-08 6.644655314858027850e-08 6.333073088171659037e-08 1.842105348259792663e-07 1.204039904223463964e-06 2.098205165168565145e-09
7.900000000000000000e+04 8.134939889714587480e-06 9.784143003344070166e-06 8.696561963006388396e-06 5.387060809880495071e-06 3.021654038093402050e-06 1.549724260030416190e-07 6.359140911627036985e-07 2.132199824700364843e-06 1.619486511117429473e-06 2.507892304492997937e-06 8.992351467895787209e-07 8.134939889714587480e-06 9.784143003344070166e-06 8.696561963006388396e-06 5.387060809880495071e-06 3.021654038093402050e-06 1.549724260030416190e-07 6.359140911627036985e-07 2.132199824700364843e-06 1.619486511117429473e-06 2.507892304492997937e-06 8.992351467895787209e-07
8.000000000000000000e+04 1.451900516258319840e-06 1.217620479110337328e-06 4.496498149819672108e-06 6.948195618861063849e-07 4.494473557770106709e-07 6.257668161424589925e-08 8.648466121030651266e-08 5.339336439647013322e-08 2.050748548754199874e-07 1.222346440954424907e-06 1.203389388138020877e-09 1.451900516258319840e-06 1.217620479110337328e-06 4.496498149819672108e-06 6.948195618861063849e-07 4.494473557770106709e-07 6.257668161424589925e-08 8.648466121030651266e-08 5.339336439647013322e-08 2.050748548754199874e-07 1.222346440954424907e-06 1.203389388138020877e-09
8.100000000000000000e+04 6.961204235267359763e-06 1.270392658625496551e-05 7.682408977416343987e-06 6.261774160520872101e-06 4.302827619540039450e-06 8.176539267878979445e-07 1.207949253512197174e-06 5.142669934343757632e-08 1.320220121669990476e-06 1.525096308796491940e-06 4.253182055435900111e-07 6.961204235267359763e-06 1.270392658625496551e-05 7.682408977416343987e-06 6.261774160520872101e-06 4.302827619540039450e-06 8.176539267878979445e-07 1.207949253512197174e-06 5.142669934343757632e-08 1.320220121669990476e-06 1.525096308796491940e-06 4.253182055435900111e-07
8.200000000000000000e+04 7.158294010878307745e-06 1.209945457958383486e-05 2.071419112326111645e-05 1.758048892952501774e-05 1.806976001716975588e-06 4.430716273873258615e-07 9.357798091969016241e-08 1.680848669138867990e-07 1.353660309177939780e-06 1.442228040104964748e-06 1.014652843878138810e-05 7.158294010878307745e-06 1.209945457958383486e-05 2.071419112326111645e-05 1.758048892952501774e-05 1.806976001716975588e-06 4.430716273873258615e-07 9.357798091969016241e-08 1.680848669138867990e-07 1.353660309177939780e-06 1.442228040104964748e-06 1.014652843878138810e-05
8.300000000000000000e+04 4.890558557235635817e-06 3.832803031400544569e-06 5.333316494215978310e-06 8.606176038483681623e-07 1.667497599555645138e-06 3.387380687058794138e-08 1.249698868832638254e-07 9.042900614986137953e-07 2.254827791148272809e-07 1.334902549388061743e-06 1.437058472220087424e-07 4.890558557235635817e-06 3.832803031400544569e-06 5.333316494215978310e-06 8.606176038483681623e-07 1.667497599555645138e-06 3.387380687058794138e-08 1.249698868832638254e-07 9.042900614986137953e-07 2.254827791148272809e-07 1.334902549388061743e-06 1.437058472220087424e-07
8.400000000000000000e+04 2.830360472216852941e-06 3.612691898524644785e-06 4.959340458299266174e-06 2.071711151074850932e-06 1.041047994476684835e-06 1.995640275254118023e-08 3.237851728954410646e-07 3.482287809219997143e-07 6.089824751143169124e-07 1.297710468861623667e-06 5.307123984721329180e-08 2.830360472216852941e-06 3.612691898524644785e-06 4.959340458299266174e-06 2.071711151074850932e-06 1.041047994476684835e-06 1.995640275254118023e-08 3.237851728954410646e-07 3.482287809219997143e-07 6.089824751143169124e-07 1.297710468861623667e-06 5.307123984721329180e-08
8.500000000000000000e+04 3.895393092534504831e-06 3.525956117300665937e-06 5.133490958542097360e-06 1.476487909712886903e-06 2.371012442381470464e-06 1.218764964505680837e-07 2.569363175553007750e-07 5.258676765151903965e-07 4.764724224060046254e-07 1.469333255954552442e-06 4.436254243955772836e-07 3.895393092534504831e-06 3.525956117300665937e-06 5.133490958542097360e-06 1.476487909712886903e-06 2.371012442381470464e-06 1.218764964505680837e-07 2.569363175553007750e-07 5.258676765151903965e-07 4.764724224060046254e-07 1.469333255954552442e-06 4.436254243955772836e-07
8.600000000000000000e+04 7.326023023779271170e-06 2.113176606144406833e-06 6.908174782438436523e-06 2.495819217074313201e-06 1.898149434964579996e-06 6.176953206704638433e-07 6.964759080574367545e-08 1.668419258749054279e-06 2.476404006301891059e-07 2.066940623990376480e-06 3.497154921205947176e-07 7.326023023779271170e-06 2.113176606144406833e-06 6.908174782438436523e-06 2.495819217074313201e-06 1.898149434964579996e-06 6.176953206704638433e-07 6.964759080574367545e-08 1.668419258749054279e-06 2.476404006301891059e-07 2.066940623990376480e-06 3.497154921205947176e-07
8.700000000000000000e+04 5.339421932148979977e-06 6.189908162923529744e-06 7.805762834323104471e-06 4.612499196809949353e-06 2.402781092314398848e-06 1.897819288387836423e-07 6.312818641163175926e-07 5.730092667022290698e-08 4.441312739800196141e-07 1.048772674039355479e-06 2.976921223307726905e-06 5.339421932148979977e-06 6.189908162923529744e-06 7.805762834323104471e-06 4.612499196809949353e-06 2.402781092314398848e-06 1.897819288387836423e-07 6.312818641163175926e-07 5.730092667022290698e-08 4.441312739800196141e-07 1.048772674039355479e-06 2.976921223307726905e-06
8.800000000000000000e+04 2.628981974339694716e-06 1.871559334176708944e-06 5.078594313090434298e-06 1.307839511355268769e-06 8.980380812317889649e-07 2.948690713822088583e-08 6.480877345893532038e-08 4.460775357983948197e-07 1.910267286575617618e-07 1.288197040594241116e-06 2.031309662697822205e-07 2.628981974339694716e-06 1.871559334176708944e-06 5.078594313090434298e-06 1.307839511355268769e-06 8.980380812317889649e-07 2.948690713822088583e-08 6.480877345893532038e-08 4.460775357983948197e-07 1.910267286575617618e-07 1.288197040594241116e-06 2.031309662697822205e-07
8.900000000000000000e+04 2.434999260003678501e-06 4.588040155795169994e-06 7.613660727656679228e-06 4.571882072923472151e-06 4.485047497837513220e-07 1.818941086639824789e-07 1.484719689415214816e-07 1.027292739763652207e-07 3.196475404365628492e-07 1.122438789025181904e-06 3.347306574141839519e-06 2.434999260003678501e-06 4.588040155795169994e-06 7.613660727656679228e-06 4.571882072923472151e-06 4.485047497837513220e-07 1.818941086639824789e-07 1.484719689415214816e-07 1.027292739763652207e-07 3.196475404365628492e-07 1.122438789025181904e-06 3.347306574141839519e-06
9.000000000000000000e+04 6.847132681286893785e-06 1.717738268780522048e-05 1.234274532180279493e-05 1.317238093179184943e-05 4.872199951932998374e-06 2.991973531152325450e-07 1.260610019926389214e-06 4.674083413647167617e-07 6.529983807013195474e-07 9.870439043879741803e-07 9.491238415648695081e-06 6.847132681286893785e-06 1.717738268780522048e-05 1.234274532180279493e-05 1.317238093179184943e-05 4.872199951932998374e-06 2.991973531152325450e-07 1.260610019926389214e-06 4.674083413647167617e-07 6.529983807013195474e-07 9.870439043879741803e-07 9.491238415648695081e-06
9.100000000000000000e+04 2.303896508237812668e-06 2.363755811529699713e-06 5.235271146375453100e-06 1.466689354856498539e-06 9.315872944171132986e-07 1.896331554007701925e-07 1.051845615052116045e-07 9.075152718196477508e-08 1.902444779489087523e-07 1.091884087145444937e-06 6.592860586351889651e-07 2.303896508237812668e-06 2.363755811529699713e-06 5.235271146375453100e-06 1.466689354856498539e-06 9.315872944171132986e-07 1.896331554007701925e-07 1.051845615052116045e-07 9.075152718196477508e-08 1.902444779489087523e-07 1.091884087145444937e-06 6.592860586351889651e-07
9.200000000000000000e+04 1.672749135650519747e-06 1.687454187049297616e-06 5.235010576143395156e-06 1.216833425132790580e-06 3.404518906791054178e-07 8.181363142512054765e-08 6.916300065995528712e-08 5.830048266375342791e-08 1.644262965783127584e-07 1.018637135530298110e-06 5.224337087383901235e-07 1.672749135650519747e-06 1.687454187049297616e-06 5.235010576143395156e-06 1.216833425132790580e-06 3.404518906791054178e-07 8.181363142512054765e-08 6.916300065995528712e-08 5.830048266375342791e-08 1.644262965783127584e-07 1.018637135530298110e-06 5.224337087383901235e-07
9.300000000000000000e+04 2.525920308471540920e-06 1.845194447014364414e-06 5.253526069282088429e-06 1.478272110944089945e-06 6.009414050822670106e-07 1.466951999873344903e-07 5.961733506865130039e-08 4.599997680543310707e-07 1.850177966389310313e-07 1.274870555789675564e-06 6.454213803408492822e-07 2.525920308471540920e-06 1.845194447014364414e-06 5.253526069282088429e-06 1.478272110944089945e-06 6.009414050822670106e-07 1.466951999873344903e-07 5.961733506865130039e-08 4.599997680543310707e-07 1.850177966389310313e-07 1.274870555789675564e-06 6.454213803408492822e-07
9.400000000000000000e+04 9.830259841692168266e-07 1.252852712241292465e-06 4.402391368785174564e-06 8.589299227423907723e-07 2.924133184478705516e-07 2.996069525806888123e-08 7.306488214453565888e-08 4.443382906060833193e-08 1.603859232091053855e-07 1.027617031468253117e-06 2.411621835562982596e-07 9.830259841692168266e-07 1.252852712241292465e-06 4.402391368785174564e-06 8.589299227423907723e-07 2.924133184478705516e-07 2.996069525806888123e-08 7.306488214453565888e-08 4.443382906060833193e-08 1.603859232091053855e-07 1.027617031468253117e-06 2.411621835562982596e-07
9.500000000000000000e+04 4.546897798718418926e-06 2.780029944915440865e-06 6.106888122303644195e-06 1.896315211524779443e-06 1.512486733190598898e-06 6.644976480174591416e-08 1.586013951282438939e-07 6.773387184466628241e-08 5.258933128970966209e-07 1.058958105204510503e-06 2.927472166902589379e-07 4.546897798718418926e-06 2.780029944915440865e-06 6.106888122303644195e-06 1.896315211524779443e-06 1.512486733190598898e-06 6.644976480174591416e-08 1.586013951282438939e-07 6.773387184466628241e-08 5.258933128970966209e-07 1.058958105204510503e-06 2.927472166902589379e-07
9.600000000000000000e+04 1.357790893052879255e-06 1.330631448581698351e-06 4.474309662327868864e-06 7.636122631993202958e-07 4.821318952963338234e-07 2.645977126292109460e-08 8.021779507316750824e-08 1.783468519533926155e-07 1.929744968265367788e-07 9.356793952974840067e-07 4.907139938836735382e-08 1.357790893052879255e-06 1.330631448581698351e-06 4.474309662327868864e-06 7.636122631993202958e-07 4.821318952963338234e-07 2.645977126292109460e-08 8.021779507316750824e-08 1.783468519533926155e-07 1.929744968265367788e-07 9.356793952974840067e-07 4.907139938836735382e-08
9.700000000000000000e+04 3.015533593497821130e-06 1.230546604347182438e-05 9.786485861695837229e-06 9.833843250817153603e-06 1.377180524286814034e-06 4.440421363938185095e-08 4.931620765091793146e-07 3.301666140487213852e-07 1.818376915707631269e-07 1.300683493354881648e-06 5.950719241809565574e-06 3.015533593497821130e-06 1.230546604347182438e-05 9.786485861695837229e-06 9.833843250817153603e-06 1.377180524286814034e-06 4.440421363938185095e-08 4.931620765091793146e-07 3.301666140487213852e-07 1.818376915707631269e-07 1.300683493354881648e-06 5.950719241809565574e-06
9.800000000000000000e+04 8.429701097156794276e-07 8.178207053788355552e-07 4.113181603315752000e-06 5.401757903200632427e-07 1.909107538722309982e-07 2.625226436236971495e-08 5.667511615570219874e-08 3.758270494813586993e-08 1.514513598976918729e-07 9.223948609360377304e-07 6.277436170876171673e-08 8.429701097156794276e-07 8.178207053788355552e-07 4.113181603315752000e-06 5.401757903200632427e-07 1.909107538722309982e-07 2.625226436236971495e-08 5.667511615570219874e-08 3.758270494813586993e-08 1.514513598976918729e-07 9.223948609360377304e-07 6.277436170876171673e-08
9.900000000000000000e+04 1.888289261842146516e-06 1.962988108061836101e-06 4.813194209418725222e-06 1.152919935520912986e-06 6.241207302082329988e-07 2.725765924083134450e-08 7.978908200811929419e-08 2.047800649052078370e-07 2.735997668423806317e-07 1.055946086125914007e-06 1.505643751897878246e-07 1.888289261842146516e-06 1.962988108061836101e-06 4.813194209418725222e-06 1.152919935520912986e-06 6.241207302082329988e-07 2.725765924083134450e-08 7.978908200811929419e-08 2.047800649052078370e-07 2.735997668423806317e-07 1.055946086125914007e-06 1.505643751897878246e-07
1.000000000000000000e+05 5.794809567305492237e-06 1.683902883087284863e-05 2.190261147916316986e-05 2.083071922243107110e-05 1.550760998725309037e-06 3.587861101550515741e-07 4.013213583675678819e-07 1.346506451227469370e-06 1.161449404207814950e-06 1.697517859611252788e-06 1.500859980296809226e-05 5.794809567305492237e-06 1.683902883087284863e-05 2.190261147916316986e-05 2.083071922243107110e-05 1.550760998725309037e-06 3.587861101550515741e-07 4.013213583675678819e-07 1.346506451227469370e-06 1.161449404207814950e-06 1.697517859611252788e-06 1.500859980296809226e-05
1.010000000000000000e+05 1.391659225191688165e-05 1.708778472675476223e-05 1.042666917783208191e-05 1.136129503720439970e-05 4.373569026938639581e-06 1.010211121865722816e-06 1.942677954502869397e-06 2.149097326764604077e-07 1.278027411899529397e-06 2.085524101858027279e-06 6.246262728382134810e-06 1.391659225191688165e-05 1.708778472675476223e-05 1.042666917783208191e-05 1.136129503720439970e-05 4.373569026938639581e-06 1.010211121865722816e-06 1.942677954502869397e-06 2.149097326764604077e-07 1.278027411899529397e-06 2.085524101858027279e-06 6.246262728382134810e-06
1.020000000000000000e+05 6.985457275732187554e-06 4.898347924608970061e-06 7.768699106236454099e-06 4.624270331987645477e-06 1.615370365470880643e-06 6.647431973760831170e-07 1.667247602199495304e-07 1.142855694524769206e-06 2.505454972379084211e-07 1.624007950340455864e-06 2.769533239188604057e-06 6.985457275732187554e-06 4.898347924608970061e-06 7.768699106236454099e-06 4.624270331987645477e-06 1.615370365470880643e-06 6.647431973760831170e-07 1.667247602199495304e-07 1.142855694524769206e-06 2.505454972379084211e-07 1.624007950340455864e-06 2.769533239188604057e-06
1.030000000000000000e+05 1.303091266890987754e-05 8.702649211045354605e-06 1.094809795176843181e-05 8.330563105118926615e-06 8.396866178372874856e-06 2.810487842452857876e-07 1.027908297146495897e-06 1.656064682720170822e-06 1.955807420017663389e-06 1.917340341606177390e-06 5.928493465034989640e-06 1.303091266890987754e-05 8.702649211045354605e-06 1.094809795176843181e-05 8.330563105118926615e-06 8.396866178372874856e-06 2.810487842452857876e-07 1.027908297146495897e-06 1.656064682720170822e-06 1.955807420017663389e-06 1.917340341606177390e-06 5.928493465034989640e-06
1.040000000000000000e+05 9.194362746711703949e-07 1.123147171711025294e-06 4.073266154591692612e-06 6.887783001729985699e-07 2.052546648201314383e-07 4.943762021980546706e-08 5.936633584724404500e-08 4.881169246573335840e-08 1.476650055565187358e-07 8.058756293394253589e-07 1.354013932086672867e-07 9.194362746711703949e-07 1.123147171711025294e-06 4.073266154591692612e-06 6.887783001729985699e-07 2.052546648201314383e-07 4.943762021980546706e-08 5.936633584724404500e-08 4.881169246573335840e-08 1.476650055565187358e-07 8.058756293394253589e-07 1.354013932086672867e-07
1.050000000000000000e+05 9.919630201693507843e-07 1.699798531262786128e-06 4.467734015634050593e-06 1.373494342260528356e-06 1.982230486419211957e-07 5.184135076774509798e-08 1.026605715992445766e-07 7.989984140976957860e-08 1.310508395135911996e-07 8.958698458627623040e-07 8.986700663626834285e-07 9.919630201693507843e-07 1.699798531262786128e-06 4.467734015634050593e-06 1.373494342260528356e-06 1.982230486419211957e-07 5.184135076774509798e-08 1.026605715992445766e-07 7.989984140976957860e-08 1.310508395135911996e-07 8.958698458627623040e-07 8.986700663626834285e-07
1.060000000000000000e+05 2.443633093207608908e-06 2.566460807429393753e-06 5.093551862955791876e-06 1.633030706216231920e-06 1.418960209775832482e-06 8.916627791677456116e-08 2.285516274014298688e-07 1.424162547891683062e-07 3.102992707226803759e-07 9.677424941401113756e-07 7.826094474694400560e-07 2.443633093207608908e-06 2.566460807429393753e-06 5.093551862955791876e-06 1.633030706216231920e-06 1.418960209775832482e-06 8.916627791677456116e-08 2.285516274014298688e-07 1.424162547891683062e-07 3.102992707226803759e-07 9.677424941401113756e-07 7.826094474694400560e-07
1.070000000000000000e+05 1.148982732956937980e-06 1.254281528417777736e-06 3.768579063034849241e-06 4.692869595146476058e-07 3.172033871123858262e-07 2.234945384316233685e-08 7.871955176597111858e-08 1.595773113649556763e-07 1.568986505162683898e-07 8.361237746612459887e-07 1.195132881548488513e-09 1.148982732956937980e-06 1.254281528417777736e-06 3.768579063034849241e-06 4.692869595146476058e-07 3.172033871123858262e-07 2.234945384316233685e-08 7.871955176597111858e-08 1.595773113649556763e-07 1.568986505162683898e-07 8.361237746612459887e-07 1.195132881548488513e-09
1.080000000000000000e+05 1.178297111437132116e-06 8.323805218424240593e-07 3.620373945523169823e-06 3.758738387205085019e-07 5.068072255198785570e-07 5.603935804288084910e-08 7.688179692877383786e-08 3.941815407415560912e-08 1.651834935501028667e-07 8.199339731618238147e-07 2.630643258783038618e-09 1.178297111437132116e-06 8.323805218424240593e-07 3.620373945523169823e-06 3.758738387205085019e-07 5.068072255198785570e-07 5.603935804288084910e-08 7.688179692877383786e-08 3.941815407415560912e-08 1.651834935501028667e-07 8.199339731618238147e-07 2.630643258783038618e-09
1.090000000000000000e+05 1.016577584778133314e-06 1.052575953508494422e-06 3.851689598377561197e-06 6.637599767600477207e-07 2.777503596007591113e-07 3.348964838778556441e-08 6.678569519635857432e-08 1.926044177480434882e-07 1.532612827759294305e-07 7.867527074267854914e-07 2.066382904786223662e-07 1.016577584778133314e-06 1.052575953508494422e-06 3.851689598377561197e-06 6.637599767600477207e-07 2.777503596007591113e-07 3.348964838778556441e-08 6.678569519635857432e-08 1.926044177480434882e-07 1.532612827759294305e-07 7.867527074267854914e-07 2.066382904786223662e-07
1.100000000000000000e+05 5.947922545601613820e-06 8.444819286523852497e-06 6.847138593002455309e-06 4.512130090006394312e-06 1.868165441010205541e-06 3.892396307492163032e-07 4.853371819990570657e-07 6.820693556619517040e-07 1.053687356034060940e-06 1.575061560288304463e-06 8.180337829344352940e-08 5.947922545601613820e-06 8.444819286523852497e-06 6.847138593002455309e-06 4.512130090006394312e-06 1.868165441010205541e-06 3.892396307492163032e-07 4.853371819990570657e-07 6.820693556619517040e-07 1.053687356034060940e-06 1.575061560288304463e-06 8.180337829344352940e-08
1.110000000000000000e+05 8.790968422545120120e-06 9.765638424141798168e-06 6.544548796227900311e-06 4.967779659637017176e-06 3.746901711565442383e-06 1.104885996028315276e-07 7.725400905655988026e-07 6.966890282456006389e-07 1.923181116580963135e-06 1.458368615203653462e-06 6.865679438305960502e-07 8.790968422545120120e-06 9.765638424141798168e-06 6.544548796227900311e-06 4.967779659637017176e-06 3.746901711565442383e-06 1.104885996028315276e-07 7.725400905655988026e-07 6.966890282456006389e-07 1.923181116580963135e-06 1.458368615203653462e-06 6.865679438305960502e-07
1.120000000000000000e+05 1.433988131793739740e-06 2.311717707925708964e-06 4.001065462944097817e-06 1.550281467643799260e-06 4.529892123628087575e-07 1.236397206838546481e-08 2.336059878871310502e-07 1.315439845939181396e-07 2.535954308768850751e-07 8.680342489242320880e-07 5.676606065208034124e-07 1.433988131793739740e-06 2.311717707925708964e-06 4.001065462944097817e-06 1.550281467643799260e-06 4.529892123628087575e-07 1.236397206838546481e-08 2.336059878871310502e-07 1.315439845939181396e-07 2.535954308768850751e-07 8.680342489242320880e-07 5.676606065208034124e-07
1.130000000000000000e+05 1.022994979393843096e-06 8.834058462525717914e-07 3.591027279981062748e-06 4.641947555228398414e-07 3.425574561788380379e-07 1.444132813332998921e-08 5.350889864530472551e-08 1.239171183442522306e-07 1.355648890921656857e-07 7.588415087411704008e-07 6.460440626909758066e-09 1.022994979393843096e-06 8.834058462525717914e-07 3.591027279981062748e-06 4.641947555228398414e-07 3.425574561788380379e-07 1.444132813332998921e-08 5.350889864530472551e-08 1.239171183442522306e-07 1.355648890921656857e-07 7.588415087411704008e-07 6.460440626909758066e-09
1.140000000000000000e+05 1.934659849212039262e-06 3.344322067277971655e-06 4.084680313098942861e-06 1.366093783872202039e-06 6.915585117894806899e-07 5.371442313162333448e-08 1.298531060456298292e-07 3.161886397151647543e-08 3.994371127191698179e-07 7.947963922561029904e-07 7.919909705833561020e-08 1.934659849212039262e-06 3.344322067277971655e-06 4.084680313098942861e-06 1.366093783872202039e-06 6.915585117894806899e-07 5.371442313162333448e-08 1.298531060456298292e-07 3.161886397151647543e-08 3.994371127191698179e-07 7.947963922561029904e-07 7.919909705833561020e-08
1.150000000000000000e+05 1.078021227840508800e-06 1.080732545233331621e-06 3.587324954423820600e-06 6.475380018855503295e-07 2.919168480275402544e-07 2.162627765756042209e-08 7.712510807778016897e-08 9.786334231876026024e-08 1.284613944108059513e-07 7.747238441879744641e-07 2.288825271534733474e-07 1.078021227840508800e-06 1.080732545233331621e-06 3.587324954423820600e-06 6.475380018855503295e-07 2.919168480275402544e-07 2.162627765756042209e-08 7.712510807778016897e-08 9.786334231876026024e-08 1.284613944108059513e-07 7.747238441879744641e-07 2.288825271534733474e-07
1.160000000000000000e+05 2.619397491798736155e-06 3.293915597168961540e-06 4.515846285357838497e-06 2.218795088992919773e-06 6.468018227678840049e-07 1.134788476520043332e-07 2.680433794921555091e-07 3.517355366966512520e-07 2.075944394164253026e-07 1.009712491395475809e-06 7.653054012735083234e-07 2.619397491798736155e-06 3.293915597168961540e-06 4.515846285357838497e-06 2.218795088992919773e-06 6.468018227678840049e-07 1.134788476520043332e-07 2.680433794921555091e-07 3.517355366966512520e-07 2.075944394164253026e-07 1.009712491395475809e-06 7.653054012735083234e-07
1.170000000000000000e+05 6.982185823289910331e-06 3.010835371242137626e-06 5.326431619323557243e-06 2.497598870832007378e-06 2.151081162082846276e-06 9.572214594300021417e-07 1.915461353974023950e-07 5.155248459232097957e-07 4.545679530565394089e-07 1.339095433650072664e-06 2.226520194881231873e-07 6.982185823289910331e-06 3.010835371242137626e-06 5.326431619323557243e-06 2.497598870832007378e-06 2.151081162082846276e-06 9.572214594300021417e-07 1.915461353974023950e-07 5.155248459232097957e-07 4.545679530565394089e-07 1.339095433650072664e-06 2.226520194881231873e-07
1.180000000000000000e+05 2.526539674363448285e-06 5.667769983119796962e-06 4.844230716116726398e-06 3.254736611779662780e-06 8.217106710617372300e-07 6.974306643314776011e-08 4.961582931173325051e-07 8.289176633979877806e-08 2.621364671995252138e-07 1.024061930365860462e-06 1.611906213838665280e-06 2.526539674363448285e-06 5.667769983119796962e-06 4.844230716116726398e-06 3.254736611779662780e-06 8.217106710617372300e-07 6.974306643314776011e-08 4.961582931173325051e-07 8.289176633979877806e-08 2.621364671995252138e-07 1.024061930365860462e-06 1.611906213838665280e-06
1.190000000000000000e+05 2.179261173296254128e-06 1.645191900934150908e-06 3.400933110242476687e-06 3.180867906849016435e-07 1.350398065369518008e-06 2.963354361895653710e-08 1.462014296294000815e-07 5.264677724881039467e-07 2.386724702319042990e-07 7.631679181940853596e-07 9.801656375429956825e-09 2.179261173296254128e-06 1.645191900934150908e-06 3.400933110242476687e-06 3.180867906849016435e-07 1.350398065369518008e-06 2.963354361895653710e-08 1.462014296294000815e-07 5.264677724881039467e-07 2.386724702319042990e-07 7.631679181940853596e-07 9.801656375429956825e-09
1.200000000000000000e+05 4.500430804910138249e-06 2.021771706495201215e-06 4.952925792167661712e-06 2.072661800411879085e-06 1.469497419748222455e-06 2.974234973862621700e-07 1.939693987651480711e-07 2.201529269996171934e-07 4.724436166725354269e-07 9.625221082387724891e-07 5.014945827497285791e-07 4.500430804910138249e-06 2.021771706495201215e-06 4.952925792167661712e-06 2.072661800411879085e-06 1.469497419748222455e-06 2.974234973862621700e-07 1.939693987651480711e-07 2.201529269996171934e-07 4.724436166725354269e-07 9.625221082387724891e-07 5.014945827497285791e-07
1.210000000000000000e+05 1.902610847537289374e-06 2.227847062385990284e-06 3.308427494630450383e-06 7.003484938650217373e-07 8.005121117093949579e-07 1.659974913081896375e-07 1.462154699538587010e-07 4.239299400410345697e-08 2.453699323723412817e-07 7.139358899621583987e-07 1.891166903078556061e-07 1.902610847537289374e-06 2.227847062385990284e-06 3.308427494630450383e-06 7.003484938650217373e-07 8.005121117093949579e-07 1.659974913081896375e-07 1.462154699538587010e-07 4.239299400410345697e-08 2.453699323723412817e-07 7.139358899621583987e-07 1.891166903078556061e-07
1.220000000000000000e+05 6.949320777493994683e-06 4.118635843042284250e-06 4.034242010675370693e-06 1.192303329844435211e-06 4.850342520512640476e-06 4.352108078364835819e-07 5.400741542871401180e-07 5.558574684982886538e-07 6.504517955363553483e-07 8.131763706842320971e-07 4.684582961544947466e-07 6.949320777493994683e-06 4.118635843042284250e-06 4.034242010675370693e-06 1.192303329844435211e-06 4.850342520512640476e-06 4.352108078364835819e-07 5.400741542871401180e-07 5.558574684982886538e-07 6.504517955363553483e-07 8.131763706842320971e-07 4.684582961544947466e-07
1.230000000000000000e+05 6.696053333143936470e-06 9.183099791698623449e-06 7.236989858938613907e-06 5.985308234812691808e-06 1.837795707615441643e-06 3.191260873336432269e-07 9.613493148208362982e-07 5.252555297374783549e-07 6.376806140906410292e-07 1.421496676812239457e-06 2.088442442982341163e-06 6.696053333143936470e-06 9.183099791698623449e-06 7.236989858938613907e-06 5.985308234812691808e-06 1.837795707615441643e-06 3.191260873336432269e-07 9.613493148208362982e-07 5.252555297374783549e-07 6.376806140906410292e-07 1.421496676812239457e-06 2.088442442982341163e-06
1.240000000000000000e+05 1.214503640767361503e-06 1.222188984684180468e-06 3.600750460464041680e-06 9.285804480896331370e-07 4.293507629427040229e-07 1.978560248971916735e-08 8.590362199356604833e-08 5.454953111438953783e-08 2.750692260633513797e-07 6.794381874897226226e-07 1.978467452090626466e-07 1.214503640767361503e-06 1.222188984684180468e-06 3.600750460464041680e-06 9.285804480896331370e-07 4.293507629427040229e-07 1.978560248971916735e-08 8.590362199356604833e-08 5.454953111438953783e-08 2.750692260633513797e-07 6.794381874897226226e-07 1.978467452090626466e-07
1.250000000000000000e+05 7.838821716177335475e-07 1.130609120991721284e-06 3.305770405859220773e-06 6.799907623644685373e-07 3.355183935127570294e-07 1.872722421580874652e-08 6.641323579970048741e-08 6.398938978691148805e-08 1.178587822892041004e-07 6.688963480883103330e-07 2.570158414982870454e-07 7.838821716177335475e-07 1.130609120991721284e-06 3.305770405859220773e-06 6.799907623644685373e-07 3.355183935127570294e-07 1.872722421580874652e-08 6.641323579970048741e-08 6.398938978691148805e-08 1.178587822892041004e-07 6.688963480883103330e-07 2.570158414982870454e-07
1.260000000000000000e+05 1.884259745565941557e-06 3.525723286657012068e-06 4.091795744898263365e-06 2.269364131279871799e-06 6.553757430083351210e-07 3.597349618189582543e-08 3.557106822427158477e-07 7.344823416133294813e-08 3.753924602278857492e-07 8.744079309508379083e-07 5.521844173017598223e-07 1.884259745565941557e-06 3.525723286657012068e-06 4.091795744898263365e-06 2.269364131279871799e-06 6.553757430083351210e-07 3.597349618189582543e-08 3.557106822427158477e-07 7.344823416133294813e-08 3.753924602278857492e-07 8.744079309508379083e-07 5.521844173017598223e-07
1.270000000000000000e+05 5.733346029046515469e-07 4.732650324967835331e-07 2.859200776583747938e-06 2.372193108612918877e-07 1.851120430274022510e-07 1.347739964074889940e-08 4.698005540149097214e-08 3.112569757490746269e-08 1.110486991251491418e-07 6.107923127274261788e-07 2.494893180937651778e-12 5.733346029046515469e-07 4.732650324967835331e-07 2.859200776583747938e-06 2.372193108612918877e-07 1.851120430274022510e-07 1.347739964074889940e-08 4.698005540149097214e-08 3.112569757490746269e-08 1.110486991251491418e-07 6.107923127274261788e-07 2.494893180937651778e-12
1.280000000000000000e+05 4.479275958146899939e-06 1.405045713909203187e-05 1.377604166918899864e-05 1.325414905295474455e-05 4.761309924106171820e-07 4.791672836290672421e-07 5.510470373337739147e-07 1.748540086055072607e-07 2.141156301149749197e-07 9.395541837875498459e-07 1.091073772840900347e-05 4.479275958146899939e-06 1.405045713909203187e-05 1.377604166918899864e-05 1.325414905295474455e-05 4.761309924106171820e-07 4.791672836290672421e-07 5.510470373337739147e-07 1.748540086055072607e-07 2.141156301149749197e-07 9.395541837875498459e-07 1.091073772840900347e-05
1.290000000000000000e+05 2.445924565108725801e-06 2.642285153342527337e-06 5.857566065969876945e-06 2.898899310821434483e-06 1.000856400423799641e-06 4.847531798191084818e-08 1.581177571097214241e-07 2.886922061406949069e-07 6.618621455345419236e-07 8.001194373719044961e-07 1.345936084362620022e-06 2.445924565108725801e-06 2.642285153342527337e-06 5.857566065969876945e-06 2.898899310821434483e-06 1.000856400423799641e-06 4.847531798191084818e-08 1.581177571097214241e-07 2.886922061406949069e-07 6.618621455345419236e-07 8.001194373719044961e-07 1.345936084362620022e-06
1.300000000000000000e+05 2.052634272331488319e-06 1.102549504139460623e-06 2.956545586130232550e-06 3.818499294538924005e-07 9.343668807559879497e-07 1.246729794956991100e-07 1.174792743086072733e-07 2.967099987927213078e-08 1.875619517477389309e-07 6.227647872947272845e-07 4.413216458942770259e-08 2.052634272331488319e-06 1.102549504139460623e-06 2.956545586130232550e-06 3.818499294538924005e-07 9.343668807559879497e-07 1.246729794956991100e-07 1.174792743086072733e-07 2.967099987927213078e-08 1.875619517477389309e-07 6.227647872947272845e-07 4.413216458942770259e-08
1.310000000000000000e+05 3.110056468358379789e-06 4.872205408901209012e-06 4.015021204395452514e-06 2.666094133019214496e-06 8.820920811558607966e-07 7.012484815049901954e-08 1.921061993925832212e-07 1.629067298836162081e-07 5.054367875345633365e-07 8.031087190829566680e-07 3.856019503700736095e-08 3.110056468358379789e-06 4.872205408901209012e-06 4.015021204395452514e-06 2.666094133019214496e-06 8.820920811558607966e-07 7.012484815049901954e-08 1.921061993925832212e-07 1.629067298836162081e-07 5.054367875345633365e-07 8.031087190829566680e-07 3.856019503700736095e-08
1.320000000000000000e+05 5.508871367965184618e-07 5.873311579307483044e-07 2.596927060949383304e-06 3.002333528456802014e-07 1.718755129331839271e-07 1.645640423930672114e-08 4.876033798950629716e-08 3.918520619095033908e-08 1.071297290877737396e-07 5.363506261346628889e-07 6.564385301999209332e-08 5.508871367965184618e-07 5.873311579307483044e-07 2.596927060949383304e-06 3.002333528456802014e-07 1.718755129331839271e-07 1.645640423930672114e-08 4.876033798950629716e-08 3.918520619095033908e-08 1.071297290877737396e-07 5.363506261346628889e-07 6.564385301999209332e-08
1.330000000000000000e+05 4.030129730381304398e-06 1.100329518521903083e-05 6.803318228776333854e-06 5.882469395146472380e-06 1.807316266422276385e-06 1.841289076764951460e-08 1.107745788431202527e-06 2.353613979266810929e-07 6.543240260725724511e-07 8.930347803470795043e-07 2.224800255135050975e-06 4.030129730381304398e-06 1.100329518521903083e-05 6.803318228776333854e-06 5.882469395146472380e-06 1.807316266422276385e-06 1.841289076764951460e-08 1.107745788431202527e-06 2.353613979266810929e-07 6.543240260725724511e-07 8.930347803470795043e-07 2.224800255135050975e-06
1.340000000000000000e+05 3.020247277163434774e-06 1.827206801863212604e-06 4.068280759383924305e-06 1.098707002711307723e-06 9.090078378903854173e-07 2.630631570355035365e-07 5.705911831910270848e-08 1.198135123559040949e-06 1.087257928134022222e-07 9.501065960648702458e-07 2.877058875583315967e-07 3.020247277163434774e-06 1.827206801863212604e-06 4.068280759383924305e-06 1.098707002711307723e-06 9.090078378903854173e-07 2.630631570355035365e-07 5.705911831910270848e-08 1.198135123559040949e-06 1.087257928134022222e-07 9.501065960648702458e-07 2.877058875583315967e-07
1.350000000000000000e+05 1.427121105734840967e-06 1.685890993030625395e-06 3.208525413356255740e-06 1.156719235950731672e-06 4.634233334854798159e-07 4.113814711104168964e-08 1.003145513323033811e-07 3.341025944791908842e-07 9.671482814610499190e-08 6.832797794231737498e-07 6.518539521493948996e-07 1.427121105734840967e-06 1.685890993030625395e-06 3.208525413356255740e-06 1.156719235950731672e-06 4.634233334854798159e-07 4.113814711104168964e-08 1.003145513323033811e-07 3.341025944791908842e-07 9.671482814610499190e-08 6.832797794231737498e-07 6.518539521493948996e-07
1.360000000000000000e+05 5.682147730112774298e-07 4.579474364163615974e-07 2.036948899331036955e-06 2.318738268058950780e-07 2.084389336687308969e-07 2.403792187521958112e-08 4.765294292496946582e-08 3.037440876596519956e-08 8.889804092859776574e-08 5.276152137412282173e-07 1.684521322431464796e-08 5.682147730112774298e-07 4.579474364163615974e-07 2.036948899331036955e-06 2.318738268058950780e-07 2.084389336687308969e-07 2.403792187521958112e-08 4.765294292496946582e-08 3.037440876596519956e-08 8.889804092859776574e-08 5.276152137412282173e-07 1.684521322431464796e-08
1.370000000000000000e+05 3.547447022356209345e-06 1.914688482429482974e-06 2.273965947097167373e-06 3.570926878637692425e-07 2.119679265888407826e-06 2.010931297036222531e-07 1.787451964219144429e-07 7.504031174221381661e-08 2.612132732338068308e-07 6.293930709944106638e-07 1.542963445899658836e-08 3.547447022356209345e-06 1.914688482429482974e-06 2.273965947097167373e-06 3.570926878637692425e-07 2.119679265888407826e-06 2.010931297036222531e-07 1.787451964219144429e-07 7.504031174221381661e-08 2.612132732338068308e-07 6.293930709944106638e-07 1.542963445899658836e-08
1.380000000000000000e+05 8.625790542282629758e-06 5.195356152398744598e-06 4.985615305486135185e-06 3.068539854211849160e-06 2.715379423534614034e-06 9.799310873859212734e-07 3.722765882230305579e-07 5.453093763208016753e-07 4.522538006312970538e-07 1.155524500973115209e-06 3.989946435467572883e-07 8.625790542282629758e-06 5.195356152398744598e-06 4.985615305486135185e-06 3.068539854211849160e-06 2.715379423534614034e-06 9.799310873859212734e-07 3.722765882230305579e-07 5.453093763208016753e-07 4.522538006312970538e-07 1.155524500973115209e-06 3.989946435467572883e-07
1.390000000000000000e+05 2.818161647155648097e-06 5.112194685352733359e-06 5.909190804231911898e-06 3.556030151230515912e-06 5.557514555221132468e-07 3.154175374220358208e-07 4.163622691066848347e-07 2.197338915266300319e-07 1.669696274575471762e-07 6.401182304216490593e-07 3.004442760357051156e-06 2.818161647155648097e-06 5.112194685352733359e-06 5.909190804231911898e-06 3.556030151230515912e-06 5.557514555221132468e-07 3.154175374220358208e-07 4.163622691066848347e-07 2.197338915266300319e-07 1.669696274575471762e-07 6.401182304216490593e-07 3.004442760357051156e-06
1.400000000000000000e+05 4.360979346529347822e-06 9.531034265819471329e-06 1.043022166413720697e-05 9.559141290083061904e-06 1.157920223704422824e-06 1.002007721240261162e-07 4.788288876511614944e-08 1.101354811794408306e-07 7.809287581039825454e-07 6.962859515624586493e-07 5.534003776119789109e-06 4.360979346529347822e-06 9.531034265819471329e-06 1.043022166413720697e-05 9.559141290083061904e-06 1.157920223704422824e-06 1.002007721240261162e-07 4.788288876511614944e-08 1.101354811794408306e-07 7.809287581039825454e-07 6.962859515624586493e-07 5.534003776119789109e-06
1.410000000000000000e+05 3.874060439557069913e-06 4.795217591890832409e-06 4.043065018777269870e-06 1.469220819672045764e-06 2.419411657683667727e-06 1.211820261914908770e-07 2.055588623761650524e-07 6.130837277851242106e-07 3.252191049796238076e-07 6.841556228209810797e-07 5.961919669061899185e-08 3.874060439557069913e-06 4.795217591890832409e-06 4.043065018777269870e-06 1.469220819672045764e-06 2.419411657683667727e-06 1.211820261914908770e-07 2.055588623761650524e-07 6.130837277851242106e-07 3.252191049796238076e-07 6.841556228209810797e-07 5.961919669061899185e-08
1.420000000000000000e+05 4.618070306605659425e-06 3.758084403671091422e-06 3.987660875282017514e-06 2.803863480949075893e-06 1.913495907501783222e-06 6.680274395876040217e-07 3.034117526112822816e-07 2.490218662387633231e-07 3.288477046226034872e-07 9.134760716733580921e-07 4.668686131026333896e-07 4.618070306605659425e-06 3.758084403671091422e-06 3.987660875282017514e-06 2.803863480949075893e-06 1.913495907501783222e-06 6.680274395876040217e-07 3.034117526112822816e-07 2.490218662387633231e-07 3.288477046226034872e-07 9.134760716733580921e-07 4.668686131026333896e-07
1.430000000000000000e+05 3.853049861390900332e-07 3.592853090594871901e-07 1.306696503888815641e-06 1.834034435432840837e-07 1.491375911655268283e-07 1.283605577384605567e-08 3.797714143161101674e-08 2.829869849563237949e-08 9.036202897050316096e-08 4.506538573423313210e-07 6.284395226430206094e-11 3.853049861390900332e-07 3.592853090594871901e-07 1.306696503888815641e-06 1.834034435432840837e-07 1.491375911655268283e-07 1.283605577384605567e-08 3.797714143161101674e-08 2.829869849563237949e-08 9.036202897050316096e-08 4.506538573423313210e-07 6.284395226430206094e-11
1.440000000000000000e+05 9.044097737387346569e-07 1.135667616836144589e-06 1.698506594038917683e-06 3.729089144144381862e-07 6.088991426622669678e-07 3.102687529121794796e-08 6.946852693090477260e-08 1.574941848048183601e-07 1.216472895748665906e-07 4.946591616317164153e-07 9.162861402955968515e-08 9.044097737387346569e-07 1.135667616836144589e-06 1.698506594038917683e-06 3.729089144144381862e-07 6.088991426622669678e-07 3.102687529121794796e-08 6.946852693090477260e-08 1.574941848048183601e-07 1.216472895748665906e-07 4.946591616317164153e-07 9.162861402955968515e-08
1.450000000000000000e+05 1.060525733009853866e-06 8.120589427562663332e-07 1.587098836353106890e-06 5.178721949050668627e-07 6.248498038985417224e-07 2.207421978539514384e-08 7.604360519053443568e-08 1.673825238412973704e-07 1.907131945699802600e-07 4.945230216435447801e-07 2.807468320042971754e-07 1.060525733009853866e-06 8.120589427562663332e-07 1.587098836353106890e-06 5.178721949050668627e-07 6.248498038985417224e-07 2.207421978539514384e-08 7.604360519053443568e-08 1.673825238412973704e-07 1.907131945699802600e-07 4.945230216435447801e-07 2.807468320042971754e-07
1.460000000000000000e+05 3.652874283943674527e-06 1.010110918286954984e-05 8.022993824852164835e-06 6.532510269607882947e-06 2.313492586836218834e-06 2.071786724400226376e-07 9.713465942695620470e-07 7.917947186797391623e-08 3.828627370694448473e-07 6.027621566317975521e-07 3.802948413067497313e-06 3.652874283943674527e-06 1.010110918286954984e-05 8.022993824852164835e-06 6.532510269607882947e-06 2.313492586836218834e-06 2.071786724400226376e-07 9.713465942695620470e-07 7.917947186797391623e-08 3.828627370694448473e-07 6.027621566317975521e-07 3.802948413067497313e-06
1.470000000000000000e+05 1.115575651056133211e-05 1.462868112866999581e-05 5.040180894866352901e-06 5.251692527963314205e-06 6.849000328656984493e-06 1.229499844157544430e-06 9.030548540067684371e-07 3.118714744232420344e-07 2.751021384028717875e-07 8.570947898078884464e-07 1.557583573230658658e-06 1.115575651056133211e-05 1.462868112866999581e-05 5.040180894866352901e-06 5.251692527963314205e-06 6.849000328656984493e-06 1.229499844157544430e-06 9.030548540067684371e-07 3.118714744232420344e-07 2.751021384028717875e-07 8.570947898078884464e-07 1.557583573230658658e-06
1.480000000000000000e+05 5.948886041551304515e-07 4.178704955393186538e-07 1.087277496480965056e-06 2.137635704002605053e-07 2.679078932033007732e-07 1.273005789670378363e-08 3.522977820580308617e-08 1.149137744960171403e-07 8.332935408361663576e-08 4.448469894668960478e-07 1.901029555995137343e-09 5.948886041551304515e-07 4.178704955393186538e-07 1.087277496480965056e-06 2.137635704002605053e-07 2.679078932033007732e-07 1.273005789670378363e-08 3.522977820580308617e-08 1.149137744960171403e-07 8.332935408361663576e-08 4.448469894668960478e-07 1.901029555995137343e-09
1.490000000000000000e+05 4.705227638623910025e-07 1.047367959472467192e-06 1.568310153743368573e-06 7.002909114817157388e-07 2.147145181652376777e-07 1.147939965306932208e-08 1.119064023669125163e-07 3.921913105386920506e-08 9.034147296915762126e-08 3.773835715037421323e-07 3.708211409048089990e-07 4.705227638623910025e-07 1.047367959472467192e-06 1.568310153743368573e-06 7.002909114817157388e-07 2.147145181652376777e-07 1.147939965306932208e-08 1.119064023669125163e-07 3.921913105386920506e-08 9.034147296915762126e-08 3.773835715037421323e-07 3.708211409048089990e-07
1.500000000000000000e+05 7.984638614288996905e-06 6.192266027937876061e-06 4.252233338775113225e-06 3.514066975185414776e-06 4.635499863070435822e-06 3.082340356286294991e-07 8.367704253942065407e-07 2.670393257631076267e-07 1.729683503981505055e-06 1.053728738042991608e-06 3.570499700344953453e-07 7.984638614288996905e-06 6.192266027937876061e-06 4.252233338775113225e-06 3.514066975185414776e-06 4.635499863070435822e-06 3.082340356286294991e-07 8.367704253942065407e-07 2.670393257631076267e-07 1.729683503981505055e-06 1.053728738042991608e-06 3.570499700344953453e-07
