# step, loss_train, loss_test, metrics_test
0.000000000000000000e+00 1.818205688476562500e+03 2.624010925292968750e+02 2.706033550202846527e-02 3.148854151368141174e-02 2.416440285742282867e-03 6.574781984090805054e-02 3.630822058767080307e-03 8.808799088001251221e-03 4.588808224070817232e-04 1.111389882862567902e-02 3.576407674700021744e-03 7.568097114562988281e-02 3.333467102050781250e+01 2.769222557544708252e-01 9.217813611030578613e-02 1.782312255859375000e+03 2.614104309082031250e+02 2.230559661984443665e-02 2.748273126780986786e-02 1.626577693969011307e-03 6.574781984090805054e-02 3.630822058767080307e-03 8.808799088001251221e-03 4.588808224070817232e-04 1.111389882862567902e-02 3.576407674700021744e-03 7.568097114562988281e-02 3.333467102050781250e+01 2.769222557544708252e-01 9.217813611030578613e-02
1.000000000000000000e+03 3.856546878814697266e-01 7.678911089897155762e-02 3.471690416336059570e-02 3.039180114865303040e-02 2.438348159193992615e-02 1.723285764455795288e-02 1.164789428003132343e-03 7.861890830099582672e-03 9.635551832616329193e-03 2.058705780655145645e-03 4.517833888530731201e-02 4.359334334731101990e-02 5.190392490476369858e-03 1.354424934834241867e-02 2.626992762088775635e-03 4.624028801918029785e-01 6.563648581504821777e-02 4.179316386580467224e-02 3.193941339850425720e-02 2.531072683632373810e-02 1.723285764455795288e-02 1.164789428003132343e-03 7.861890830099582672e-03 9.635551832616329193e-03 2.058705780655145645e-03 4.517833888530731201e-02 4.359334334731101990e-02 5.190392490476369858e-03 1.354424934834241867e-02 2.626992762088775635e-03
2.000000000000000000e+03 7.687128335237503052e-02 1.149796415120363235e-02 1.664074510335922241e-02 1.402166578918695450e-02 1.507961750030517578e-02 2.400220371782779694e-03 3.323128039482980967e-04 1.524177147075533867e-03 1.745267421938478947e-03 2.703559002839028835e-04 1.983457058668136597e-02 2.853957377374172211e-02 3.010863438248634338e-03 1.114550232887268066e-02 1.191779272630810738e-03 9.441078454256057739e-02 1.248554885387420654e-02 1.979995146393775940e-02 1.547349989414215088e-02 1.932086050510406494e-02 2.400220371782779694e-03 3.323128039482980967e-04 1.524177147075533867e-03 1.745267421938478947e-03 2.703559002839028835e-04 1.983457058668136597e-02 2.853957377374172211e-02 3.010863438248634338e-03 1.114550232887268066e-02 1.191779272630810738e-03
3.000000000000000000e+03 2.741691097617149353e-02 5.427719559520483017e-03 3.054202068597078323e-03 3.315595909953117371e-03 4.463134799152612686e-03 1.231767004355788231e-03 2.835741033777594566e-04 1.799521269276738167e-04 2.387401473242789507e-04 2.372079870838206261e-05 2.613423159345984459e-03 1.043191365897655487e-02 8.628431241959333420e-04 6.941000930964946747e-03 7.871730485931038857e-04 3.312186524271965027e-02 6.130130030214786530e-03 4.282952286303043365e-03 3.854064038023352623e-03 5.598238203674554825e-03 1.231767004355788231e-03 2.835741033777594566e-04 1.799521269276738167e-04 2.387401473242789507e-04 2.372079870838206261e-05 2.613423159345984459e-03 1.043191365897655487e-02 8.628431241959333420e-04 6.941000930964946747e-03 7.871730485931038857e-04
4.000000000000000000e+03 1.260730810463428497e-02 3.107452299445867538e-03 1.503952080383896828e-03 1.780026825144886971e-03 1.619246904738247395e-03 1.186657580547034740e-03 2.942785795312374830e-04 6.262461829464882612e-05 8.836699271341785789e-05 9.418402623850852251e-05 5.020739627070724964e-04 4.619146231561899185e-03 4.054012824781239033e-04 2.559712156653404236e-03 2.769767306745052338e-04 1.630802452564239502e-02 3.866126760840415955e-03 1.806494081392884254e-03 2.042787382379174232e-03 1.956371357664465904e-03 1.186657580547034740e-03 2.942785795312374830e-04 6.262461829464882612e-05 8.836699271341785789e-05 9.418402623850852251e-05 5.020739627070724964e-04 4.619146231561899185e-03 4.054012824781239033e-04 2.559712156653404236e-03 2.769767306745052338e-04
5.000000000000000000e+03 7.399132475256919861e-03 1.992495264858007431e-03 8.883533300831913948e-04 1.207542489282786846e-03 9.650389547459781170e-04 1.110087847337126732e-03 2.728032704908400774e-04 3.533807830535806715e-05 7.872180867707356811e-05 9.340899850940331817e-05 1.999040978262200952e-04 2.973382361233234406e-03 1.600268878974020481e-04 4.482737567741423845e-04 3.424357055337168276e-05 9.641950018703937531e-03 2.542444271966814995e-03 9.519922896288335323e-04 1.457823673263192177e-03 1.061468152329325676e-03 1.110087847337126732e-03 2.728032704908400774e-04 3.533807830535806715e-05 7.872180867707356811e-05 9.340899850940331817e-05 1.999040978262200952e-04 2.973382361233234406e-03 1.600268878974020481e-04 4.482737567741423845e-04 3.424357055337168276e-05
6.000000000000000000e+03 4.821859300136566162e-02 1.018786896020174026e-02 9.957536123692989349e-03 3.539711702615022659e-03 1.010425388813018799e-03 8.445713901892304420e-04 2.171473315684124827e-04 2.304877853021025658e-05 5.455131395137868822e-05 9.178875916404649615e-05 1.381595066050067544e-04 8.412340655922889709e-03 6.402246654033660889e-04 8.281882765004411340e-05 2.493346983101218939e-05 6.302700936794281006e-02 8.423884399235248566e-03 8.236682973802089691e-03 3.512640716508030891e-03 1.026334939524531364e-03 8.445713901892304420e-04 2.171473315684124827e-04 2.304877853021025658e-05 5.455131395137868822e-05 9.178875916404649615e-05 1.381595066050067544e-04 8.412340655922889709e-03 6.402246654033660889e-04 8.281882765004411340e-05 2.493346983101218939e-05
7.000000000000000000e+03 6.466229911893606186e-03 1.626041601411998272e-03 1.030704472213983536e-03 9.925606427714228630e-04 6.268942379392683506e-04 8.903405396267771721e-04 1.784074411261826754e-04 1.356101347482763231e-05 5.665269054588861763e-05 3.374053267179988325e-05 9.865110769169405103e-05 1.907748985104262829e-03 9.212900476995855570e-05 7.425587682519108057e-05 1.885566598502919078e-05 9.155885316431522369e-03 1.847209874540567398e-03 1.031982130371034145e-03 1.009862753562629223e-03 6.509109516628086567e-04 8.903405396267771721e-04 1.784074411261826754e-04 1.356101347482763231e-05 5.665269054588861763e-05 3.374053267179988325e-05 9.865110769169405103e-05 1.907748985104262829e-03 9.212900476995855570e-05 7.425587682519108057e-05 1.885566598502919078e-05
8.000000000000000000e+03 3.205019515007734299e-03 9.253480820916593075e-04 6.473077228292822838e-04 6.550355465151369572e-04 5.392299499362707138e-04 7.121147937141358852e-04 1.398817694280296564e-04 1.273155066883191466e-05 4.420916957315057516e-05 2.442328332108445466e-05 7.252889190567657351e-05 1.282318145968019962e-03 8.373319724341854453e-05 5.447879448183812201e-05 2.432980181765742600e-05 4.533478990197181702e-03 1.205134205520153046e-03 6.795930094085633755e-04 7.415609434247016907e-04 5.595109541900455952e-04 7.121147937141358852e-04 1.398817694280296564e-04 1.273155066883191466e-05 4.420916957315057516e-05 2.442328332108445466e-05 7.252889190567657351e-05 1.282318145968019962e-03 8.373319724341854453e-05 5.447879448183812201e-05 2.432980181765742600e-05
9.000000000000000000e+03 5.399079993367195129e-03 1.013795495964586735e-03 1.088231685571372509e-03 8.156449184753000736e-04 4.870827542617917061e-04 6.587003008462488651e-04 1.157188744400627911e-04 1.655580854276195168e-05 3.422988811507821083e-05 1.970695848285686225e-05 3.171646094415336847e-04 1.114286016672849655e-03 7.491985888918861747e-05 6.459719588747248054e-05 1.990943019336555153e-05 6.498952396214008331e-03 1.092166290618479252e-03 1.065063872374594212e-03 8.116443641483783722e-04 5.035553476773202419e-04 6.587003008462488651e-04 1.157188744400627911e-04 1.655580854276195168e-05 3.422988811507821083e-05 1.970695848285686225e-05 3.171646094415336847e-04 1.114286016672849655e-03 7.491985888918861747e-05 6.459719588747248054e-05 1.990943019336555153e-05
1.000000000000000000e+04 2.083434723317623138e-03 5.761199863627552986e-04 4.528818244580179453e-04 4.182275151833891869e-04 4.295399994589388371e-04 5.060786497779190540e-04 8.671647083247080445e-05 1.259285909327445552e-05 2.728281469899229705e-05 1.703406451269984245e-05 5.847104330314323306e-05 8.118362748064100742e-04 6.373429641826078296e-05 4.909550625598058105e-05 2.527243486838415265e-05 2.922097453847527504e-03 8.097410900518298149e-04 5.094517255201935768e-04 5.302794161252677441e-04 4.468795959837734699e-04 5.060786497779190540e-04 8.671647083247080445e-05 1.259285909327445552e-05 2.728281469899229705e-05 1.703406451269984245e-05 5.847104330314323306e-05 8.118362748064100742e-04 6.373429641826078296e-05 4.909550625598058105e-05 2.527243486838415265e-05
1.100000000000000000e+04 2.330670598894357681e-03 6.246579578146338463e-04 5.705257062800228596e-04 5.122910370118916035e-04 3.940591413993388414e-04 4.550981393549591303e-04 7.480311614926904440e-05 1.277039336855523288e-05 2.319792292837519199e-05 1.484277254348853603e-05 5.303101352183148265e-05 7.213347125798463821e-04 1.414546131854876876e-04 3.759031460504047573e-05 2.943849358416628093e-05 3.080901689827442169e-03 7.958462228998541832e-04 6.381063722074031830e-04 5.900255637243390083e-04 4.097448254469782114e-04 4.550981393549591303e-04 7.480311614926904440e-05 1.277039336855523288e-05 2.319792292837519199e-05 1.484277254348853603e-05 5.303101352183148265e-05 7.213347125798463821e-04 1.414546131854876876e-04 3.759031460504047573e-05 2.943849358416628093e-05
1.200000000000000000e+04 2.197477500885725021e-03 6.730452878400683403e-04 6.576373125426471233e-04 5.032260669395327568e-04 3.558546886779367924e-04 3.901774762198328972e-04 6.177069735713303089e-05 1.150185016740579158e-05 2.111353751388378441e-05 9.685102668299805373e-06 5.564657476497814059e-05 7.056824397295713425e-04 7.400166214210912585e-05 3.650807047961279750e-05 2.749906525423284620e-05 3.282109973952174187e-03 7.704732706770300865e-04 6.639234488829970360e-04 5.055595538578927517e-04 3.640977956820279360e-04 3.901774762198328972e-04 6.177069735713303089e-05 1.150185016740579158e-05 2.111353751388378441e-05 9.685102668299805373e-06 5.564657476497814059e-05 7.056824397295713425e-04 7.400166214210912585e-05 3.650807047961279750e-05 2.749906525423284620e-05
1.300000000000000000e+04 1.495228265412151814e-03 4.064461681991815567e-04 3.683033573906868696e-04 3.106841468252241611e-04 3.216402838006615639e-04 3.364763979334384203e-04 4.986382555216550827e-05 1.081851405615452677e-05 1.621783303562551737e-05 9.676604349806439131e-06 4.624869325198233128e-05 5.336532485671341419e-04 4.983998951502144337e-05 3.761308835237286985e-05 2.450868305459152907e-05 2.081820042803883553e-03 5.655660643242299557e-04 4.340950690675526857e-04 3.914530389010906219e-04 3.308806335553526878e-04 3.364763979334384203e-04 4.986382555216550827e-05 1.081851405615452677e-05 1.621783303562551737e-05 9.676604349806439131e-06 4.624869325198233128e-05 5.336532485671341419e-04 4.983998951502144337e-05 3.761308835237286985e-05 2.450868305459152907e-05
1.400000000000000000e+04 3.966366499662399292e-02 6.906035821884870529e-03 6.236925721168518066e-03 2.600666135549545288e-03 4.716809780802577734e-04 4.037731850985437632e-04 4.602379704010672867e-05 1.035149216477293521e-05 2.148559360648505390e-05 3.020850726898061112e-06 7.283486047526821494e-05 3.933362197130918503e-03 2.802507078740745783e-04 5.590386354015208781e-05 1.935341242642607540e-05 4.837672784924507141e-02 5.339316092431545258e-03 5.278919357806444168e-03 1.789528760127723217e-03 4.366871144156903028e-04 4.037731850985437632e-04 4.602379704010672867e-05 1.035149216477293521e-05 2.148559360648505390e-05 3.020850726898061112e-06 7.283486047526821494e-05 3.933362197130918503e-03 2.802507078740745783e-04 5.590386354015208781e-05 1.935341242642607540e-05
1.500000000000000000e+04 1.351370383054018021e-02 1.679434813559055328e-02 4.798838868737220764e-02 4.787161201238632202e-02 4.815496795345097780e-04 7.318826974369585514e-04 4.270853532943874598e-04 6.622308865189552307e-05 1.482798106735572219e-04 1.275301110581494868e-05 2.221509581431746483e-03 5.373634630814194679e-04 1.670165359973907471e-02 3.064763441216200590e-04 1.805165811674669385e-04 7.933598943054676056e-03 2.247599698603153229e-02 4.864834994077682495e-02 4.878601431846618652e-02 4.045781679451465607e-04 7.318826974369585514e-04 4.270853532943874598e-04 6.622308865189552307e-05 1.482798106735572219e-04 1.275301110581494868e-05 2.221509581431746483e-03 5.373634630814194679e-04 1.670165359973907471e-02 3.064763441216200590e-04 1.805165811674669385e-04
1.600000000000000000e+04 1.516713108867406845e-02 4.431660287082195282e-03 3.105712123215198517e-03 1.627760590054094791e-03 3.447528579272329807e-04 2.853421901818364859e-04 3.563359859981574118e-05 7.550755526608554646e-06 1.377290300297318026e-05 2.875012114600394852e-06 5.251260517979972064e-05 2.322234911844134331e-03 3.046596248168498278e-04 4.914284727419726551e-05 1.835824514273554087e-05 2.261546254158020020e-02 3.531716763973236084e-03 2.730280160903930664e-03 1.270833308808505535e-03 3.242407401558011770e-04 2.853421901818364859e-04 3.563359859981574118e-05 7.550755526608554646e-06 1.377290300297318026e-05 2.875012114600394852e-06 5.251260517979972064e-05 2.322234911844134331e-03 3.046596248168498278e-04 4.914284727419726551e-05 1.835824514273554087e-05
1.700000000000000000e+04 1.624655164778232574e-02 6.629627197980880737e-03 2.306179609149694443e-03 2.739520743489265442e-03 2.635885903146117926e-04 1.815657888073474169e-04 3.986755109508521855e-05 5.081846211396623403e-06 1.125816743297036737e-05 1.139753840107005090e-05 5.289045657264068723e-05 4.858578613493591547e-04 1.966295531019568443e-03 6.206938269315287471e-05 2.719743679335806519e-05 9.730185382068157196e-03 5.905365571379661560e-03 2.407051622867584229e-03 2.799047389999032021e-03 2.747280523180961609e-04 1.815657888073474169e-04 3.986755109508521855e-05 5.081846211396623403e-06 1.125816743297036737e-05 1.139753840107005090e-05 5.289045657264068723e-05 4.858578613493591547e-04 1.966295531019568443e-03 6.206938269315287471e-05 2.719743679335806519e-05
1.800000000000000000e+04 1.050238148309290409e-03 2.645985805429518223e-04 3.006988554261624813e-04 2.090857160510495305e-04 2.172247332055121660e-04 1.888933475129306316e-04 2.718473660934250802e-05 6.227154699445236474e-06 7.910843123681843281e-06 5.300736120261717588e-06 3.889087383868172765e-05 3.314194909762591124e-04 2.912726995418779552e-05 2.331726318516302854e-05 2.111583307851105928e-05 1.329731894657015800e-03 3.721148823387920856e-04 3.600708441808819771e-04 2.786962431855499744e-04 2.245361538371071219e-04 1.888933475129306316e-04 2.718473660934250802e-05 6.227154699445236474e-06 7.910843123681843281e-06 5.300736120261717588e-06 3.889087383868172765e-05 3.314194909762591124e-04 2.912726995418779552e-05 2.331726318516302854e-05 2.111583307851105928e-05
1.900000000000000000e+04 1.929750666022300720e-03 6.556855514645576477e-04 9.298480581492185593e-04 6.851349608041346073e-04 2.109120396198704839e-04 1.860252086771652102e-04 3.056119749089702964e-05 4.704285856860224158e-06 1.016898295347345993e-05 3.017745029865182005e-06 3.795856900978833437e-05 5.026832222938537598e-04 1.153159391833469272e-04 1.672166763455606997e-05 2.419926022412255406e-05 2.739595947787165642e-03 6.202522781677544117e-04 8.696257136762142181e-04 5.967712495476007462e-04 2.162980381399393082e-04 1.860252086771652102e-04 3.056119749089702964e-05 4.704285856860224158e-06 1.016898295347345993e-05 3.017745029865182005e-06 3.795856900978833437e-05 5.026832222938537598e-04 1.153159391833469272e-04 1.672166763455606997e-05 2.419926022412255406e-05
2.000000000000000000e+04 8.457013173028826714e-04 2.321510401088744402e-04 2.778584603220224380e-04 2.009502932196483016e-04 1.910083374241366982e-04 1.556951901875436306e-04 2.228490302513819188e-05 4.565723884297767654e-06 6.292420948739163578e-06 3.856371677102288231e-06 3.084939817199483514e-05 2.864122216124087572e-04 3.454654870438389480e-05 1.990475902857724577e-05 2.051326737273484468e-05 1.146978116594254971e-03 3.197230980731546879e-04 3.413139784242957830e-04 2.598017454147338867e-04 2.005317801376804709e-04 1.556951901875436306e-04 2.228490302513819188e-05 4.565723884297767654e-06 6.292420948739163578e-06 3.856371677102288231e-06 3.084939817199483514e-05 2.864122216124087572e-04 3.454654870438389480e-05 1.990475902857724577e-05 2.051326737273484468e-05
2.100000000000000000e+04 8.658705628477036953e-04 2.272252022521570325e-04 2.539750712458044291e-04 1.913139567477628589e-04 1.816048170439898968e-04 1.453812874387949705e-04 2.025426510954275727e-05 4.037901362607954070e-06 6.096098786656511948e-06 3.395997055122279562e-06 3.233541792724281549e-05 2.750127459876239300e-04 2.091304304485674948e-05 1.995533057197462767e-05 1.803619670681655407e-05 1.208387664519250393e-03 2.978321572300046682e-04 3.123510396108031273e-04 2.373984607402235270e-04 1.899053459055721760e-04 1.453812874387949705e-04 2.025426510954275727e-05 4.037901362607954070e-06 6.096098786656511948e-06 3.395997055122279562e-06 3.233541792724281549e-05 2.750127459876239300e-04 2.091304304485674948e-05 1.995533057197462767e-05 1.803619670681655407e-05
2.200000000000000000e+04 1.069088000804185867e-02 1.292075728997588158e-03 2.957425778731703758e-03 1.499154604971408844e-03 2.416810748400166631e-04 1.174335484392940998e-04 2.649490488693118095e-05 4.544920557236764580e-06 7.775287485856097192e-06 3.541083515301579610e-06 1.226195454364642501e-04 6.283477414399385452e-04 2.744501107372343540e-04 1.075255931937135756e-05 3.394241139176301658e-05 8.961238898336887360e-03 1.136980718001723289e-03 2.932371338829398155e-03 1.612235675565898418e-03 2.475001383572816849e-04 1.174335484392940998e-04 2.649490488693118095e-05 4.544920557236764580e-06 7.775287485856097192e-06 3.541083515301579610e-06 1.226195454364642501e-04 6.283477414399385452e-04 2.744501107372343540e-04 1.075255931937135756e-05 3.394241139176301658e-05
2.300000000000000000e+04 1.273591667413711548e-01 3.808150440454483032e-02 2.810057438910007477e-02 1.130965352058410645e-02 1.081692869774997234e-03 4.015007652924396098e-05 1.362354851153213531e-05 6.462355941039277241e-06 3.249068413424538448e-06 1.721921398711856455e-05 1.302974560530856252e-04 1.742461882531642914e-02 2.422222867608070374e-03 3.392647340660914779e-05 3.506729262880980968e-05 1.837219744920730591e-01 2.740684337913990021e-02 2.460355870425701141e-02 9.842035360634326935e-03 9.879664285108447075e-04 4.015007652924396098e-05 1.362354851153213531e-05 6.462355941039277241e-06 3.249068413424538448e-06 1.721921398711856455e-05 1.302974560530856252e-04 1.742461882531642914e-02 2.422222867608070374e-03 3.392647340660914779e-05 3.506729262880980968e-05
2.400000000000000000e+04 1.646357215940952301e-02 5.858398508280515671e-03 4.230129066854715347e-03 1.975231105461716652e-03 2.876139187719672918e-04 1.635322405491024256e-04 1.622782292542979121e-05 1.833787905525241513e-06 8.264380085165612400e-06 2.051373257927480154e-06 5.063769276603125036e-05 2.607485279440879822e-03 4.034927405882626772e-04 3.209644637536257505e-05 1.282693301618564874e-05 2.558115310966968536e-02 5.088930018246173859e-03 3.052084241062402725e-03 1.421319204382598400e-03 3.053970285691320896e-04 1.635322405491024256e-04 1.622782292542979121e-05 1.833787905525241513e-06 8.264380085165612400e-06 2.051373257927480154e-06 5.063769276603125036e-05 2.607485279440879822e-03 4.034927405882626772e-04 3.209644637536257505e-05 1.282693301618564874e-05
2.500000000000000000e+04 4.102320875972509384e-03 1.102793379686772823e-03 8.135345415212213993e-04 4.231784259900450706e-04 1.726015907479450107e-04 1.172105767182074487e-04 1.615589644643478096e-05 2.083900881189038046e-06 4.277472726244013757e-06 1.557212499392335303e-06 4.999250086257234216e-05 5.143582820892333984e-04 4.526559860096313059e-05 2.119451528415083885e-05 1.565186357765924186e-05 5.766126327216625214e-03 9.091170504689216614e-04 7.756755803711712360e-04 3.528320230543613434e-04 1.787696237443014979e-04 1.172105767182074487e-04 1.615589644643478096e-05 2.083900881189038046e-06 4.277472726244013757e-06 1.557212499392335303e-06 4.999250086257234216e-05 5.143582820892333984e-04 4.526559860096313059e-05 2.119451528415083885e-05 1.565186357765924186e-05
2.600000000000000000e+04 2.100627869367599487e-03 5.314070149324834347e-04 1.001767232082784176e-03 5.779054481536149979e-04 1.518583885626867414e-04 1.112866593757644296e-04 2.107283944496884942e-05 4.138717031310079619e-06 3.912451120413606986e-06 2.747640110101201572e-06 4.849409742746502161e-04 2.182509633712470531e-04 1.655740925343707204e-04 2.035623765550553799e-05 1.279875414184061810e-05 2.924748929217457771e-03 6.430567009374499321e-04 7.568388828076422215e-04 4.994745249859988689e-04 1.597571827005594969e-04 1.112866593757644296e-04 2.107283944496884942e-05 4.138717031310079619e-06 3.912451120413606986e-06 2.747640110101201572e-06 4.849409742746502161e-04 2.182509633712470531e-04 1.655740925343707204e-04 2.035623765550553799e-05 1.279875414184061810e-05
2.700000000000000000e+04 2.414900809526443481e-03 9.249949944205582142e-04 8.789166458882391453e-04 5.619804142042994499e-04 1.525825646240264177e-04 1.000782358460128307e-04 1.874419467640109360e-05 4.022559551231097430e-06 4.923973392578773201e-06 1.082336893887259066e-06 4.441801866050809622e-05 6.009078351780772209e-04 7.111210288712754846e-05 1.202206021844176576e-05 1.491388775320956483e-05 3.773307194933295250e-03 6.998266908340156078e-04 7.365189958363771439e-04 3.995649458374828100e-04 1.630857295822352171e-04 1.000782358460128307e-04 1.874419467640109360e-05 4.022559551231097430e-06 4.923973392578773201e-06 1.082336893887259066e-06 4.441801866050809622e-05 6.009078351780772209e-04 7.111210288712754846e-05 1.202206021844176576e-05 1.491388775320956483e-05
2.800000000000000000e+04 7.298261625692248344e-04 2.067864697892218828e-04 2.141010918421670794e-04 1.502214145148172975e-04 1.350092643406242132e-04 7.643845310667529702e-05 1.211644030263414606e-05 1.920865543070249259e-06 4.085615273652365431e-06 1.645666543481638655e-06 2.379728175583295524e-05 1.926733966683968902e-04 1.402583984599914402e-05 1.279739171877736226e-05 1.379352852381998673e-05 1.069966587238013744e-03 2.321280626347288489e-04 2.550930366851389408e-04 1.735284313326701522e-04 1.474516466259956360e-04 7.643845310667529702e-05 1.211644030263414606e-05 1.920865543070249259e-06 4.085615273652365431e-06 1.645666543481638655e-06 2.379728175583295524e-05 1.926733966683968902e-04 1.402583984599914402e-05 1.279739171877736226e-05 1.379352852381998673e-05
2.900000000000000000e+04 2.251165453344583511e-03 4.421344783622771502e-04 6.422337610274553299e-04 2.936622186098247766e-04 1.422930799890309572e-04 6.210546416696161032e-05 1.199909547722199932e-05 2.041899961113813333e-06 3.473508968454552814e-06 2.326208232261706144e-06 4.039358464069664478e-05 3.277549985796213150e-04 6.490702799055725336e-05 7.265977728820871562e-06 1.636252272874116898e-05 2.575129736214876175e-03 4.393231938593089581e-04 6.308242445811629295e-04 3.599403135012835264e-04 1.556439674459397793e-04 6.210546416696161032e-05 1.199909547722199932e-05 2.041899961113813333e-06 3.473508968454552814e-06 2.326208232261706144e-06 4.039358464069664478e-05 3.277549985796213150e-04 6.490702799055725336e-05 7.265977728820871562e-06 1.636252272874116898e-05
3.000000000000000000e+04 4.029338061809539795e-02 6.466417107731103897e-03 2.170672267675399780e-02 1.633505336940288544e-02 2.973857044707983732e-04 1.794442796381190419e-04 1.259979617316275835e-04 3.640699287643656135e-05 6.800583651056513190e-05 2.737496060944977216e-06 2.103363163769245148e-03 2.471116022206842899e-04 4.176996648311614990e-03 6.738094816682860255e-05 6.971866241656243801e-05 2.517447993159294128e-02 7.241218816488981247e-03 1.931537128984928131e-02 1.537969894707202911e-02 2.814932668115943670e-04 1.794442796381190419e-04 1.259979617316275835e-04 3.640699287643656135e-05 6.800583651056513190e-05 2.737496060944977216e-06 2.103363163769245148e-03 2.471116022206842899e-04 4.176996648311614990e-03 6.738094816682860255e-05 6.971866241656243801e-05
3.100000000000000000e+04 7.743443711660802364e-04 2.483315474819391966e-04 2.034767967415973544e-04 1.358558802166953683e-04 1.217896060552448034e-04 6.231880252016708255e-05 1.091771991923451424e-05 1.530595568510761950e-06 3.615208015617099591e-06 1.265329274247051217e-06 2.172721542592626065e-05 1.700021675787866116e-04 1.685303323029074818e-05 1.069159770850092173e-05 1.115771192417014390e-05 1.021878444589674473e-03 2.546864852774888277e-04 2.349308633711189032e-04 1.561206736369058490e-04 1.349865488009527326e-04 6.231880252016708255e-05 1.091771991923451424e-05 1.530595568510761950e-06 3.615208015617099591e-06 1.265329274247051217e-06 2.172721542592626065e-05 1.700021675787866116e-04 1.685303323029074818e-05 1.069159770850092173e-05 1.115771192417014390e-05
3.200000000000000000e+04 1.472340547479689121e-03 2.033327473327517509e-04 3.214976168237626553e-04 2.055106742773205042e-04 1.186499212053604424e-04 7.124038529582321644e-05 1.129789143305970356e-05 2.325927198398858309e-06 4.702608293882803991e-06 1.069920017471304163e-06 5.237452569417655468e-05 1.600490941200405359e-04 1.402574071107665077e-05 1.209441779792541638e-05 1.041238465404603630e-05 1.587924314662814140e-03 2.217526489403098822e-04 3.363673167768865824e-04 2.026491274591535330e-04 1.296085247304290533e-04 7.124038529582321644e-05 1.129789143305970356e-05 2.325927198398858309e-06 4.702608293882803991e-06 1.069920017471304163e-06 5.237452569417655468e-05 1.600490941200405359e-04 1.402574071107665077e-05 1.209441779792541638e-05 1.041238465404603630e-05
3.300000000000000000e+04 5.469675525091588497e-04 1.388948294334113598e-04 1.559625816298648715e-04 1.095268889912404120e-04 1.125880880863405764e-04 5.397857603384181857e-05 9.337320989288855344e-06 1.491831881139660254e-06 3.052419742743950337e-06 1.143355461863393430e-06 2.011442848015576601e-05 1.372247934341430664e-04 1.116992825700435787e-05 9.123747076955623925e-06 1.048670947056962177e-05 7.900194614194333553e-04 1.736644480843096972e-04 1.974785263882949948e-04 1.353753032162785530e-04 1.258109696209430695e-04 5.397857603384181857e-05 9.337320989288855344e-06 1.491831881139660254e-06 3.052419742743950337e-06 1.143355461863393430e-06 2.011442848015576601e-05 1.372247934341430664e-04 1.116992825700435787e-05 9.123747076955623925e-06 1.048670947056962177e-05
3.400000000000000000e+04 9.634348680265247822e-04 2.189487131545320153e-04 2.926460001617670059e-04 1.664705050643533468e-04 1.131765457103028893e-04 4.431094203027896583e-05 7.826904948160517961e-06 1.014302938528999221e-06 2.268483058287529275e-06 1.862417207121325191e-06 3.425259274081327021e-05 2.091540955007076263e-04 2.496190245437901467e-05 1.041745963448192924e-05 1.089877150661777705e-05 1.259437412954866886e-03 2.207193465437740088e-04 2.762146759778261185e-04 2.098167169606313109e-04 1.264796155737712979e-04 4.431094203027896583e-05 7.826904948160517961e-06 1.014302938528999221e-06 2.268483058287529275e-06 1.862417207121325191e-06 3.425259274081327021e-05 2.091540955007076263e-04 2.496190245437901467e-05 1.041745963448192924e-05 1.089877150661777705e-05
3.500000000000000000e+04 1.628837897442281246e-03 2.820774680003523827e-04 3.902226162608712912e-04 2.437413786537945271e-04 1.126310016843490303e-04 6.066014611860737205e-05 1.144743782788282260e-05 1.746867610563640483e-06 2.838208729372126982e-06 4.293822541967529105e-07 1.035599707392975688e-04 2.850028104148805141e-04 4.050159259350039065e-05 9.204106390825472772e-06 8.803028322290629148e-06 2.234859857708215714e-03 3.195107565261423588e-04 3.299516392871737480e-04 1.880817435448989272e-04 1.192450363305397332e-04 6.066014611860737205e-05 1.144743782788282260e-05 1.746867610563640483e-06 2.838208729372126982e-06 4.293822541967529105e-07 1.035599707392975688e-04 2.850028104148805141e-04 4.050159259350039065e-05 9.204106390825472772e-06 8.803028322290629148e-06
3.600000000000000000e+04 2.732184948399662971e-03 8.896035142242908478e-04 7.485363166779279709e-04 3.206430701538920403e-04 1.230972120538353920e-04 3.949130405089817941e-05 8.246105608122888952e-06 1.249816932613612153e-06 3.358282356202835217e-06 1.380632966174744070e-06 7.609665044583380222e-05 3.467344504315406084e-04 5.669899110216647387e-05 6.724631930410396308e-06 9.467175914323888719e-06 3.782526589930057526e-03 6.708484143018722534e-04 6.800699047744274139e-04 3.044192853849381208e-04 1.409277174388989806e-04 3.949130405089817941e-05 8.246105608122888952e-06 1.249816932613612153e-06 3.358282356202835217e-06 1.380632966174744070e-06 7.609665044583380222e-05 3.467344504315406084e-04 5.669899110216647387e-05 6.724631930410396308e-06 9.467175914323888719e-06
3.700000000000000000e+04 3.033968210220336914e-01 4.357014223933219910e-02 4.600682854652404785e-02 1.770527847111225128e-02 1.811383990570902824e-03 5.142942609381861985e-05 2.780906470434274524e-05 2.380278419877868146e-05 1.905323733808472753e-05 1.804673047445248812e-05 2.354333992116153240e-04 1.902824640274047852e-02 2.612951211631298065e-03 7.339421426877379417e-05 3.788592948694713414e-05 3.167443871498107910e-01 3.499229624867439270e-02 4.180868715047836304e-02 1.599840819835662842e-02 1.467851107008755207e-03 5.142942609381861985e-05 2.780906470434274524e-05 2.380278419877868146e-05 1.905323733808472753e-05 1.804673047445248812e-05 2.354333992116153240e-04 1.902824640274047852e-02 2.612951211631298065e-03 7.339421426877379417e-05 3.788592948694713414e-05
3.800000000000000000e+04 1.630042446777224541e-03 1.860251941252499819e-04 3.555667644832283258e-04 1.642851857468485832e-04 9.973061969503760338e-05 4.230508056934922934e-05 1.304525812884094194e-05 3.672436378110432997e-06 2.317308599231182598e-06 1.105267074308358133e-06 5.193367542233318090e-05 1.113291582441888750e-04 1.390278703183867037e-05 8.664152119308710098e-06 6.506661065941443667e-06 1.468134229071438313e-03 2.260002220282331109e-04 3.810869238805025816e-04 1.618606765987351537e-04 1.166057481896132231e-04 4.230508056934922934e-05 1.304525812884094194e-05 3.672436378110432997e-06 2.317308599231182598e-06 1.105267074308358133e-06 5.193367542233318090e-05 1.113291582441888750e-04 1.390278703183867037e-05 8.664152119308710098e-06 6.506661065941443667e-06
3.900000000000000000e+04 6.159273162484169006e-02 1.629915460944175720e-02 1.314094010740518570e-02 5.038919392973184586e-03 4.855996230617165565e-04 8.449721462966408581e-06 6.983750608924310654e-06 2.173070015487610362e-06 9.101142950385110453e-07 1.026572499540634453e-05 4.940940198139287531e-05 8.055433630943298340e-03 8.215862908400595188e-04 1.452194010198581964e-05 1.381921993015566841e-05 8.494168519973754883e-02 1.175933331251144409e-02 1.058926526457071304e-02 3.969305194914340973e-03 4.477880720514804125e-04 8.449721462966408581e-06 6.983750608924310654e-06 2.173070015487610362e-06 9.101142950385110453e-07 1.026572499540634453e-05 4.940940198139287531e-05 8.055433630943298340e-03 8.215862908400595188e-04 1.452194010198581964e-05 1.381921993015566841e-05
4.000000000000000000e+04 1.532532274723052979e-03 2.275259757880121469e-04 2.753499429672956467e-04 1.416481682099401951e-04 9.760909597389400005e-05 2.743293043749872595e-05 8.428870387433562428e-06 7.659511425117671024e-07 1.894820798042928800e-06 1.146942850027699023e-06 1.731876363919582218e-05 1.444300287403166294e-04 2.792320628941524774e-05 6.058244252926670015e-06 7.777598511893302202e-06 1.496347947977483273e-03 2.562823647167533636e-04 2.707199309952557087e-04 1.600955147296190262e-04 1.109387158066965640e-04 2.743293043749872595e-05 8.428870387433562428e-06 7.659511425117671024e-07 1.894820798042928800e-06 1.146942850027699023e-06 1.731876363919582218e-05 1.444300287403166294e-04 2.792320628941524774e-05 6.058244252926670015e-06 7.777598511893302202e-06
4.100000000000000000e+04 4.673159855883568525e-04 1.224862062372267246e-04 1.250529603566974401e-04 8.125265594571828842e-05 8.965525194071233273e-05 3.082359035033732653e-05 7.473859568563057110e-06 1.074629039976571221e-06 2.313235654582967982e-06 8.087431524472776800e-07 1.575656278873793781e-05 9.418253466719761491e-05 8.107560461212415248e-06 5.545813110074959695e-06 6.990934707573615015e-06 6.730721797794103622e-04 1.516725460533052683e-04 1.572277396917343140e-04 9.859473357209935784e-05 1.021664720610715449e-04 3.082359035033732653e-05 7.473859568563057110e-06 1.074629039976571221e-06 2.313235654582967982e-06 8.087431524472776800e-07 1.575656278873793781e-05 9.418253466719761491e-05 8.107560461212415248e-06 5.545813110074959695e-06 6.990934707573615015e-06
4.200000000000000000e+04 1.518982835114002228e-02 4.466418176889419556e-03 3.112896112725138664e-03 1.264070626348257065e-03 1.940041402122005820e-04 4.622400592779740691e-05 6.802815278206253424e-06 1.043372662934416439e-06 3.717382014656323008e-06 5.022586719860555604e-07 1.095599363907240331e-04 1.659162924624979496e-03 2.054871292784810066e-04 1.468380105507094413e-05 6.765438683942193165e-06 2.244812808930873871e-02 3.615566063672304153e-03 2.567813498899340630e-03 9.270227747038006783e-04 1.930658909259364009e-04 4.622400592779740691e-05 6.802815278206253424e-06 1.043372662934416439e-06 3.717382014656323008e-06 5.022586719860555604e-07 1.095599363907240331e-04 1.659162924624979496e-03 2.054871292784810066e-04 1.468380105507094413e-05 6.765438683942193165e-06
4.300000000000000000e+04 2.325370721518993378e-02 2.775277942419052124e-03 2.576850587502121925e-03 9.157765889540314674e-04 1.505910040577873588e-04 6.282202230067923665e-05 7.045394340821076185e-06 1.614363441149180289e-06 4.822978098673047498e-06 4.145531988797301892e-07 2.282864988956134766e-05 9.985541692003607750e-04 1.504179526818916202e-04 1.171604435512563214e-05 4.548980541585478932e-06 2.145806699991226196e-02 2.247062278911471367e-03 2.254881663247942924e-03 6.485823541879653931e-04 1.463159860577434301e-04 6.282202230067923665e-05 7.045394340821076185e-06 1.614363441149180289e-06 4.822978098673047498e-06 4.145531988797301892e-07 2.282864988956134766e-05 9.985541692003607750e-04 1.504179526818916202e-04 1.171604435512563214e-05 4.548980541585478932e-06
4.400000000000000000e+04 7.284352323040366173e-04 1.238600088981911540e-04 1.442582579329609871e-04 7.538342470070347190e-05 8.367457485292106867e-05 2.442911863909102976e-05 5.440361746877897531e-06 6.046823841643345077e-07 1.975736495296587236e-06 6.156258223199984059e-07 1.939868343470152467e-05 8.602128218626603484e-05 8.069376235653180629e-06 5.207419690123060718e-06 6.995322110014967620e-06 8.669442613609135151e-04 1.472948351874947548e-04 1.726081391097977757e-04 9.811136987991631031e-05 9.470135410083457828e-05 2.442911863909102976e-05 5.440361746877897531e-06 6.046823841643345077e-07 1.975736495296587236e-06 6.156258223199984059e-07 1.939868343470152467e-05 8.602128218626603484e-05 8.069376235653180629e-06 5.207419690123060718e-06 6.995322110014967620e-06
4.500000000000000000e+04 9.347496554255485535e-03 8.419183082878589630e-03 1.222540251910686493e-02 1.294458191841840744e-02 1.341891329502686858e-04 9.271863382309675217e-05 7.491448195651173592e-05 1.837299714679829776e-05 3.965206633438356221e-05 9.907058483804576099e-06 1.070760772563517094e-03 6.776867085136473179e-04 4.626419860869646072e-03 7.930554420454427600e-05 2.844204209395684302e-05 8.668263442814350128e-03 1.031477469950914383e-02 1.010136492550373077e-02 1.119631808251142502e-02 1.032143845804966986e-04 9.271863382309675217e-05 7.491448195651173592e-05 1.837299714679829776e-05 3.965206633438356221e-05 9.907058483804576099e-06 1.070760772563517094e-03 6.776867085136473179e-04 4.626419860869646072e-03 7.930554420454427600e-05 2.844204209395684302e-05
4.600000000000000000e+04 1.232172246091067791e-03 3.778337559197098017e-04 2.184013574151322246e-04 1.505139662185683846e-04 8.300290937768295407e-05 2.552233490860089660e-05 8.382713531318586320e-06 9.277858907807967626e-07 1.670177994128607679e-06 6.225121182978909928e-07 3.642488809418864548e-05 1.815763826016336679e-04 4.692900620284490287e-05 5.456830876937601715e-06 4.865437858825316653e-06 1.635787310078740120e-03 3.797799872700124979e-04 2.068008325295522809e-04 1.302533346461132169e-04 9.227686678059399128e-05 2.552233490860089660e-05 8.382713531318586320e-06 9.277858907807967626e-07 1.670177994128607679e-06 6.225121182978909928e-07 3.642488809418864548e-05 1.815763826016336679e-04 4.692900620284490287e-05 5.456830876937601715e-06 4.865437858825316653e-06
4.700000000000000000e+04 4.689911752939224243e-02 2.053324878215789795e-02 1.112779974937438965e-02 4.341276362538337708e-03 3.308839513920247555e-04 2.304406916664447635e-05 2.530898564145900309e-05 1.884383550532220397e-06 8.589523531554732472e-06 2.807901182677596807e-06 1.712483208393678069e-04 6.857572123408317566e-03 7.084732642397284508e-04 1.665312265686225146e-05 4.325539521232713014e-06 6.706134974956512451e-02 1.298907399177551270e-02 8.168749511241912842e-03 3.032201202586293221e-03 3.339361865073442459e-04 2.304406916664447635e-05 2.530898564145900309e-05 1.884383550532220397e-06 8.589523531554732472e-06 2.807901182677596807e-06 1.712483208393678069e-04 6.857572123408317566e-03 7.084732642397284508e-04 1.665312265686225146e-05 4.325539521232713014e-06
4.800000000000000000e+04 1.419479725882411003e-03 3.428886120673269033e-04 6.243859534151852131e-04 3.206176334060728550e-04 7.514022581744939089e-05 2.894219869631342590e-05 8.857468856149353087e-06 1.534167836325650569e-06 2.080426156680914573e-06 7.861862059144186787e-07 1.173304190160706639e-04 7.569460285594686866e-05 2.629994742164853960e-05 7.143485618144040927e-06 4.089979029231471941e-06 1.559851574711501598e-03 2.874236088246107101e-04 5.232741823419928551e-04 2.692014968488365412e-04 8.321687346324324608e-05 2.894219869631342590e-05 8.857468856149353087e-06 1.534167836325650569e-06 2.080426156680914573e-06 7.861862059144186787e-07 1.173304190160706639e-04 7.569460285594686866e-05 2.629994742164853960e-05 7.143485618144040927e-06 4.089979029231471941e-06
4.900000000000000000e+04 4.680051002651453018e-03 1.738669932819902897e-03 1.586882164701819420e-03 6.345332949422299862e-04 1.052924708346836269e-04 1.332930787611985579e-05 4.895278379990486428e-06 8.262270512204850093e-07 1.240391497958626132e-06 2.691321469683316536e-06 6.997544551268219948e-05 1.078172936104238033e-03 1.033339794958010316e-04 6.994844170549185947e-06 7.799578270351048559e-06 7.361096795648336411e-03 1.092998310923576355e-03 1.224306179210543633e-03 5.474841454997658730e-04 1.137085782829672098e-04 1.332930787611985579e-05 4.895278379990486428e-06 8.262270512204850093e-07 1.240391497958626132e-06 2.691321469683316536e-06 6.997544551268219948e-05 1.078172936104238033e-03 1.033339794958010316e-04 6.994844170549185947e-06 7.799578270351048559e-06
5.000000000000000000e+04 3.140271827578544617e-02 5.434972234070301056e-03 5.019052419811487198e-03 1.760418293997645378e-03 2.375268668401986361e-04 5.955033429927425459e-06 6.185991878737695515e-06 2.338203330509713851e-06 1.152054664999013767e-06 3.407949634492979385e-06 2.716379458433948457e-05 2.624215791001915932e-03 2.437180373817682266e-04 3.791558356169844046e-06 7.421505415550200269e-06 3.629273921251296997e-02 4.220667760819196701e-03 4.317395854741334915e-03 1.489151734858751297e-03 2.164344623452052474e-04 5.955033429927425459e-06 6.185991878737695515e-06 2.338203330509713851e-06 1.152054664999013767e-06 3.407949634492979385e-06 2.716379458433948457e-05 2.624215791001915932e-03 2.437180373817682266e-04 3.791558356169844046e-06 7.421505415550200269e-06
