# x y true_fields pred_fields error_fields
1.111111119389533997e-01 1.111111119389533997e-01 5.199013277888298035e-03 1.834546960890293121e-02 1.250389814376831055e-01 2.070720046758651733e-01 1.798106543719768524e-02 6.730788946151733398e-01 3.371332585811614990e-01 8.666957616806030273e-01 2.853902578353881836e-01 6.460193544626235962e-03 1.810853555798530579e-02 1.009650081396102905e-01 1.397284269332885742e-01 8.711874485015869141e-03 5.507833361625671387e-01 1.494723856449127197e-01 4.112181663513183594e-01 3.755656778812408447e-01 1.261180266737937927e-03 -2.369340509176254272e-04 -2.407397329807281494e-02 -6.734357774257659912e-02 -9.269190952181816101e-03 -1.222955584526062012e-01 -1.876608729362487793e-01 -4.554775953292846680e-01 9.017542004585266113e-02
2.222222238779067993e-01 1.111111119389533997e-01 9.770948439836502075e-03 1.976666413247585297e-02 1.226828992366790771e-01 2.188857495784759521e-01 2.825987152755260468e-02 6.764907240867614746e-01 3.351877033710479736e-01 8.630257844924926758e-01 2.873768210411071777e-01 1.006579026579856873e-02 1.966850832104682922e-02 9.901981055736541748e-02 1.391907036304473877e-01 1.221609115600585938e-02 5.280727148056030273e-01 1.361482143402099609e-01 3.761206865310668945e-01 3.812913894653320312e-01 2.948418259620666504e-04 -9.815581142902374268e-05 -2.366308867931365967e-02 -7.969504594802856445e-02 -1.604378037154674530e-02 -1.484180092811584473e-01 -1.990394890308380127e-01 -4.869050979614257812e-01 9.391456842422485352e-02
3.333333432674407959e-01 1.111111119389533997e-01 1.316436287015676498e-02 2.072950266301631927e-02 1.121711805462837219e-01 2.217943072319030762e-01 3.496995195746421814e-02 6.753002405166625977e-01 3.329732418060302734e-01 8.579144477844238281e-01 2.882634401321411133e-01 1.282954588532447815e-02 2.066649869084358215e-02 8.411334455013275146e-02 1.378863751888275146e-01 1.668706536293029785e-02 4.827079474925994873e-01 1.609648615121841431e-01 4.345883131027221680e-01 3.499478101730346680e-01 -3.348169848322868347e-04 -6.300397217273712158e-05 -2.805783599615097046e-02 -8.390793204307556152e-02 -1.828288659453392029e-02 -1.925922930240631104e-01 -1.720083802938461304e-01 -4.233261346817016602e-01 6.168437004089355469e-02
4.444444477558135986e-01 1.111111119389533997e-01 1.496996171772480011e-02 2.112803980708122253e-02 9.492533653974533081e-02 2.160123586654663086e-01 3.757469728589057922e-02 6.699374318122863770e-01 3.315275609493255615e-01 8.537524342536926270e-01 2.876039445400238037e-01 1.439883932471275330e-02 2.088350802659988403e-02 5.971123278141021729e-02 1.292828023433685303e-01 2.224394679069519043e-02 4.161294698715209961e-01 1.921071857213973999e-01 4.994622468948364258e-01 2.999571859836578369e-01 -5.711223930120468140e-04 -2.445317804813385010e-04 -3.521410375833511353e-02 -8.672955632209777832e-02 -1.533075049519538879e-02 -2.538079619407653809e-01 -1.394203752279281616e-01 -3.542901873588562012e-01 1.235324144363403320e-02
5.555555820465087891e-01 1.111111119389533997e-01 1.496995985507965088e-02 2.095914073288440704e-02 7.373087853193283081e-02 2.037989944219589233e-01 3.596707433462142944e-02 6.622116565704345703e-01 3.315276801586151123e-01 8.523445725440979004e-01 2.854802906513214111e-01 1.448648050427436829e-02 2.057201787829399109e-02 3.130258619785308838e-02 1.272096037864685059e-01 2.709871530532836914e-02 3.617220520973205566e-01 2.491767853498458862e-01 6.079356074333190918e-01 2.198882251977920532e-01 -4.834793508052825928e-04 -3.871228545904159546e-04 -4.242829233407974243e-02 -7.658939063549041748e-02 -8.868359029293060303e-03 -3.004896044731140137e-01 -8.235089480876922607e-02 -2.444089651107788086e-01 -6.559206545352935791e-02
6.666666865348815918e-01 1.111111119389533997e-01 1.316436100751161575e-02 2.030183561146259308e-02 5.216872319579124451e-02 1.884678602218627930e-01 3.032080642879009247e-02 6.557849049568176270e-01 3.329736888408660889e-01 8.543267250061035156e-01 2.828742265701293945e-01 1.292249932885169983e-02 1.996037736535072327e-02 4.518985748291015625e-03 1.262703239917755127e-01 2.801632881164550781e-02 3.168385922908782959e-01 3.039160966873168945e-01 6.908554434776306152e-01 1.365891546010971069e-01 -2.418616786599159241e-04 -3.414582461118698120e-04 -4.764973744750022888e-02 -6.219753623008728027e-02 -2.304477617144584656e-03 -3.389463126659393311e-01 -2.905759215354919434e-02 -1.634712815284729004e-01 -1.462850719690322876e-01
7.777777910232543945e-01 1.111111119389533997e-01 9.770944714546203613e-03 1.928033865988254547e-02 3.368616476655006409e-02 1.730692386627197266e-01 2.108961716294288635e-02 6.554397940635681152e-01 3.351891338825225830e-01 8.591177463531494141e-01 2.815416753292083740e-01 9.739402681589126587e-03 1.914448663592338562e-02 -1.662309095263481140e-02 1.236427128314971924e-01 2.252270281314849854e-02 2.847971320152282715e-01 3.416393399238586426e-01 7.321560978889465332e-01 7.153357565402984619e-02 -3.154203295707702637e-05 -1.358520239591598511e-04 -5.030925571918487549e-02 -4.942652583122253418e-02 1.433085650205612183e-03 -3.706426620483398438e-01 6.450206041336059570e-03 -1.269616484642028809e-01 -2.100080996751785278e-01
8.888888955116271973e-01 1.111111119389533997e-01 5.199010483920574188e-03 1.802804507315158844e-02 2.020761743187904358e-02 1.589052528142929077e-01 9.134397841989994049e-03 6.599991917610168457e-01 3.371373116970062256e-01 8.642541170120239258e-01 2.817537784576416016e-01 5.240116268396377563e-03 1.821247674524784088e-02 -3.111030161380767822e-02 1.204759180545806885e-01 1.125994324684143066e-02 2.554188966751098633e-01 3.639324307441711426e-01 7.402273416519165039e-01 1.698469184339046478e-02 4.110578447580337524e-05 1.844316720962524414e-04 -5.131791904568672180e-02 -3.842933475971221924e-02 2.125545404851436615e-03 -4.045802950859069824e-01 2.679511904716491699e-02 -1.240267753601074219e-01 -2.647690773010253906e-01
1.111111119389533997e-01 2.222222238779067993e-01 8.549579419195652008e-03 3.700836375355720520e-02 1.601393371820449829e-01 2.248333841562271118e-01 1.759892702102661133e-02 6.787198185920715332e-01 3.383609056472778320e-01 8.704370260238647461e-01 2.862552404403686523e-01 9.696874767541885376e-03 3.656502440571784973e-02 1.354872733354568481e-01 1.627208441495895386e-01 5.926907062530517578e-03 6.123818755149841309e-01 1.229410320520401001e-01 3.456896841526031494e-01 4.059166312217712402e-01 1.147295348346233368e-03 -4.433393478393554688e-04 -2.465206384658813477e-02 -6.211254000663757324e-02 -1.167201995849609375e-02 -6.633794307708740234e-02 -2.154198735952377319e-01 -5.247473716735839844e-01 1.196613907814025879e-01
2.222222238779067993e-01 2.222222238779067993e-01 1.606795378029346466e-02 4.001965001225471497e-02 1.532635986804962158e-01 2.366030812263488770e-01 2.077314071357250214e-02 6.851307749748229980e-01 3.352167010307312012e-01 8.646354675292968750e-01 2.896665334701538086e-01 1.607644185423851013e-02 3.976046666502952576e-02 1.270815283060073853e-01 1.592782884836196899e-01 7.932156324386596680e-03 5.612412691116333008e-01 1.268872916698455811e-01 3.539851605892181396e-01 3.948802947998046875e-01 8.488073945045471191e-06 -2.591833472251892090e-04 -2.618207037448883057e-02 -7.732479274272918701e-02 -1.284098438918590546e-02 -1.238895058631896973e-01 -2.083294093608856201e-01 -5.106502771377563477e-01 1.052137613296508789e-01
3.333333432674407959e-01 2.222222238779067993e-01 2.164829708635807037e-02 4.188667237758636475e-02 1.330016851425170898e-01 2.344375848770141602e-01 2.123090066015720367e-02 6.828029751777648926e-01 3.313310146331787109e-01 8.555994629859924316e-01 2.911551296710968018e-01 2.132312580943107605e-02 4.169740527868270874e-02 1.008164435625076294e-01 1.487203538417816162e-01 9.937793016433715820e-03 4.866343140602111816e-01 1.560605615377426147e-01 4.229673445224761963e-01 3.551385402679443359e-01 -3.251712769269943237e-04 -1.892670989036560059e-04 -3.218524158000946045e-02 -8.571723103523254395e-02 -1.129310764372348785e-02 -1.961686611175537109e-01 -1.752704530954360962e-01 -4.326321184635162354e-01 6.398341059684753418e-02
4.444444477558135986e-01 2.222222238779067993e-01 2.461753226816654205e-02 4.242497682571411133e-02 1.019695773720741272e-01 2.195290029048919678e-01 1.957229152321815491e-02 6.704893708229064941e-01 3.287535607814788818e-01 8.477110862731933594e-01 2.892805039882659912e-01 2.450000122189521790e-02 4.205227270722389221e-02 6.180952489376068115e-02 1.277711987495422363e-01 1.224297285079956055e-02 3.881487548351287842e-01 1.873035877943038940e-01 4.840503036975860596e-01 2.921543121337890625e-01 -1.175310462713241577e-04 -3.727041184902191162e-04 -4.016005247831344604e-02 -9.175780415534973145e-02 -7.329318672418594360e-03 -2.823406159877777100e-01 -1.414499729871749878e-01 -3.636607825756072998e-01 2.873808145523071289e-03
5.555555820465087891e-01 2.222222238779067993e-01 2.461753226816654205e-02 4.174938052892684937e-02 6.389926373958587646e-02 1.954201012849807739e-01 1.638724841177463531e-02 6.411066055297851562e-01 3.288202583789825439e-01 8.424340486526489258e-01 2.809948027133941650e-01 2.484454587101936340e-02 4.120765998959541321e-02 1.668165624141693115e-02 1.128404438495635986e-01 1.374760270118713379e-02 2.850483059883117676e-01 2.434210926294326782e-01 5.684509277343750000e-01 1.676288545131683350e-01 2.270136028528213501e-04 -5.417205393314361572e-04 -4.721760749816894531e-02 -8.257965743541717529e-02 -2.639645710587501526e-03 -3.560582995414733887e-01 -8.539916574954986572e-02 -2.739831209182739258e-01 -1.133659482002258301e-01
6.666666865348815918e-01 2.222222238779067993e-01 2.164829522371292114e-02 4.017600417137145996e-02 2.741012349724769592e-02 1.707857847213745117e-01 1.198695413768291473e-02 6.092614531517028809e-01 3.315677940845489502e-01 8.419670462608337402e-01 2.696755230426788330e-01 2.201854810118675232e-02 3.970691189169883728e-02 -2.369902282953262329e-02 1.046141386032104492e-01 1.288455724716186523e-02 1.925820857286453247e-01 2.942956387996673584e-01 5.849313139915466309e-01 -6.218167487531900406e-03 3.702528774738311768e-04 -4.690922796726226807e-04 -5.110914632678031921e-02 -6.617164611816406250e-02 8.976031094789505005e-04 -4.166793823242187500e-01 -3.727215528488159180e-02 -2.570357322692871094e-01 -2.758936882019042969e-01
7.777777910232543945e-01 2.222222238779067993e-01 1.606794819235801697e-02 3.807435184717178345e-02 2.176783978939056396e-03 1.546825617551803589e-01 6.441341247409582138e-03 6.224513649940490723e-01 3.357439935207366943e-01 8.537335991859436035e-01 2.714055478572845459e-01 1.627911999821662903e-02 3.798569738864898682e-02 -5.005250871181488037e-02 1.039237082004547119e-01 8.793175220489501953e-03 1.377981454133987427e-01 3.308460414409637451e-01 5.513134002685546875e-01 -1.668127626180648804e-01 2.111718058586120605e-04 -8.865445852279663086e-05 -5.222929269075393677e-02 -5.075885355472564697e-02 2.351833973079919815e-03 -4.846532344818115234e-01 -4.897952079772949219e-03 -3.024201989173889160e-01 -4.382182955741882324e-01
8.888888955116271973e-01 2.222222238779067993e-01 8.549575693905353546e-03 3.573866188526153564e-02 -1.443383097648620605e-02 1.428913325071334839e-01 -1.595416542841121554e-04 6.499303579330444336e-01 3.394104242324829102e-01 8.672623634338378906e-01 2.776012122631072998e-01 8.446756750345230103e-03 3.634528815746307373e-02 -6.637546420097351074e-02 1.048917472362518311e-01 2.146333456039428711e-03 9.893558174371719360e-02 3.575202822685241699e-01 4.865202009677886963e-01 -3.195908069610595703e-01 -1.028189435601234436e-04 6.066262722015380859e-04 -5.194163322448730469e-02 -3.799958527088165283e-02 2.305875066667795181e-03 -5.509947538375854492e-01 1.810985803604125977e-02 -3.807421624660491943e-01 -5.971920490264892578e-01
1.111111119389533997e-01 3.333333432674407959e-01 9.873271919786930084e-03 5.598868429660797119e-02 1.754754185676574707e-01 2.310776114463806152e-01 1.698016747832298279e-02 6.830290555953979492e-01 3.194404244422912598e-01 8.290737271308898926e-01 2.976968288421630859e-01 1.043951883912086487e-02 5.566284805536270142e-02 1.474897712469100952e-01 1.683697402477264404e-01 6.264299154281616211e-03 6.002849936485290527e-01 9.806572645902633667e-02 2.790039777755737305e-01 4.225356876850128174e-01 5.662469193339347839e-04 -3.258362412452697754e-04 -2.798564732074737549e-02 -6.270787119865417480e-02 -1.071586832404136658e-02 -8.274406194686889648e-02 -2.213746905326843262e-01 -5.500697493553161621e-01 1.248388588428497314e-01
2.222222238779067993e-01 3.333333432674407959e-01 1.855568028986454010e-02 6.075897067785263062e-02 1.680027097463607788e-01 2.445410341024398804e-01 1.293124724179506302e-02 6.916645169258117676e-01 3.205935060977935791e-01 8.330686092376708984e-01 2.992599606513977051e-01 1.819627359509468079e-02 6.073038280010223389e-02 1.349709779024124146e-01 1.651215106248855591e-01 5.269080400466918945e-03 5.364233851432800293e-01 1.178935617208480835e-01 3.295389711856842041e-01 3.976122736930847168e-01 -3.594066947698593140e-04 -2.858787775039672852e-05 -3.303173184394836426e-02 -7.941952347755432129e-02 -7.662166841328144073e-03 -1.552411317825317383e-01 -2.026999443769454956e-01 -5.035296678543090820e-01 9.835231304168701172e-02
3.333333432674407959e-01 3.333333432674407959e-01 2.500000223517417908e-02 6.347151100635528564e-02 1.437417119741439819e-01 2.403262406587600708e-01 6.981687620282173157e-03 6.883466839790344238e-01 3.201491236686706543e-01 8.315324783325195312e-01 2.986643314361572266e-01 2.467250823974609375e-02 6.367743760347366333e-02 1.040762215852737427e-01 1.509138941764831543e-01 3.090232610702514648e-03 4.557170271873474121e-01 1.497937738895416260e-01 4.050063192844390869e-01 3.518795073032379150e-01 -3.274939954280853271e-04 2.059265971183776855e-04 -3.966549038887023926e-02 -8.941234648227691650e-02 -3.891455009579658508e-03 -2.326296567916870117e-01 -1.703553497791290283e-01 -4.265261590480804443e-01 5.321517586708068848e-02
4.444444477558135986e-01 3.333333432674407959e-01 2.842895314097404480e-02 6.389081478118896484e-02 1.052174940705299377e-01 2.194444239139556885e-01 9.852466173470020294e-04 6.672764420509338379e-01 3.204940855503082275e-01 8.287920951843261719e-01 2.929913103580474854e-01 2.861273474991321564e-02 6.406067311763763428e-02 5.942367017269134521e-02 1.237938702106475830e-01 5.656182765960693359e-04 3.514865934848785400e-01 1.748366206884384155e-01 4.499115049839019775e-01 2.866625487804412842e-01 1.837816089391708374e-04 1.698583364486694336e-04 -4.579382389783859253e-02 -9.565055370330810547e-02 -4.196283407509326935e-04 -3.157898485660552979e-01 -1.456574648618698120e-01 -3.788805902004241943e-01 -6.328761577606201172e-03
5.555555820465087891e-01 3.333333432674407959e-01 2.842894941568374634e-02 6.237072870135307312e-02 5.445099622011184692e-02 1.841934621334075928e-01 -3.710692515596747398e-03 5.978924632072448730e-01 3.234179317951202393e-01 8.220330476760864258e-01 2.708525955677032471e-01 2.906235307455062866e-02 6.245428323745727539e-02 5.112573504447937012e-03 9.900489449501037598e-02 -2.188265323638916016e-03 2.120395153760910034e-01 2.267169356346130371e-01 5.014356970787048340e-01 1.058629751205444336e-01 6.334036588668823242e-04 8.355453610420227051e-05 -4.933842271566390991e-02 -8.518856763839721680e-02 1.522427191957831383e-03 -3.858529329299926758e-01 -9.670099616050720215e-02 -3.205973505973815918e-01 -1.649896204471588135e-01
6.666666865348815918e-01 3.333333432674407959e-01 2.500000037252902985e-02 5.962250754237174988e-02 7.967282086610794067e-03 1.517322510480880737e-01 -6.607891991734504700e-03 5.153606534004211426e-01 3.290734589099884033e-01 8.139718174934387207e-01 2.367630600929260254e-01 2.569247782230377197e-02 5.978723987936973572e-02 -4.192086309194564819e-02 8.443254232406616211e-02 -4.696369171142578125e-03 7.193823158740997314e-02 2.774518132209777832e-01 3.641733527183532715e-01 -3.437177538871765137e-01 6.924774497747421265e-04 1.647323369979858398e-04 -4.988814517855644226e-02 -6.729970872402191162e-02 1.911522820591926575e-03 -4.434224367141723633e-01 -5.162164568901062012e-02 -4.497984647750854492e-01 -5.804808139801025391e-01
7.777777910232543945e-01 3.333333432674407959e-01 1.855567470192909241e-02 5.638204142451286316e-02 -1.531005650758743286e-02 1.406071782112121582e-01 -8.009299635887145996e-03 5.608739852905273438e-01 3.359513282775878906e-01 8.401167392730712891e-01 2.503548562526702881e-01 1.891985163092613220e-02 5.684477463364601135e-02 -6.365968286991119385e-02 8.990526199340820312e-02 -6.441324949264526367e-03 4.148922115564346313e-02 3.210652768611907959e-01 2.690861225128173828e-01 -5.809479355812072754e-01 3.641769289970397949e-04 4.627332091331481934e-04 -4.834962636232376099e-02 -5.070191621780395508e-02 1.567974686622619629e-03 -5.193847417831420898e-01 -1.488605141639709473e-02 -5.710306167602539062e-01 -8.313027620315551758e-01
8.888888955116271973e-01 3.333333432674407959e-01 9.873267263174057007e-03 5.313185602426528931e-02 -2.971149981021881104e-02 1.345020532608032227e-01 -8.734902366995811462e-03 6.358060836791992188e-01 3.416403830051422119e-01 8.692317605018615723e-01 2.721444070339202881e-01 9.749282151460647583e-03 5.411513522267341614e-02 -7.631808519363403320e-02 9.662580490112304688e-02 -7.319107651710510254e-03 4.148922115564346313e-02 3.576101660728454590e-01 2.769940793514251709e-01 -6.127150058746337891e-01 -1.239851117134094238e-04 9.832791984081268311e-04 -4.660658538341522217e-02 -3.787624835968017578e-02 1.415794715285301208e-03 -5.943168401718139648e-01 1.596978306770324707e-02 -5.922377109527587891e-01 -8.848594427108764648e-01
1.111111119389533997e-01 4.444444477558135986e-01 9.356226772069931030e-03 7.528643310070037842e-02 1.741465926170349121e-01 2.356242686510086060e-01 1.949526928365230560e-02 6.921546459197998047e-01 3.257948458194732666e-01 8.448314666748046875e-01 2.965696752071380615e-01 9.505409747362136841e-03 7.577268779277801514e-02 1.151773184537887573e-01 1.688449978828430176e-01 1.227957010269165039e-02 4.855504035949707031e-01 2.485598772764205933e-01 6.369857192039489746e-01 2.813526988029479980e-01 1.491829752922058105e-04 4.862546920776367188e-04 -5.896927416324615479e-02 -6.677927076816558838e-02 -7.215699180960655212e-03 -2.066042423248291016e-01 -7.723496854305267334e-02 -2.078457474708557129e-01 -1.521697640419006348e-02
2.222222238779067993e-01 4.444444477558135986e-01 1.758395321667194366e-02 8.198460936546325684e-02 1.687992513179779053e-01 2.498263120651245117e-01 8.009478449821472168e-03 7.019767165184020996e-01 3.180404305458068848e-01 8.289345502853393555e-01 3.031904101371765137e-01 1.711492612957954407e-02 8.235905319452285767e-02 1.081343442201614380e-01 1.666349470615386963e-01 5.412012338638305664e-03 4.682879149913787842e-01 2.403285950422286987e-01 6.156646609306335449e-01 2.808809876441955566e-01 -4.690270870923995972e-04 3.744438290596008301e-04 -6.066490709781646729e-02 -8.319136500358581543e-02 -2.597466111183166504e-03 -2.336888015270233154e-01 -7.771183550357818604e-02 -2.132698893547058105e-01 -2.230942249298095703e-02
3.333333432674407959e-01 4.444444477558135986e-01 2.369079552590847015e-02 8.548400551080703735e-02 1.459837704896926880e-01 2.439892441034317017e-01 -4.369670525193214417e-03 6.983936429023742676e-01 3.119868338108062744e-01 8.146530389785766602e-01 3.055888712406158447e-01 2.334994450211524963e-02 8.594001084566116333e-02 8.227480947971343994e-02 1.514838933944702148e-01 -3.921806812286376953e-03 4.185101389884948730e-01 2.447346299886703491e-01 6.144350171089172363e-01 2.553085982799530029e-01 -3.408510237932205200e-04 4.560053348541259766e-04 -6.370896100997924805e-02 -9.250535070896148682e-02 4.478637129068374634e-04 -2.798835039138793945e-01 -6.725220382213592529e-02 -2.002180218696594238e-01 -5.028027296066284180e-02
4.444444477558135986e-01 4.444444477558135986e-01 2.694017812609672546e-02 8.552554994821548462e-02 1.087772920727729797e-01 2.203150093555450439e-01 -1.457812078297138214e-02 6.791164278984069824e-01 3.088845014572143555e-01 8.046584129333496094e-01 3.025231659412384033e-01 2.700180187821388245e-02 8.588931709527969360e-02 4.347179830074310303e-02 1.234875917434692383e-01 -1.337179541587829590e-02 3.334453701972961426e-01 2.433060705661773682e-01 5.871170163154602051e-01 2.065401226282119751e-01 6.162375211715698242e-05 3.637671470642089844e-04 -6.530549377202987671e-02 -9.682741761207580566e-02 1.206325367093086243e-03 -3.456710577011108398e-01 -6.557843089103698730e-02 -2.175413966178894043e-01 -9.598304331302642822e-02
5.555555820465087891e-01 4.444444477558135986e-01 2.694017626345157623e-02 8.282317221164703369e-02 6.188413500785827637e-02 1.858423054218292236e-01 -2.082047425210475922e-02 6.313620805740356445e-01 3.126539289951324463e-01 8.050701022148132324e-01 2.874779701232910156e-01 2.728316932916641235e-02 8.294820040464401245e-02 -1.658722758293151855e-03 1.010332703590393066e-01 -2.094724774360656738e-02 2.226606905460357666e-01 2.795441746711730957e-01 5.912147760391235352e-01 5.746212974190711975e-02 3.429930657148361206e-04 1.250281929969787598e-04 -6.354285776615142822e-02 -8.480903506278991699e-02 -1.267734915018081665e-04 -4.087013900279998779e-01 -3.310975432395935059e-02 -2.138553261756896973e-01 -2.300158441066741943e-01
6.666666865348815918e-01 4.444444477558135986e-01 2.369079366326332092e-02 7.864134013652801514e-02 1.822815090417861938e-02 1.551354378461837769e-01 -2.253338508307933807e-02 5.789321064949035645e-01 3.225668668746948242e-01 8.161254525184631348e-01 2.650485634803771973e-01 2.404944598674774170e-02 7.853313535451889038e-02 -4.065405577421188354e-02 8.857077360153198242e-02 -2.421030402183532715e-02 1.028329133987426758e-01 3.216862976551055908e-01 4.724318087100982666e-01 -2.656948864459991455e-01 3.586523234844207764e-04 -1.082047820091247559e-04 -5.888220667839050293e-02 -6.656466424465179443e-02 -1.676918938755989075e-03 -4.760991930961608887e-01 -8.805692195892333984e-04 -3.436936438083648682e-01 -5.307434797286987305e-01
7.777777910232543945e-01 4.444444477558135986e-01 1.758394762873649597e-02 7.420340180397033691e-02 -9.247064590454101562e-03 1.410590857267379761e-01 -2.025571092963218689e-02 6.016888618469238281e-01 3.354475498199462891e-01 8.486351370811462402e-01 2.649296820163726807e-01 1.776458695530891418e-02 7.395776361227035522e-02 -6.318552047014236450e-02 9.043526649475097656e-02 -2.205342054367065430e-02 4.317416995763778687e-02 3.589468002319335938e-01 2.855349779129028320e-01 -6.022600531578063965e-01 1.806393265724182129e-04 -2.456381916999816895e-04 -5.393845587968826294e-02 -5.062381923198699951e-02 -1.797709614038467407e-03 -5.585147142410278320e-01 2.349925041198730469e-02 -5.631001591682434082e-01 -8.671897649765014648e-01
8.888888955116271973e-01 4.444444477558135986e-01 9.356222115457057953e-03 7.020761817693710327e-02 -2.641450613737106323e-02 1.355322897434234619e-01 -1.568151824176311493e-02 6.472718119621276855e-01 3.475084304809570312e-01 8.842749595642089844e-01 2.723071575164794922e-01 9.273182600736618042e-03 7.007616758346557617e-02 -7.744395732879638672e-02 9.648096561431884766e-02 -1.572681963443756104e-02 4.148922115564346313e-02 3.864343464374542236e-01 2.824333012104034424e-01 -6.345649957656860352e-01 -8.303951472043991089e-05 -1.314505934715270996e-04 -5.102945119142532349e-02 -3.905132412910461426e-02 -4.530139267444610596e-05 -6.057825684547424316e-01 3.892591595649719238e-02 -6.018416881561279297e-01 -9.068721532821655273e-01
1.111111119389533997e-01 5.555555820465087891e-01 7.484979461878538132e-03 9.490160644054412842e-02 1.968583166599273682e-01 2.933504283428192139e-01 3.163376078009605408e-02 8.685744404792785645e-01 4.256051778793334961e-01 1.097547769546508789e+00 2.893967032432556152e-01 7.503692060708999634e-03 9.518973529338836670e-02 1.213920861482620239e-01 2.190990447998046875e-01 2.210777997970581055e-02 5.817992091178894043e-01 4.059719741344451904e-01 9.880903363227844238e-01 2.169440388679504395e-01 1.871259883046150208e-05 2.881288528442382812e-04 -7.546623051166534424e-02 -7.425138354301452637e-02 -9.525980800390243530e-03 -2.867752313613891602e-01 -1.963320374488830566e-02 -1.094574332237243652e-01 -7.245266437530517578e-02
2.222222238779067993e-01 5.555555820465087891e-01 1.406716089695692062e-02 1.036965698003768921e-01 1.937155425548553467e-01 3.167869150638580322e-01 8.819379843771457672e-03 8.783982992172241211e-01 4.245930016040802002e-01 1.097022533416748047e+00 2.918517589569091797e-01 1.376267150044441223e-02 1.027927324175834656e-01 1.195328384637832642e-01 2.285460084676742554e-01 7.005035877227783203e-03 5.826745629310607910e-01 3.830062150955200195e-01 9.425074458122253418e-01 2.304076552391052246e-01 -3.044893965125083923e-04 -9.038373827934265137e-04 -7.418270409107208252e-02 -8.824090659618377686e-02 -1.814343966543674469e-03 -2.957237362861633301e-01 -4.158678650856018066e-02 -1.545150876045227051e-01 -6.144410371780395508e-02
3.333333432674407959e-01 5.555555820465087891e-01 1.895263418555259705e-02 1.079241782426834106e-01 1.704490035772323608e-01 3.135376274585723877e-01 -1.588157005608081818e-02 8.749706149101257324e-01 4.220660030841827393e-01 1.090804815292358398e+00 2.922206819057464600e-01 1.866896823048591614e-02 1.068943217396736145e-01 9.546308219432830811e-02 2.187663912773132324e-01 -1.243898272514343262e-02 5.452211499214172363e-01 3.696827888488769531e-01 9.045968651771545410e-01 2.234770953655242920e-01 -2.836659550666809082e-04 -1.029856503009796143e-03 -7.498592138290405273e-02 -9.477123618125915527e-02 3.442587330937385559e-03 -3.297494649887084961e-01 -5.238321423530578613e-02 -1.862079501152038574e-01 -6.874358654022216797e-02
4.444444477558135986e-01 5.555555820465087891e-01 2.155214175581932068e-02 1.073291972279548645e-01 1.333785653114318848e-01 2.815499007701873779e-01 -3.393103182315826416e-02 8.595285415649414062e-01 4.003461897373199463e-01 1.039627909660339355e+00 2.984111905097961426e-01 2.134494110941886902e-02 1.063982099294662476e-01 5.590705573558807373e-02 1.866374313831329346e-01 -3.084129095077514648e-02 4.652860164642333984e-01 3.584150075912475586e-01 8.555620908737182617e-01 1.935354471206665039e-01 -2.072006464004516602e-04 -9.309872984886169434e-04 -7.747150957584381104e-02 -9.491246938705444336e-02 3.089740872383117676e-03 -3.942425251007080078e-01 -4.193118214607238770e-02 -1.840658187866210938e-01 -1.048757433891296387e-01
5.555555820465087891e-01 5.555555820465087891e-01 2.155213989317417145e-02 1.031067222356796265e-01 8.897254616022109985e-02 2.394276857376098633e-01 -4.232584685087203979e-02 8.372817039489746094e-01 3.883102238178253174e-01 1.008954763412475586e+00 2.991606593132019043e-01 2.135762199759483337e-02 1.021756231784820557e-01 1.079529523849487305e-02 1.579365134239196777e-01 -4.353037476539611816e-02 3.736625313758850098e-01 3.831220269203186035e-01 8.566032052040100098e-01 1.179247796535491943e-01 -1.945178955793380737e-04 -9.310990571975708008e-04 -7.817725092172622681e-02 -8.149117231369018555e-02 -1.204527914524078369e-03 -4.636191725730895996e-01 -5.188196897506713867e-03 -1.523515582084655762e-01 -1.812358796596527100e-01
6.666666865348815918e-01 5.555555820465087891e-01 1.895263232290744781e-02 9.723251312971115112e-02 4.707835614681243896e-02 2.011566609144210815e-01 -4.143312573432922363e-02 8.187743425369262695e-01 3.856348693370819092e-01 9.999201893806457520e-01 2.964599132537841797e-01 1.875628903508186340e-02 9.629262238740921021e-02 -2.997481077909469604e-02 1.361557841300964355e-01 -4.640337824821472168e-02 2.669814527034759521e-01 4.157349765300750732e-01 8.210394382476806641e-01 -1.254464685916900635e-02 -1.963432878255844116e-04 -9.398907423019409180e-04 -7.705316692590713501e-02 -6.500087678432464600e-02 -4.970252513885498047e-03 -5.517928600311279297e-01 3.010010719299316406e-02 -1.788807511329650879e-01 -3.090045452117919922e-01
7.777777910232543945e-01 5.555555820465087891e-01 1.406715530902147293e-02 9.153844416141510010e-02 1.599524915218353271e-02 1.755046993494033813e-01 -3.328879177570343018e-02 8.177821636199951172e-01 3.862319588661193848e-01 1.001093149185180664e+00 2.959739565849304199e-01 1.392300613224506378e-02 9.069219976663589478e-02 -5.863498151302337646e-02 1.233885288238525391e-01 -3.865295648574829102e-02 1.668176949024200439e-01 4.384044110774993896e-01 7.010675072669982910e-01 -2.004328072071075439e-01 -1.441491767764091492e-04 -8.462443947792053223e-04 -7.463023066520690918e-02 -5.211617052555084229e-02 -5.364164710044860840e-03 -6.509644985198974609e-01 5.217245221138000488e-02 -3.000256419181823730e-01 -4.964067637920379639e-01
8.888888955116271973e-01 5.555555820465087891e-01 7.484976202249526978e-03 8.696596324443817139e-02 -1.536905765533447266e-03 1.643528044223785400e-01 -2.204570733010768890e-02 8.309124708175659180e-01 3.875875174999237061e-01 1.006296873092651367e+00 2.981542646884918213e-01 7.376700639724731445e-03 8.651066571474075317e-02 -7.363136112689971924e-02 1.209158301353454590e-01 -2.350878715515136719e-02 1.247759163379669189e-01 4.458651244640350342e-01 6.104649901390075684e-01 -3.154151439666748047e-01 -1.082755625247955322e-04 -4.552975296974182129e-04 -7.209445536136627197e-02 -4.343697428703308105e-02 -1.463079825043678284e-03 -7.061365842819213867e-01 5.827760696411132812e-02 -3.958318829536437988e-01 -6.135693788528442383e-01
1.111111119389533997e-01 6.666666865348815918e-01 4.936635494232177734e-03 1.148342117667198181e-01 1.977649331092834473e-01 3.202438354492187500e-01 4.330871626734733582e-02 1.011513113975524902e+00 4.430852234363555908e-01 1.159894824028015137e+00 3.088845312595367432e-01 4.908028990030288696e-03 1.156018525362014771e-01 1.166269332170486450e-01 2.367485612630844116e-01 3.295961022377014160e-02 6.389242410659790039e-01 4.198752641677856445e-01 1.033282041549682617e+00 2.304630875587463379e-01 -2.860650420188903809e-05 7.676407694816589355e-04 -8.113799989223480225e-02 -8.349527418613433838e-02 -1.034910604357719421e-02 -3.725888729095458984e-01 -2.320995926856994629e-02 -1.266127824783325195e-01 -7.842144370079040527e-02
2.222222238779067993e-01 6.666666865348815918e-01 9.277840144932270050e-03 1.258948594331741333e-01 2.003410160541534424e-01 3.561111688613891602e-01 1.360484957695007324e-02 1.020152211189270020e+00 4.657174050807952881e-01 1.212624073028564453e+00 3.018883764743804932e-01 9.200308471918106079e-03 1.255787760019302368e-01 1.200033277273178101e-01 2.607588768005371094e-01 1.086884737014770508e-02 6.410795450210571289e-01 3.962770998477935791e-01 9.857257008552551270e-01 2.437328547239303589e-01 -7.753167301416397095e-05 -3.160834312438964844e-04 -8.033768832683563232e-02 -9.535229206085205078e-02 -2.736002206802368164e-03 -3.790726661682128906e-01 -6.944030523300170898e-02 -2.268983721733093262e-01 -5.815552175045013428e-02
3.333333432674407959e-01 6.666666865348815918e-01 1.250000018626451492e-02 1.307920217514038086e-01 1.814370900392532349e-01 3.623705804347991943e-01 -2.258942835032939911e-02 1.017151594161987305e+00 4.888442158699035645e-01 1.264033913612365723e+00 2.928800880908966064e-01 1.236711814999580383e-02 1.305286288261413574e-01 1.011837273836135864e-01 2.632711827754974365e-01 -1.732692122459411621e-02 6.166751384735107422e-01 4.106139242649078369e-01 1.008094787597656250e+00 2.275457084178924561e-01 -1.328820362687110901e-04 -2.633929252624511719e-04 -8.025336265563964844e-02 -9.909939765930175781e-02 5.262507125735282898e-03 -4.004764556884765625e-01 -7.823029160499572754e-02 -2.559391260147094727e-01 -6.533437967300415039e-02
4.444444477558135986e-01 6.666666865348815918e-01 1.421447470784187317e-02 1.293017268180847168e-01 1.529332250356674194e-01 3.227280974388122559e-01 -4.736566543579101562e-02 1.003909587860107422e+00 4.453314244747161865e-01 1.163894295692443848e+00 3.067730665206909180e-01 1.394322887063026428e-02 1.290247142314910889e-01 7.059702277183532715e-02 2.321889996528625488e-01 -4.290446639060974121e-02 5.751550793647766113e-01 4.004609286785125732e-01 9.750782251358032227e-01 2.174448519945144653e-01 -2.712458372116088867e-04 -2.770125865936279297e-04 -8.233620226383209229e-02 -9.053909778594970703e-02 4.461199045181274414e-03 -4.287545084953308105e-01 -4.487049579620361328e-02 -1.888160705566406250e-01 -8.932821452617645264e-02
5.555555820465087891e-01 6.666666865348815918e-01 1.421447470784187317e-02 1.232213601469993591e-01 1.144358813762664795e-01 2.746795415878295898e-01 -5.768366158008575439e-02 9.865901470184326172e-01 4.258495569229125977e-01 1.116856217384338379e+00 3.113272190093994141e-01 1.380272582173347473e-02 1.227509155869483948e-01 3.075389564037322998e-02 1.981974244117736816e-01 -5.890887975692749023e-02 5.024855136871337891e-01 4.289931654930114746e-01 1.001867175102233887e+00 1.676961183547973633e-01 -4.117488861083984375e-04 -4.704445600509643555e-04 -8.368198573589324951e-02 -7.648211717605590820e-02 -1.225218176841735840e-03 -4.841046333312988281e-01 3.143608570098876953e-03 -1.149890422821044922e-01 -1.436311006546020508e-01
6.666666865348815918e-01 6.666666865348815918e-01 1.249999832361936569e-02 1.153960153460502625e-01 7.625566422939300537e-02 2.336207181215286255e-01 -5.551856011152267456e-02 9.732995033264160156e-01 4.271129071712493896e-01 1.117826700210571289e+00 3.085846602916717529e-01 1.207145676016807556e-02 1.148988232016563416e-01 -9.010992944240570068e-03 1.713760495185852051e-01 -6.077232956886291504e-02 4.003348350524902344e-01 4.757452905178070068e-01 1.022285342216491699e+00 7.440403848886489868e-02 -4.285415634512901306e-04 -4.971921443939208984e-04 -8.526665717363357544e-02 -6.224466860294342041e-02 -5.253769457340240479e-03 -5.729646682739257812e-01 4.863238334655761719e-02 -9.554135799407958984e-02 -2.341806292533874512e-01
7.777777910232543945e-01 6.666666865348815918e-01 9.277836419641971588e-03 1.083871573209762573e-01 4.844866320490837097e-02 2.071126997470855713e-01 -4.270091280341148376e-02 9.703375697135925293e-01 4.307163655757904053e-01 1.125603675842285156e+00 3.066645860671997070e-01 8.974764496088027954e-03 1.081021800637245178e-01 -3.850372135639190674e-02 1.533977985382080078e-01 -4.886108636856079102e-02 3.027855455875396729e-01 5.079520940780639648e-01 9.773327708244323730e-01 -3.796754032373428345e-02 -3.030719235539436340e-04 -2.849772572517395020e-04 -8.695238828659057617e-02 -5.371490120887756348e-02 -6.160173565149307251e-03 -6.675519943237304688e-01 7.723572850227355957e-02 -1.482709050178527832e-01 -3.446321189403533936e-01
8.888888955116271973e-01 6.666666865348815918e-01 4.936633165925741196e-03 1.034068763256072998e-01 3.489273041486740112e-02 1.985883116722106934e-01 -2.583448775112628937e-02 9.790291190147399902e-01 4.327132999897003174e-01 1.131446838378906250e+00 3.073862493038177490e-01 4.726551473140716553e-03 1.036332473158836365e-01 -5.307674407958984375e-02 1.485652923583984375e-01 -2.803120017051696777e-02 2.602431178092956543e-01 5.150384902954101562e-01 9.309670329093933105e-01 -9.621617197990417480e-02 -2.100816927850246429e-04 2.263709902763366699e-04 -8.796947449445724487e-02 -5.002301931381225586e-02 -2.196712419390678406e-03 -7.187860012054443359e-01 8.232519030570983887e-02 -2.004798054695129395e-01 -4.036024212837219238e-01
1.111111119389533997e-01 7.777777910232543945e-01 2.442736178636550903e-03 1.350842267274856567e-01 1.655221432447433472e-01 3.092311918735504150e-01 5.742374435067176819e-02 1.011966705322265625e+00 4.419253170490264893e-01 1.157310366630554199e+00 3.093958497047424316e-01 2.275649458169937134e-03 1.360238194465637207e-01 9.053038060665130615e-02 2.170234173536300659e-01 4.664430022239685059e-02 6.147949099540710449e-01 3.972682654857635498e-01 9.805918335914611816e-01 2.341682910919189453e-01 -1.670867204666137695e-04 9.395927190780639648e-04 -7.499176263809204102e-02 -9.220777451992034912e-02 -1.077944412827491760e-02 -3.971717953681945801e-01 -4.465705156326293945e-02 -1.767185330390930176e-01 -7.522755861282348633e-02
2.222222238779067993e-01 7.777777910232543945e-01 4.590842407196760178e-03 1.485794633626937866e-01 1.743043512105941772e-01 3.503247797489166260e-01 2.336815744638442993e-02 1.018378853797912598e+00 4.652641415596008301e-01 1.211321353912353516e+00 3.017566204071044922e-01 4.622805863618850708e-03 1.491951644420623779e-01 1.001597493886947632e-01 2.477689385414123535e-01 1.959842443466186523e-02 6.289148926734924316e-01 3.813722729682922363e-01 9.517394304275512695e-01 2.477826774120330811e-01 3.196345642209053040e-05 6.157010793685913086e-04 -7.414460182189941406e-02 -1.025558412075042725e-01 -3.769733011722564697e-03 -3.894639611244201660e-01 -8.389186859130859375e-02 -2.595819234848022461e-01 -5.397394299507141113e-02
3.333333432674407959e-01 7.777777910232543945e-01 6.185225211083889008e-03 1.540875136852264404e-01 1.646952480077743530e-01 3.607938587665557861e-01 -1.963832601904869080e-02 1.016152024269104004e+00 4.893527328968048096e-01 1.264995217323303223e+00 2.925187349319458008e-01 6.245020776987075806e-03 1.549687236547470093e-01 9.246911108493804932e-02 2.547124028205871582e-01 -1.483669877052307129e-02 6.263363957405090332e-01 3.900986909866333008e-01 9.691021442413330078e-01 2.421242147684097290e-01 5.979556590318679810e-05 8.812099695205688477e-04 -7.222613692283630371e-02 -1.060814559459686279e-01 4.801627248525619507e-03 -3.898156285285949707e-01 -9.925404191017150879e-02 -2.958930730819702148e-01 -5.039452016353607178e-02
4.444444477558135986e-01 7.777777910232543945e-01 7.033578585833311081e-03 1.514431536197662354e-01 1.477824300527572632e-01 3.235862851142883301e-01 -5.039503425359725952e-02 1.006327986717224121e+00 4.481666982173919678e-01 1.170708894729614258e+00 3.061087727546691895e-01 6.980959326028823853e-03 1.520121693611145020e-01 7.736375927925109863e-02 2.385257482528686523e-01 -4.493653774261474609e-02 6.289204955101013184e-01 3.973983526229858398e-01 9.847769141197204590e-01 2.390298545360565186e-01 -5.261925980448722839e-05 5.690157413482666016e-04 -7.041867077350616455e-02 -8.506053686141967773e-02 5.458496510982513428e-03 -3.774074912071228027e-01 -5.076834559440612793e-02 -1.859319806098937988e-01 -6.707891821861267090e-02
5.555555820465087891e-01 7.777777910232543945e-01 7.033577654510736465e-03 1.431671082973480225e-01 1.202568635344505310e-01 2.772948145866394043e-01 -6.293251365423202515e-02 9.935035109519958496e-01 4.298925399780273438e-01 1.127109527587890625e+00 3.109200596809387207e-01 6.851855665445327759e-03 1.432409733533859253e-01 4.875345528125762939e-02 2.055186927318572998e-01 -6.207132339477539062e-02 5.772294998168945312e-01 4.222083985805511475e-01 1.018340468406677246e+00 2.059689462184906006e-01 -1.817219890654087067e-04 7.386505603790283203e-05 -7.150340825319290161e-02 -7.177612185478210449e-02 8.611902594566345215e-04 -4.162740111351013184e-01 -7.684141397476196289e-03 -1.087690591812133789e-01 -1.049511134624481201e-01
6.666666865348815918e-01 7.777777910232543945e-01 6.185224745422601700e-03 1.331318467855453491e-01 9.227018058300018311e-02 2.380437552928924561e-01 -5.949009954929351807e-02 9.836792945861816406e-01 4.314952790737152100e-01 1.129353761672973633e+00 3.086514174938201904e-01 5.957845598459243774e-03 1.331400275230407715e-01 1.811021938920021057e-02 1.783652603626251221e-01 -6.195810437202453613e-02 5.020909309387207031e-01 4.647748470306396484e-01 1.065541505813598633e+00 1.462986171245574951e-01 -2.273791469633579254e-04 8.180737495422363281e-06 -7.415996491909027100e-02 -5.967849493026733398e-02 -2.468004822731018066e-03 -4.815883636474609375e-01 3.327956795692443848e-02 -6.381225585937500000e-02 -1.623528003692626953e-01
7.777777910232543945e-01 7.777777910232543945e-01 4.590841010212898254e-03 1.247495487332344055e-01 7.339872419834136963e-02 2.147665023803710938e-01 -4.335199296474456787e-02 9.814524650573730469e-01 4.356179833412170410e-01 1.138424038887023926e+00 3.066770136356353760e-01 4.380907863378524780e-03 1.250248551368713379e-01 -3.884620964527130127e-03 1.600920855998992920e-01 -4.686987400054931641e-02 4.297860860824584961e-01 4.940012097358703613e-01 1.071479797363281250e+00 8.449105173349380493e-02 -2.099331468343734741e-04 2.753064036369323730e-04 -7.728334516286849976e-02 -5.467441678047180176e-02 -3.517881035804748535e-03 -5.516663789749145508e-01 5.838322639465332031e-02 -6.694424152374267578e-02 -2.221859693527221680e-01
8.888888955116271973e-01 7.777777910232543945e-01 2.442735247313976288e-03 1.195303574204444885e-01 6.669191271066665649e-02 2.114276736974716187e-01 -2.360690571367740631e-02 9.878647923469543457e-01 4.392125904560089111e-01 1.147565484046936035e+00 3.063896000385284424e-01 2.141717821359634399e-03 1.202435567975044250e-01 -1.333889365196228027e-02 1.550827324390411377e-01 -2.407342195510864258e-02 4.125123023986816406e-01 4.991613924503326416e-01 1.067077636718750000e+00 6.887037307024002075e-02 -3.010174259543418884e-04 7.131993770599365234e-04 -8.003080636262893677e-02 -5.634494125843048096e-02 -4.665162414312362671e-04 -5.753524899482727051e-01 5.994880199432373047e-02 -8.048784732818603516e-02 -2.375192344188690186e-01
1.111111119389533997e-01 8.888888955116271973e-01 6.498763104900717735e-04 1.556516736745834351e-01 1.421992927789688110e-01 3.006437122821807861e-01 7.424833625555038452e-02 1.006410717964172363e+00 4.378705918788909912e-01 1.147231936454772949e+00 3.100126385688781738e-01 3.516711294651031494e-04 1.562116295099258423e-01 7.220704853534698486e-02 2.001767009496688843e-01 6.148141622543334961e-02 5.936105847358703613e-01 3.725372552871704102e-01 9.242627024650573730e-01 2.404969483613967896e-01 -2.982051810249686241e-04 5.599558353424072266e-04 -6.999224424362182617e-02 -1.004670113325119019e-01 -1.276692003011703491e-02 -4.128001332283020020e-01 -6.533333659172058105e-02 -2.229692339897155762e-01 -6.951569020748138428e-02
2.222222238779067993e-01 8.888888955116271973e-01 1.221367856487631798e-03 1.717504113912582397e-01 1.578019708395004272e-01 3.406964838504791260e-01 3.605251386761665344e-02 1.009822607040405273e+00 4.435868859291076660e-01 1.160792708396911621e+00 3.084163963794708252e-01 1.238439232110977173e-03 1.725685596466064453e-01 9.111447632312774658e-02 2.313526868820190430e-01 3.051483631134033203e-02 6.331626772880554199e-01 3.493846654891967773e-01 8.853128552436828613e-01 2.669601142406463623e-01 1.707137562334537506e-05 8.181482553482055664e-04 -6.668749451637268066e-02 -1.093437969684600830e-01 -5.537677556276321411e-03 -3.766599297523498535e-01 -9.420222043991088867e-02 -2.754798531532287598e-01 -4.145628213882446289e-02
3.333333432674407959e-01 8.888888955116271973e-01 1.645544543862342834e-03 1.778106987476348877e-01 1.575502306222915649e-01 3.484951555728912354e-01 -1.024960912764072418e-02 1.008637666702270508e+00 4.493914842605590820e-01 1.173842072486877441e+00 3.060350418090820312e-01 1.815441995859146118e-03 1.789946705102920532e-01 9.411439299583435059e-02 2.359040379524230957e-01 -8.975684642791748047e-03 6.497797966003417969e-01 3.384183049201965332e-01 8.650725483894348145e-01 2.781113684177398682e-01 1.698974519968032837e-04 1.183971762657165527e-03 -6.343583762645721436e-02 -1.125911176204681396e-01 1.273924484848976135e-03 -3.588578701019287109e-01 -1.109731793403625488e-01 -3.087695240974426270e-01 -2.792367339134216309e-02
4.444444477558135986e-01 8.888888955116271973e-01 1.871244283393025398e-03 1.737534850835800171e-01 1.451618671417236328e-01 3.204237520694732666e-01 -4.671724140644073486e-02 1.003410339355468750e+00 4.370261728763580322e-01 1.144866466522216797e+00 3.098374307155609131e-01 2.054337412118911743e-03 1.744436472654342651e-01 8.502037823200225830e-02 2.376474142074584961e-01 -4.268929362297058105e-02 6.806095838546752930e-01 3.838600218296051025e-01 9.693450331687927246e-01 2.626282274723052979e-01 1.830931287258863449e-04 6.901621818542480469e-04 -6.014148890972137451e-02 -8.277633786201477051e-02 4.027947783470153809e-03 -3.228007555007934570e-01 -5.316615104675292969e-02 -1.755214333534240723e-01 -4.720920324325561523e-02
5.555555820465087891e-01 8.888888955116271973e-01 1.871244050562381744e-03 1.629439592361450195e-01 1.239729300141334534e-01 2.779396772384643555e-01 -6.291540712118148804e-02 9.965866804122924805e-01 4.318402409553527832e-01 1.132013082504272461e+00 3.106849789619445801e-01 2.002496272325515747e-03 1.630723625421524048e-01 6.413380056619644165e-02 2.094230353832244873e-01 -6.052532792091369629e-02 6.495817899703979492e-01 4.111675322055816650e-01 1.018589615821838379e+00 2.386550456285476685e-01 1.312522217631340027e-04 1.284033060073852539e-04 -5.983912944793701172e-02 -6.851664185523986816e-02 2.390079200267791748e-03 -3.470048904418945312e-01 -2.067270874977111816e-02 -1.134234666824340820e-01 -7.202993333339691162e-02
6.666666865348815918e-01 8.888888955116271973e-01 1.645544311031699181e-03 1.504400074481964111e-01 1.034293621778488159e-01 2.392389923334121704e-01 -5.823873355984687805e-02 9.913594126701354980e-01 4.329733848571777344e-01 1.133851408958435059e+00 3.093776702880859375e-01 1.712981611490249634e-03 1.506274044513702393e-01 4.222689941525459290e-02 1.818333268165588379e-01 -5.833962559700012207e-02 5.974957942962646484e-01 4.435797929763793945e-01 1.066753864288330078e+00 2.024375051259994507e-01 6.743730045855045319e-05 1.873970031738281250e-04 -6.120246276259422302e-02 -5.740566551685333252e-02 -1.008920371532440186e-04 -3.938636183738708496e-01 1.060640811920166016e-02 -6.709754467010498047e-02 -1.069401651620864868e-01
7.777777910232543945e-01 8.888888955116271973e-01 1.221367507241666317e-03 1.406256109476089478e-01 9.131317585706710815e-02 2.177510559558868408e-01 -3.910619020462036133e-02 9.901744723320007324e-01 4.351855814456939697e-01 1.138731122016906738e+00 3.083282113075256348e-01 1.192916184663772583e-03 1.411148607730865479e-01 2.844076603651046753e-02 1.627284288406372070e-01 -4.021424055099487305e-02 5.534821748733520508e-01 4.584352374076843262e-01 1.077748537063598633e+00 1.754642724990844727e-01 -2.845132257789373398e-05 4.892498254776000977e-04 -6.287240982055664062e-02 -5.502262711524963379e-02 -1.108050346374511719e-03 -4.366922974586486816e-01 2.324965596199035645e-02 -6.098258495330810547e-02 -1.328639388084411621e-01
8.888888955116271973e-01 8.888888955116271973e-01 6.498760194517672062e-04 1.353364288806915283e-01 9.004023671150207520e-02 2.180640250444412231e-01 -1.764380745589733124e-02 9.935863614082336426e-01 4.371336996555328369e-01 1.143678426742553711e+00 3.081564903259277344e-01 3.864653408527374268e-04 1.359759718179702759e-01 2.596000581979751587e-02 1.563472151756286621e-01 -1.630011200904846191e-02 5.600724220275878906e-01 4.465069770812988281e-01 1.058287739753723145e+00 1.850741356611251831e-01 -2.634106785990297794e-04 6.395429372787475586e-04 -6.408023089170455933e-02 -6.171680986881256104e-02 1.343695446848869324e-03 -4.335139393806457520e-01 9.373277425765991211e-03 -8.539068698883056641e-02 -1.230823546648025513e-01
