# x y true_fields pred_fields error_fields
1.111111119389533997e-01 1.111111119389533997e-01 5.199013277888298035e-03 1.834546960890293121e-02 1.250389814376831055e-01 2.070720046758651733e-01 1.798106543719768524e-02 6.730788946151733398e-01 3.371332585811614990e-01 8.666957616806030273e-01 2.853902578353881836e-01 5.988210905343294144e-03 1.877239346504211426e-02 9.501297771930694580e-02 1.443700790405273438e-01 9.171068668365478516e-03 5.181890726089477539e-01 1.832465827465057373e-01 4.917715191841125488e-01 3.418300747871398926e-01 7.891976274549961090e-04 4.269238561391830444e-04 -3.002600371837615967e-02 -6.270192563533782959e-02 -8.809996768832206726e-03 -1.548898220062255859e-01 -1.538866758346557617e-01 -3.749242424964904785e-01 5.643981695175170898e-02
2.222222238779067993e-01 1.111111119389533997e-01 9.770948439836502075e-03 1.976666413247585297e-02 1.226828992366790771e-01 2.188857495784759521e-01 2.825987152755260468e-02 6.764907240867614746e-01 3.351877033710479736e-01 8.630257844924926758e-01 2.873768210411071777e-01 9.772874414920806885e-03 1.986017823219299316e-02 9.272368252277374268e-02 1.457387506961822510e-01 1.397648453712463379e-02 4.959781765937805176e-01 1.752054095268249512e-01 4.702445566654205322e-01 3.419807553291320801e-01 1.925975084304809570e-06 9.351409971714019775e-05 -2.995921671390533447e-02 -7.314699888229370117e-02 -1.428338699042797089e-02 -1.805125474929809570e-01 -1.599822938442230225e-01 -3.927812278270721436e-01 5.460393428802490234e-02
3.333333432674407959e-01 1.111111119389533997e-01 1.316436287015676498e-02 2.072950266301631927e-02 1.121711805462837219e-01 2.217943072319030762e-01 3.496995195746421814e-02 6.753002405166625977e-01 3.329732418060302734e-01 8.579144477844238281e-01 2.882634401321411133e-01 1.288829371333122253e-02 2.075222134590148926e-02 7.785673439502716064e-02 1.384092569351196289e-01 1.820829510688781738e-02 4.442274868488311768e-01 1.796091645956039429e-01 4.748329818248748779e-01 3.218506574630737305e-01 -2.760691568255424500e-04 2.271868288516998291e-05 -3.431444615125656128e-02 -8.338505029678344727e-02 -1.676165685057640076e-02 -2.310727536678314209e-01 -1.533640772104263306e-01 -3.830814659595489502e-01 3.358721733093261719e-02
4.444444477558135986e-01 1.111111119389533997e-01 1.496996171772480011e-02 2.112803980708122253e-02 9.492533653974533081e-02 2.160123586654663086e-01 3.757469728589057922e-02 6.699374318122863770e-01 3.315275609493255615e-01 8.537524342536926270e-01 2.876039445400238037e-01 1.473270915448665619e-02 2.115748077630996704e-02 5.366142094135284424e-02 1.279997825622558594e-01 2.257567644119262695e-02 3.752410411834716797e-01 1.998453736305236816e-01 5.091488957405090332e-01 2.738569974899291992e-01 -2.372525632381439209e-04 2.944096922874450684e-05 -4.126391559839248657e-02 -8.801257610321044922e-02 -1.499902084469795227e-02 -2.946963906288146973e-01 -1.316821873188018799e-01 -3.446035385131835938e-01 -1.374694705009460449e-02
5.555555820465087891e-01 1.111111119389533997e-01 1.496995985507965088e-02 2.095914073288440704e-02 7.373087853193283081e-02 2.037989944219589233e-01 3.596707433462142944e-02 6.622116565704345703e-01 3.315276801586151123e-01 8.523445725440979004e-01 2.854802906513214111e-01 1.484153792262077332e-02 2.100817114114761353e-02 2.528922259807586670e-02 1.221591457724571228e-01 2.607116103172302246e-02 3.168116509914398193e-01 2.409990727901458740e-01 5.767518877983093262e-01 1.965852826833724976e-01 -1.284219324588775635e-04 4.903040826320648193e-05 -4.844165593385696411e-02 -8.163984864950180054e-02 -9.895913302898406982e-03 -3.454000055789947510e-01 -9.052860736846923828e-02 -2.755926847457885742e-01 -8.889500796794891357e-02
6.666666865348815918e-01 1.111111119389533997e-01 1.316436100751161575e-02 2.030183561146259308e-02 5.216872319579124451e-02 1.884678602218627930e-01 3.032080642879009247e-02 6.557849049568176270e-01 3.329736888408660889e-01 8.543267250061035156e-01 2.828742265701293945e-01 1.307582110166549683e-02 2.041918784379959106e-02 -1.344784162938594818e-03 1.192185655236244202e-01 2.616286277770996094e-02 2.693198919296264648e-01 2.886984050273895264e-01 6.380931735038757324e-01 1.051206663250923157e-01 -8.853990584611892700e-05 1.173522323369979858e-04 -5.351350829005241394e-02 -6.924929469823837280e-02 -4.157943651080131531e-03 -3.864650130271911621e-01 -4.427528381347656250e-02 -2.162335515022277832e-01 -1.777535676956176758e-01
7.777777910232543945e-01 1.111111119389533997e-01 9.770944714546203613e-03 1.928033865988254547e-02 3.368616476655006409e-02 1.730692386627197266e-01 2.108961716294288635e-02 6.554397940635681152e-01 3.351891338825225830e-01 8.591177463531494141e-01 2.815416753292083740e-01 9.717814624309539795e-03 1.948881335556507111e-02 -2.157081663608551025e-02 1.222020164132118225e-01 2.089534699916839600e-02 2.501896321773529053e-01 3.442121446132659912e-01 7.079632878303527832e-01 2.838219515979290009e-02 -5.313009023666381836e-05 2.084746956825256348e-04 -5.525698140263557434e-02 -5.086722224950790405e-02 -1.942701637744903564e-04 -4.052501618862152100e-01 9.023010730743408203e-03 -1.511544585227966309e-01 -2.531594932079315186e-01
8.888888955116271973e-01 1.111111119389533997e-01 5.199010483920574188e-03 1.802804507315158844e-02 2.020761743187904358e-02 1.589052528142929077e-01 9.134397841989994049e-03 6.599991917610168457e-01 3.371373116970062256e-01 8.642541170120239258e-01 2.817537784576416016e-01 5.387738812714815140e-03 1.825634762644767761e-02 -3.346067667007446289e-02 1.256147623062133789e-01 1.061676442623138428e-02 2.527529895305633545e-01 3.953991532325744629e-01 7.796459197998046875e-01 -1.410269085317850113e-02 1.887283287942409515e-04 2.283025532960891724e-04 -5.366829410195350647e-02 -3.329049050807952881e-02 1.482366584241390228e-03 -4.072462022304534912e-01 5.826184153556823730e-02 -8.460819721221923828e-02 -2.958564758300781250e-01
1.111111119389533997e-01 2.222222238779067993e-01 8.549579419195652008e-03 3.700836375355720520e-02 1.601393371820449829e-01 2.248333841562271118e-01 1.759892702102661133e-02 6.787198185920715332e-01 3.383609056472778320e-01 8.704370260238647461e-01 2.862552404403686523e-01 9.184285998344421387e-03 3.764957934617996216e-02 1.321701556444168091e-01 1.658844351768493652e-01 6.506502628326416016e-03 5.956032276153564453e-01 1.587095409631729126e-01 4.372875094413757324e-01 3.776345849037170410e-01 6.347065791487693787e-04 6.412155926227569580e-04 -2.796918153762817383e-02 -5.894894897937774658e-02 -1.109242439270019531e-02 -8.311659097671508789e-02 -1.796513646841049194e-01 -4.331495165824890137e-01 9.137934446334838867e-02
2.222222238779067993e-01 2.222222238779067993e-01 1.606795378029346466e-02 4.001965001225471497e-02 1.532635986804962158e-01 2.366030812263488770e-01 2.077314071357250214e-02 6.851307749748229980e-01 3.352167010307312012e-01 8.646354675292968750e-01 2.896665334701538086e-01 1.579725742340087891e-02 4.018088430166244507e-02 1.243488937616348267e-01 1.656684279441833496e-01 9.391844272613525391e-03 5.495818257331848145e-01 1.657997965812683105e-01 4.519506990909576416e-01 3.629410266876220703e-01 -2.706963568925857544e-04 1.612342894077301025e-04 -2.891470491886138916e-02 -7.093465328216552734e-02 -1.138129644095897675e-02 -1.355489492416381836e-01 -1.694169044494628906e-01 -4.126847684383392334e-01 7.327449321746826172e-02
3.333333432674407959e-01 2.222222238779067993e-01 2.164829708635807037e-02 4.188667237758636475e-02 1.330016851425170898e-01 2.344375848770141602e-01 2.123090066015720367e-02 6.828029751777648926e-01 3.313310146331787109e-01 8.555994629859924316e-01 2.911551296710968018e-01 2.132032811641693115e-02 4.209367930889129639e-02 9.862692654132843018e-02 1.503314375877380371e-01 1.112750172615051270e-02 4.746241271495819092e-01 1.719945520162582397e-01 4.603734910488128662e-01 3.383374810218811035e-01 -3.279689699411392212e-04 2.070069313049316406e-04 -3.437475860118865967e-02 -8.410614728927612305e-02 -1.010339893400669098e-02 -2.081788480281829834e-01 -1.593364626169204712e-01 -3.952259719371795654e-01 4.718235135078430176e-02
4.444444477558135986e-01 2.222222238779067993e-01 2.461753226816654205e-02 4.242497682571411133e-02 1.019695773720741272e-01 2.195290029048919678e-01 1.957229152321815491e-02 6.704893708229064941e-01 3.287535607814788818e-01 8.477110862731933594e-01 2.892805039882659912e-01 2.461102977395057678e-02 4.292060434818267822e-02 5.979804694652557373e-02 1.278576850891113281e-01 1.257020235061645508e-02 3.783954977989196777e-01 1.924443989992141724e-01 4.936468899250030518e-01 2.825701236724853516e-01 -6.502494215965270996e-06 4.956275224685668945e-04 -4.217153042554855347e-02 -9.167131781578063965e-02 -7.002089172601699829e-03 -2.920938730239868164e-01 -1.363091617822647095e-01 -3.540641963481903076e-01 -6.710380315780639648e-03
5.555555820465087891e-01 2.222222238779067993e-01 2.461753226816654205e-02 4.174938052892684937e-02 6.389926373958587646e-02 1.954201012849807739e-01 1.638724841177463531e-02 6.411066055297851562e-01 3.288202583789825439e-01 8.424340486526489258e-01 2.809948027133941650e-01 2.480772323906421661e-02 4.246010258793830872e-02 1.411865744739770889e-02 1.092501506209373474e-01 1.312023401260375977e-02 2.675856947898864746e-01 2.336892485618591309e-01 5.429968833923339844e-01 1.617925465106964111e-01 1.901909708976745605e-04 7.107220590114593506e-04 -4.978060722351074219e-02 -8.616995066404342651e-02 -3.267014399170875549e-03 -3.735209107398986816e-01 -9.513100981712341309e-02 -2.994371652603149414e-01 -1.192022562026977539e-01
6.666666865348815918e-01 2.222222238779067993e-01 2.164829522371292114e-02 4.017600417137145996e-02 2.741012349724769592e-02 1.707857847213745117e-01 1.198695413768291473e-02 6.092614531517028809e-01 3.315677940845489502e-01 8.419670462608337402e-01 2.696755230426788330e-01 2.170720510184764862e-02 4.088244587182998657e-02 -2.729786932468414307e-02 9.846862405538558960e-02 1.119571924209594727e-02 1.537831574678421021e-01 2.822843790054321289e-01 5.253866314888000488e-01 -6.940194219350814819e-02 5.890987813472747803e-05 7.064417004585266113e-04 -5.470799282193183899e-02 -7.231716066598892212e-02 -7.912348955869674683e-04 -4.554783105850219727e-01 -4.928341507911682129e-02 -3.165804147720336914e-01 -3.390774726867675781e-01
7.777777910232543945e-01 2.222222238779067993e-01 1.606794819235801697e-02 3.807435184717178345e-02 2.176783978939056396e-03 1.546825617551803589e-01 6.441341247409582138e-03 6.224513649940490723e-01 3.357439935207366943e-01 8.537335991859436035e-01 2.714055478572845459e-01 1.589863747358322144e-02 3.855298459529876709e-02 -5.381069332361221313e-02 1.029823198914527893e-01 5.963936448097229004e-03 1.092531979084014893e-01 3.412082195281982422e-01 5.015230774879455566e-01 -2.650776505470275879e-01 -1.693107187747955322e-04 4.786327481269836426e-04 -5.598747730255126953e-02 -5.170024186372756958e-02 -4.774047993123531342e-04 -5.131981372833251953e-01 5.464226007461547852e-03 -3.522105216979980469e-01 -5.364831686019897461e-01
8.888888955116271973e-01 2.222222238779067993e-01 8.549575693905353546e-03 3.573866188526153564e-02 -1.443383097648620605e-02 1.428913325071334839e-01 -1.595416542841121554e-04 6.499303579330444336e-01 3.394104242324829102e-01 8.672623634338378906e-01 2.776012122631072998e-01 8.536688983440399170e-03 3.584054112434387207e-02 -6.873409450054168701e-02 1.101391986012458801e-01 -1.723647117614746094e-03 1.026026606559753418e-01 3.967331945896148682e-01 5.199879407882690430e-01 -3.446628749370574951e-01 -1.288671046495437622e-05 1.018792390823364258e-04 -5.430026352405548096e-02 -3.275213390588760376e-02 -1.564105506986379623e-03 -5.473276972770690918e-01 5.732277035713195801e-02 -3.472744226455688477e-01 -6.222640872001647949e-01
1.111111119389533997e-01 3.333333432674407959e-01 9.873271919786930084e-03 5.598868429660797119e-02 1.754754185676574707e-01 2.310776114463806152e-01 1.698016747832298279e-02 6.830290555953979492e-01 3.194404244422912598e-01 8.290737271308898926e-01 2.976968288421630859e-01 1.027420163154602051e-02 5.628844350576400757e-02 1.512823849916458130e-01 1.704386174678802490e-01 5.750954151153564453e-03 6.255421042442321777e-01 1.021543741226196289e-01 2.906419932842254639e-01 4.225626289844512939e-01 4.009297117590904236e-04 2.997592091560363770e-04 -2.419303357601165771e-02 -6.063899397850036621e-02 -1.122921332716941833e-02 -5.748695135116577148e-02 -2.172860503196716309e-01 -5.384317636489868164e-01 1.248658001422882080e-01
2.222222238779067993e-01 3.333333432674407959e-01 1.855568028986454010e-02 6.075897067785263062e-02 1.680027097463607788e-01 2.445410341024398804e-01 1.293124724179506302e-02 6.916645169258117676e-01 3.205935060977935791e-01 8.330686092376708984e-01 2.992599606513977051e-01 1.825375854969024658e-02 6.042294949293136597e-02 1.403654962778091431e-01 1.713181138038635254e-01 5.762875080108642578e-03 5.719108581542968750e-01 1.332547366619110107e-01 3.709535896778106689e-01 3.918964266777038574e-01 -3.019217401742935181e-04 -3.360211849212646484e-04 -2.763721346855163574e-02 -7.322292029857635498e-02 -7.168372161686420441e-03 -1.197536587715148926e-01 -1.873387694358825684e-01 -4.621150195598602295e-01 9.263646602630615234e-02
3.333333432674407959e-01 3.333333432674407959e-01 2.500000223517417908e-02 6.347151100635528564e-02 1.437417119741439819e-01 2.403262406587600708e-01 6.981687620282173157e-03 6.883466839790344238e-01 3.201491236686706543e-01 8.315324783325195312e-01 2.986643314361572266e-01 2.478848397731781006e-02 6.321837753057479858e-02 1.102186888456344604e-01 1.531468033790588379e-01 3.980636596679687500e-03 4.983394145965576172e-01 1.485193669795989990e-01 4.052949845790863037e-01 3.644514679908752441e-01 -2.115182578563690186e-04 -2.531334757804870605e-04 -3.352302312850952148e-02 -8.717943727970123291e-02 -3.001051023602485657e-03 -1.900072693824768066e-01 -1.716297566890716553e-01 -4.262374937534332275e-01 6.578713655471801758e-02
4.444444477558135986e-01 3.333333432674407959e-01 2.842895314097404480e-02 6.389081478118896484e-02 1.052174940705299377e-01 2.194444239139556885e-01 9.852466173470020294e-04 6.672764420509338379e-01 3.204940855503082275e-01 8.287920951843261719e-01 2.929913103580474854e-01 2.857913821935653687e-02 6.413792073726654053e-02 6.492803990840911865e-02 1.245988234877586365e-01 1.607477664947509766e-03 3.943498134613037109e-01 1.755428910255432129e-01 4.585833251476287842e-01 3.061859309673309326e-01 1.501850783824920654e-04 2.471059560775756836e-04 -4.028945416212081909e-02 -9.484560042619705200e-02 6.222310476005077362e-04 -2.729266285896301270e-01 -1.449511945247650146e-01 -3.702087700366973877e-01 1.319462060928344727e-02
5.555555820465087891e-01 3.333333432674407959e-01 2.842894941568374634e-02 6.237072870135307312e-02 5.445099622011184692e-02 1.841934621334075928e-01 -3.710692515596747398e-03 5.978924632072448730e-01 3.234179317951202393e-01 8.220330476760864258e-01 2.708525955677032471e-01 2.874486893415451050e-02 6.308387219905853271e-02 8.721754886209964752e-03 9.644278138875961304e-02 -1.243263483047485352e-03 2.461521327495574951e-01 2.227643877267837524e-01 5.134152173995971680e-01 1.523727029561996460e-01 3.159195184707641602e-04 7.131434977054595947e-04 -4.572924226522445679e-02 -8.775068074464797974e-02 2.467429032549262047e-03 -3.517403304576873779e-01 -1.006535440683364868e-01 -3.086178302764892578e-01 -1.184798926115036011e-01
6.666666865348815918e-01 3.333333432674407959e-01 2.500000037252902985e-02 5.962250754237174988e-02 7.967282086610794067e-03 1.517322510480880737e-01 -6.607891991734504700e-03 5.153606534004211426e-01 3.290734589099884033e-01 8.139718174934387207e-01 2.367630600929260254e-01 2.515081316232681274e-02 6.043923646211624146e-02 -4.096934199333190918e-02 8.007376641035079956e-02 -4.828512668609619141e-03 7.199081033468246460e-02 2.760565876960754395e-01 3.635188639163970947e-01 -3.415863215923309326e-01 1.508127897977828979e-04 8.167289197444915771e-04 -4.893662407994270325e-02 -7.165848463773727417e-02 1.779379323124885559e-03 -4.433698356151580811e-01 -5.301687121391296387e-02 -4.504529535770416260e-01 -5.783493518829345703e-01
7.777777910232543945e-01 3.333333432674407959e-01 1.855567470192909241e-02 5.638204142451286316e-02 -1.531005650758743286e-02 1.406071782112121582e-01 -8.009299635887145996e-03 5.608739852905273438e-01 3.359513282775878906e-01 8.401167392730712891e-01 2.503548562526702881e-01 1.845058426260948181e-02 5.686137080192565918e-02 -6.494060158729553223e-02 9.111367911100387573e-02 -8.770257234573364258e-03 4.148922115564346313e-02 3.358400762081146240e-01 2.724344432353973389e-01 -5.943984985351562500e-01 -1.050904393196105957e-04 4.793293774127960205e-04 -4.963054507970809937e-02 -4.949349910020828247e-02 -7.609575986862182617e-04 -5.193847417831420898e-01 -1.112520694732666016e-04 -5.676822662353515625e-01 -8.447533845901489258e-01
8.888888955116271973e-01 3.333333432674407959e-01 9.873267263174057007e-03 5.313185602426528931e-02 -2.971149981021881104e-02 1.345020532608032227e-01 -8.734902366995811462e-03 6.358060836791992188e-01 3.416403830051422119e-01 8.692317605018615723e-01 2.721444070339202881e-01 9.839434176683425903e-03 5.299248546361923218e-02 -7.868739217519760132e-02 1.038936302065849304e-01 -1.217696070671081543e-02 4.148922115564346313e-02 3.883085846900939941e-01 2.827658057212829590e-01 -6.359006166458129883e-01 -3.383308649063110352e-05 -1.393705606460571289e-04 -4.897589236497879028e-02 -3.060842305421829224e-02 -3.442058339715003967e-03 -5.943168401718139648e-01 4.666820168495178223e-02 -5.864659547805786133e-01 -9.080450534820556641e-01
1.111111119389533997e-01 4.444444477558135986e-01 9.356226772069931030e-03 7.528643310070037842e-02 1.741465926170349121e-01 2.356242686510086060e-01 1.949526928365230560e-02 6.921546459197998047e-01 3.257948458194732666e-01 8.448314666748046875e-01 2.965696752071380615e-01 9.691908955574035645e-03 7.529408484697341919e-02 1.271935254335403442e-01 1.699097752571105957e-01 9.783327579498291016e-03 5.253132581710815430e-01 2.123646140098571777e-01 5.614377260208129883e-01 3.218721151351928711e-01 3.356821835041046143e-04 7.651746273040771484e-06 -4.695306718349456787e-02 -6.571449339389801025e-02 -9.711941704154014587e-03 -1.668413877487182617e-01 -1.134302318096160889e-01 -2.833937406539916992e-01 2.530243992805480957e-02
2.222222238779067993e-01 4.444444477558135986e-01 1.758395321667194366e-02 8.198460936546325684e-02 1.687992513179779053e-01 2.498263120651245117e-01 8.009478449821472168e-03 7.019767165184020996e-01 3.180404305458068848e-01 8.289345502853393555e-01 3.031904101371765137e-01 1.748350262641906738e-02 8.138122409582138062e-02 1.215611249208450317e-01 1.719695925712585449e-01 4.700571298599243164e-03 5.006981492042541504e-01 1.931715309619903564e-01 5.134803056716918945e-01 3.290785849094390869e-01 -1.004505902528762817e-04 -6.033852696418762207e-04 -4.723812639713287354e-02 -7.785671949386596680e-02 -3.308907151222229004e-03 -2.012785673141479492e-01 -1.248688995838165283e-01 -3.154542446136474609e-01 2.588817477226257324e-02
3.333333432674407959e-01 4.444444477558135986e-01 2.369079552590847015e-02 8.548400551080703735e-02 1.459837704896926880e-01 2.439892441034317017e-01 -4.369670525193214417e-03 6.983936429023742676e-01 3.119868338108062744e-01 8.146530389785766602e-01 3.055888712406158447e-01 2.358530461788177490e-02 8.488833159208297729e-02 9.590660035610198975e-02 1.531183123588562012e-01 -2.627789974212646484e-03 4.447761178016662598e-01 1.827798187732696533e-01 4.822760224342346191e-01 3.192813694477081299e-01 -1.054909080266952515e-04 -5.956739187240600586e-04 -5.007717013359069824e-02 -9.087093174457550049e-02 1.741880550980567932e-03 -2.536175251007080078e-01 -1.292070150375366211e-01 -3.323770165443420410e-01 1.369249820709228516e-02
4.444444477558135986e-01 4.444444477558135986e-01 2.694017812609672546e-02 8.552554994821548462e-02 1.087772920727729797e-01 2.203150093555450439e-01 -1.457812078297138214e-02 6.791164278984069824e-01 3.088845014572143555e-01 8.046584129333496094e-01 3.025231659412384033e-01 2.693433314561843872e-02 8.522865176200866699e-02 5.545304715633392334e-02 1.238393709063529968e-01 -1.021221280097961426e-02 3.622457981109619141e-01 1.937678903341293335e-01 4.933399558067321777e-01 2.730178534984588623e-01 -5.844980478286743164e-06 -2.968981862068176270e-04 -5.332424491643905640e-02 -9.647563844919204712e-02 4.365907981991767883e-03 -3.168706297874450684e-01 -1.151166111230850220e-01 -3.113184571266174316e-01 -2.950531244277954102e-02
5.555555820465087891e-01 4.444444477558135986e-01 2.694017626345157623e-02 8.282317221164703369e-02 6.188413500785827637e-02 1.858423054218292236e-01 -2.082047425210475922e-02 6.313620805740356445e-01 3.126539289951324463e-01 8.050701022148132324e-01 2.874779701232910156e-01 2.695403248071670532e-02 8.286380767822265625e-02 7.094920612871646881e-03 9.898061305284500122e-02 -1.679867506027221680e-02 2.412658184766769409e-01 2.384095489978790283e-01 5.380138754844665527e-01 1.283395141363143921e-01 1.385621726512908936e-05 4.063546657562255859e-05 -5.478921532630920410e-02 -8.686169236898422241e-02 4.021799191832542419e-03 -3.900962471961975098e-01 -7.424437999725341797e-02 -2.670562267303466797e-01 -1.591384559869766235e-01
6.666666865348815918e-01 4.444444477558135986e-01 2.369079366326332092e-02 7.864134013652801514e-02 1.822815090417861938e-02 1.551354378461837769e-01 -2.253338508307933807e-02 5.789321064949035645e-01 3.225668668746948242e-01 8.161254525184631348e-01 2.650485634803771973e-01 2.365729957818984985e-02 7.887378334999084473e-02 -3.582244366407394409e-02 8.651223033666610718e-02 -2.109375596046447754e-02 1.021591797471046448e-01 2.952534258365631104e-01 4.511412084102630615e-01 -2.360102236270904541e-01 -3.349408507347106934e-05 2.324432134628295898e-04 -5.405059456825256348e-02 -6.862320750951766968e-02 1.439629122614860535e-03 -4.767729341983795166e-01 -2.731344103813171387e-02 -3.649842441082000732e-01 -5.010588169097900391e-01
7.777777910232543945e-01 4.444444477558135986e-01 1.758394762873649597e-02 7.420340180397033691e-02 -9.247064590454101562e-03 1.410590857267379761e-01 -2.025571092963218689e-02 6.016888618469238281e-01 3.354475498199462891e-01 8.486351370811462402e-01 2.649296820163726807e-01 1.755404658615589142e-02 7.433590292930603027e-02 -6.182644516229629517e-02 9.496939927339553833e-02 -2.185755968093872070e-02 5.837449058890342712e-02 3.552701771259307861e-01 3.519054949283599854e-01 -5.047354102134704590e-01 -2.990104258060455322e-05 1.325011253356933594e-04 -5.257938057184219360e-02 -4.608968645334243774e-02 -1.601848751306533813e-03 -5.433143973350524902e-01 1.982262730598449707e-02 -4.967296421527862549e-01 -7.696651220321655273e-01
8.888888955116271973e-01 4.444444477558135986e-01 9.356222115457057953e-03 7.020761817693710327e-02 -2.641450613737106323e-02 1.355322897434234619e-01 -1.568151824176311493e-02 6.472718119621276855e-01 3.475084304809570312e-01 8.842749595642089844e-01 2.723071575164794922e-01 9.485432878136634827e-03 6.997627019882202148e-02 -7.875529676675796509e-02 1.069579795002937317e-01 -1.897397637367248535e-02 5.045040696859359741e-02 3.999911546707153320e-01 3.294095695018768311e-01 -5.882289409637451172e-01 1.292107626795768738e-04 -2.313479781150817871e-04 -5.234079062938690186e-02 -2.857431024312973022e-02 -3.292458131909370422e-03 -5.968214273452758789e-01 5.248272418975830078e-02 -5.548653602600097656e-01 -8.605360984802246094e-01
1.111111119389533997e-01 5.555555820465087891e-01 7.484979461878538132e-03 9.490160644054412842e-02 1.968583166599273682e-01 2.933504283428192139e-01 3.163376078009605408e-02 8.685744404792785645e-01 4.256051778793334961e-01 1.097547769546508789e+00 2.893967032432556152e-01 7.836326956748962402e-03 9.490217268466949463e-02 1.464539319276809692e-01 2.200010418891906738e-01 2.102220058441162109e-02 6.496978402137756348e-01 3.146047294139862061e-01 8.126445412635803223e-01 2.915326654911041260e-01 3.513474948704242706e-04 5.662441253662109375e-07 -5.040438473224639893e-02 -7.334938645362854004e-02 -1.061156019568443298e-02 -2.188766002655029297e-01 -1.110004484653472900e-01 -2.849032282829284668e-01 2.135962247848510742e-03
2.222222238779067993e-01 5.555555820465087891e-01 1.406716089695692062e-02 1.036965698003768921e-01 1.937155425548553467e-01 3.167869150638580322e-01 8.819379843771457672e-03 8.783982992172241211e-01 4.245930016040802002e-01 1.097022533416748047e+00 2.918517589569091797e-01 1.422259211540222168e-02 1.034218668937683105e-01 1.418031305074691772e-01 2.319553196430206299e-01 6.607055664062500000e-03 6.321625113487243652e-01 2.952920794486999512e-01 7.665247321128845215e-01 2.979093492031097412e-01 1.554312184453010559e-04 -2.747029066085815430e-04 -5.191241204738616943e-02 -8.483159542083740234e-02 -2.212324179708957672e-03 -2.462357878684997559e-01 -1.293009221553802490e-01 -3.304978013038635254e-01 6.057590246200561523e-03
3.333333432674407959e-01 5.555555820465087891e-01 1.895263418555259705e-02 1.079241782426834106e-01 1.704490035772323608e-01 3.135376274585723877e-01 -1.588157005608081818e-02 8.749706149101257324e-01 4.220660030841827393e-01 1.090804815292358398e+00 2.922206819057464600e-01 1.890963315963745117e-02 1.077198162674903870e-01 1.170557588338851929e-01 2.182637751102447510e-01 -1.010772585868835449e-02 5.918151736259460449e-01 2.835549712181091309e-01 7.335157394409179688e-01 2.934276759624481201e-01 -4.300102591514587402e-05 -2.043619751930236816e-04 -5.339324474334716797e-02 -9.527385234832763672e-02 5.773844197392463684e-03 -2.831554412841796875e-01 -1.385110318660736084e-01 -3.572890758514404297e-01 1.206994056701660156e-03
4.444444477558135986e-01 5.555555820465087891e-01 2.155214175581932068e-02 1.073291972279548645e-01 1.333785653114318848e-01 2.815499007701873779e-01 -3.393103182315826416e-02 8.595285415649414062e-01 4.003461897373199463e-01 1.039627909660339355e+00 2.984111905097961426e-01 2.128544449806213379e-02 1.070570871233940125e-01 7.699057459831237793e-02 1.852793395519256592e-01 -2.552372217178344727e-02 5.214951038360595703e-01 2.845345735549926758e-01 7.222477197647094727e-01 2.691740095615386963e-01 -2.666972577571868896e-04 -2.721101045608520508e-04 -5.638799071311950684e-02 -9.627056121826171875e-02 8.407309651374816895e-03 -3.380334377288818359e-01 -1.158116161823272705e-01 -3.173801898956298828e-01 -2.923718094825744629e-02
5.555555820465087891e-01 5.555555820465087891e-01 2.155213989317417145e-02 1.031067222356796265e-01 8.897254616022109985e-02 2.394276857376098633e-01 -4.232584685087203979e-02 8.372817039489746094e-01 3.883102238178253174e-01 1.008954763412475586e+00 2.991606593132019043e-01 2.115330100059509277e-02 1.027177423238754272e-01 3.159675002098083496e-02 1.561743617057800293e-01 -3.666085004806518555e-02 4.450112879276275635e-01 3.223363459110260010e-01 7.789387702941894531e-01 2.082700580358505249e-01 -3.988388925790786743e-04 -3.889799118041992188e-04 -5.737579613924026489e-02 -8.325332403182983398e-02 5.664996802806854248e-03 -3.922704160213470459e-01 -6.597387790679931641e-02 -2.300159931182861328e-01 -9.089060127735137939e-02
6.666666865348815918e-01 5.555555820465087891e-01 1.895263232290744781e-02 9.723251312971115112e-02 4.707835614681243896e-02 2.011566609144210815e-01 -4.143312573432922363e-02 8.187743425369262695e-01 3.856348693370819092e-01 9.999201893806457520e-01 2.964599132537841797e-01 1.863000541925430298e-02 9.691121429204940796e-02 -9.908386506140232086e-03 1.368305981159210205e-01 -4.059779644012451172e-02 3.580459654331207275e-01 3.754115104675292969e-01 8.345566987991333008e-01 1.115225553512573242e-01 -3.226269036531448364e-04 -3.212988376617431641e-04 -5.698674172163009644e-02 -6.432606279850006104e-02 8.353292942047119141e-04 -4.607283771038055420e-01 -1.022335886955261230e-02 -1.653634905815124512e-01 -1.849373579025268555e-01
7.777777910232543945e-01 5.555555820465087891e-01 1.406715530902147293e-02 9.153844416141510010e-02 1.599524915218353271e-02 1.755046993494033813e-01 -3.328879177570343018e-02 8.177821636199951172e-01 3.862319588661193848e-01 1.001093149185180664e+00 2.959739565849304199e-01 1.400126516819000244e-02 9.141723066568374634e-02 -3.984695672988891602e-02 1.321004927158355713e-01 -3.602841496467590332e-02 2.999027371406555176e-01 4.222159683704376221e-01 8.620868921279907227e-01 2.090750448405742645e-02 -6.589014083147048950e-05 -1.212134957313537598e-04 -5.584220588207244873e-02 -4.340420663356781006e-02 -2.739623188972473145e-03 -5.178794264793395996e-01 3.598400950431823730e-02 -1.390062570571899414e-01 -2.750664651393890381e-01
8.888888955116271973e-01 5.555555820465087891e-01 7.484976202249526978e-03 8.696596324443817139e-02 -1.536905765533447266e-03 1.643528044223785400e-01 -2.204570733010768890e-02 8.309124708175659180e-01 3.875875174999237061e-01 1.006296873092651367e+00 2.981542646884918213e-01 7.656373549252748489e-03 8.706667274236679077e-02 -5.669978260993957520e-02 1.353251636028289795e-01 -2.479466795921325684e-02 2.816604375839233398e-01 4.403897821903228760e-01 8.685144782066345215e-01 -1.392525993287563324e-02 1.713973470032215118e-04 1.007094979286193848e-04 -5.516287684440612793e-02 -2.902764081954956055e-02 -2.748960629105567932e-03 -5.492520332336425781e-01 5.280226469039916992e-02 -1.377823948860168457e-01 -3.120795190334320068e-01
1.111111119389533997e-01 6.666666865348815918e-01 4.936635494232177734e-03 1.148342117667198181e-01 1.977649331092834473e-01 3.202438354492187500e-01 4.330871626734733582e-02 1.011513113975524902e+00 4.430852234363555908e-01 1.159894824028015137e+00 3.088845312595367432e-01 5.198538769036531448e-03 1.149486377835273743e-01 1.306858509778976440e-01 2.412878572940826416e-01 3.747358918190002441e-02 6.829181909561157227e-01 4.010913670063018799e-01 1.006272792816162109e+00 2.544184327125549316e-01 2.619032748043537140e-04 1.144260168075561523e-04 -6.707908213138580322e-02 -7.895597815513610840e-02 -5.835127085447311401e-03 -3.285949230194091797e-01 -4.199385643005371094e-02 -1.536220312118530273e-01 -5.446609854698181152e-02
2.222222238779067993e-01 6.666666865348815918e-01 9.277840144932270050e-03 1.258948594331741333e-01 2.003410160541534424e-01 3.561111688613891602e-01 1.360484957695007324e-02 1.020152211189270020e+00 4.657174050807952881e-01 1.212624073028564453e+00 3.018883764743804932e-01 9.579092264175415039e-03 1.262075006961822510e-01 1.309762448072433472e-01 2.636999487876892090e-01 1.187604665756225586e-02 6.877732276916503906e-01 3.823086917400360107e-01 9.676347970962524414e-01 2.655150294303894043e-01 3.012521192431449890e-04 3.126412630081176758e-04 -6.936477124691009521e-02 -9.241122007369995117e-02 -1.728802919387817383e-03 -3.323789834976196289e-01 -8.340871334075927734e-02 -2.449892759323120117e-01 -3.637334704399108887e-02
3.333333432674407959e-01 6.666666865348815918e-01 1.250000018626451492e-02 1.307920217514038086e-01 1.814370900392532349e-01 3.623705804347991943e-01 -2.258942835032939911e-02 1.017151594161987305e+00 4.888442158699035645e-01 1.264033913612365723e+00 2.928800880908966064e-01 1.255075633525848389e-02 1.313651204109191895e-01 1.125872284173965454e-01 2.603190541267395020e-01 -1.579350233078002930e-02 6.622523069381713867e-01 3.766846954822540283e-01 9.499464035034179688e-01 2.609303891658782959e-01 5.075614899396896362e-05 5.730986595153808594e-04 -6.884986162185668945e-02 -1.020515263080596924e-01 6.795926019549369812e-03 -3.548992872238159180e-01 -1.121595203876495361e-01 -3.140875101089477539e-01 -3.194969892501831055e-02
4.444444477558135986e-01 6.666666865348815918e-01 1.421447470784187317e-02 1.293017268180847168e-01 1.529332250356674194e-01 3.227280974388122559e-01 -4.736566543579101562e-02 1.003909587860107422e+00 4.453314244747161865e-01 1.163894295692443848e+00 3.067730665206909180e-01 1.392115652561187744e-02 1.295045614242553711e-01 8.446916937828063965e-02 2.286564409732818604e-01 -3.941944241523742676e-02 6.272007226943969727e-01 3.611930310726165771e-01 9.090729951858520508e-01 2.584311068058013916e-01 -2.933181822299957275e-04 2.028346061706542969e-04 -6.846405565738677979e-02 -9.407165646553039551e-02 7.946223020553588867e-03 -3.767088651657104492e-01 -8.413839340209960938e-02 -2.548213005065917969e-01 -4.834195971488952637e-02
5.555555820465087891e-01 6.666666865348815918e-01 1.421447470784187317e-02 1.232213601469993591e-01 1.144358813762664795e-01 2.746795415878295898e-01 -5.768366158008575439e-02 9.865901470184326172e-01 4.258495569229125977e-01 1.116856217384338379e+00 3.113272190093994141e-01 1.373559236526489258e-02 1.228441447019577026e-01 4.804881662130355835e-02 1.959897875785827637e-01 -5.425521731376647949e-02 5.684450268745422363e-01 3.899499177932739258e-01 9.521310925483703613e-01 2.208375781774520874e-01 -4.788823425769805908e-04 -3.772154450416564941e-04 -6.638706475496292114e-02 -7.868975400924682617e-02 3.428444266319274902e-03 -4.181451201438903809e-01 -3.589963912963867188e-02 -1.647251248359680176e-01 -9.048964083194732666e-02
6.666666865348815918e-01 6.666666865348815918e-01 1.249999832361936569e-02 1.153960153460502625e-01 7.625566422939300537e-02 2.336207181215286255e-01 -5.551856011152267456e-02 9.732995033264160156e-01 4.271129071712493896e-01 1.117826700210571289e+00 3.085846602916717529e-01 1.211471855640411377e-02 1.148775666952133179e-01 1.182556245476007462e-02 1.738536953926086426e-01 -5.663007497787475586e-02 5.059589743614196777e-01 4.439564049243927002e-01 1.030471682548522949e+00 1.605549454689025879e-01 -3.852797672152519226e-04 -5.184486508369445801e-04 -6.443010270595550537e-02 -5.976702272891998291e-02 -1.111514866352081299e-03 -4.673405289649963379e-01 1.684349775314331055e-02 -8.735501766204833984e-02 -1.480297148227691650e-01
7.777777910232543945e-01 6.666666865348815918e-01 9.277836419641971588e-03 1.083871573209762573e-01 4.844866320490837097e-02 2.071126997470855713e-01 -4.270091280341148376e-02 9.703375697135925293e-01 4.307163655757904053e-01 1.125603675842285156e+00 3.066645860671997070e-01 9.149067103862762451e-03 1.082204878330230713e-01 -1.512963231652975082e-02 1.651297509670257568e-01 -4.636433720588684082e-02 4.676371812820434570e-01 4.932345449924468994e-01 1.094796061515808105e+00 1.098128631711006165e-01 -1.287693157792091370e-04 -1.666694879531860352e-04 -6.357829272747039795e-02 -4.198294878005981445e-02 -3.663424402475357056e-03 -5.027003884315490723e-01 6.251817941665649414e-02 -3.080761432647705078e-02 -1.968517303466796875e-01
8.888888955116271973e-01 6.666666865348815918e-01 4.936633165925741196e-03 1.034068763256072998e-01 3.489273041486740112e-02 1.985883116722106934e-01 -2.583448775112628937e-02 9.790291190147399902e-01 4.327132999897003174e-01 1.131446838378906250e+00 3.073862493038177490e-01 4.899114836007356644e-03 1.039242297410964966e-01 -2.937977015972137451e-02 1.663241982460021973e-01 -2.787552773952484131e-02 4.727605879306793213e-01 5.063037276268005371e-01 1.119328737258911133e+00 1.053926497697830200e-01 -3.751832991838455200e-05 5.173534154891967773e-04 -6.427250057458877563e-02 -3.226411342620849609e-02 -2.041039988398551941e-03 -5.062685012817382812e-01 7.359042763710021973e-02 -1.211810111999511719e-02 -2.019935995340347290e-01
1.111111119389533997e-01 7.777777910232543945e-01 2.442736178636550903e-03 1.350842267274856567e-01 1.655221432447433472e-01 3.092311918735504150e-01 5.742374435067176819e-02 1.011966705322265625e+00 4.419253170490264893e-01 1.157310366630554199e+00 3.093958497047424316e-01 2.459288109093904495e-03 1.351740956306457520e-01 9.625671803951263428e-02 2.298415005207061768e-01 5.537331104278564453e-02 6.356258988380432129e-01 4.279914200305938721e-01 1.048616290092468262e+00 2.250436544418334961e-01 1.655193045735359192e-05 8.986890316009521484e-05 -6.926542520523071289e-02 -7.938969135284423828e-02 -2.050433307886123657e-03 -3.763408064842224121e-01 -1.393389701843261719e-02 -1.086940765380859375e-01 -8.435219526290893555e-02
2.222222238779067993e-01 7.777777910232543945e-01 4.590842407196760178e-03 1.485794633626937866e-01 1.743043512105941772e-01 3.503247797489166260e-01 2.336815744638442993e-02 1.018378853797912598e+00 4.652641415596008301e-01 1.211321353912353516e+00 3.017566204071044922e-01 4.872829187661409378e-03 1.492088735103607178e-01 1.041478365659713745e-01 2.535833418369293213e-01 2.124151587486267090e-02 6.611091494560241699e-01 3.924036920070648193e-01 9.827690720558166504e-01 2.522423565387725830e-01 2.819867804646492004e-04 6.294101476669311523e-04 -7.015651464462280273e-02 -9.674143791198730469e-02 -2.126641571521759033e-03 -3.572697043418884277e-01 -7.286044955253601074e-02 -2.285522818565368652e-01 -4.951426386833190918e-02
3.333333432674407959e-01 7.777777910232543945e-01 6.185225211083889008e-03 1.540875136852264404e-01 1.646952480077743530e-01 3.607938587665557861e-01 -1.963832601904869080e-02 1.016152024269104004e+00 4.893527328968048096e-01 1.264995217323303223e+00 2.925187349319458008e-01 6.374851334840059280e-03 1.551489382982254028e-01 9.684287011623382568e-02 2.510545253753662109e-01 -1.489585638046264648e-02 6.501818895339965820e-01 3.764828741550445557e-01 9.467185735702514648e-01 2.573195397853851318e-01 1.896261237561702728e-04 1.061424612998962402e-03 -6.785237789154052734e-02 -1.097393333911895752e-01 4.742469638586044312e-03 -3.659701347351074219e-01 -1.128698587417602539e-01 -3.182766437530517578e-01 -3.519919514656066895e-02
4.444444477558135986e-01 7.777777910232543945e-01 7.033578585833311081e-03 1.514431536197662354e-01 1.477824300527572632e-01 3.235862851142883301e-01 -5.039503425359725952e-02 1.006327986717224121e+00 4.481666982173919678e-01 1.170708894729614258e+00 3.061087727546691895e-01 7.005438674241304398e-03 1.519699841737747192e-01 8.337390422821044922e-02 2.336309850215911865e-01 -4.412382841110229492e-02 6.490005850791931152e-01 3.756524920463562012e-01 9.446899294853210449e-01 2.573987841606140137e-01 -2.813991159200668335e-05 5.268305540084838867e-04 -6.440852582454681396e-02 -8.995530009269714355e-02 6.271205842494964600e-03 -3.573274016380310059e-01 -7.251420617103576660e-02 -2.260189652442932129e-01 -4.870998859405517578e-02
5.555555820465087891e-01 7.777777910232543945e-01 7.033577654510736465e-03 1.431671082973480225e-01 1.202568635344505310e-01 2.772948145866394043e-01 -6.293251365423202515e-02 9.935035109519958496e-01 4.298925399780273438e-01 1.127109527587890625e+00 3.109200596809387207e-01 6.873026955872774124e-03 1.428661644458770752e-01 5.697997659444808960e-02 2.031497657299041748e-01 -6.061854958534240723e-02 6.037943363189697266e-01 4.010312855243682861e-01 9.850160479545593262e-01 2.281038612127304077e-01 -1.605506986379623413e-04 -3.009438514709472656e-04 -6.327688694000244141e-02 -7.414504885673522949e-02 2.313964068889617920e-03 -3.897091746330261230e-01 -2.886125445365905762e-02 -1.420934796333312988e-01 -8.281619846820831299e-02
6.666666865348815918e-01 7.777777910232543945e-01 6.185224745422601700e-03 1.331318467855453491e-01 9.227018058300018311e-02 2.380437552928924561e-01 -5.949009954929351807e-02 9.836792945861816406e-01 4.314952790737152100e-01 1.129353761672973633e+00 3.086514174938201904e-01 6.041259039193391800e-03 1.325913965702056885e-01 2.892677858471870422e-02 1.819144189357757568e-01 -6.099793314933776855e-02 5.593101978302001953e-01 4.524573087692260742e-01 1.069089770317077637e+00 1.814261227846145630e-01 -1.439657062292098999e-04 -5.404502153396606445e-04 -6.334340572357177734e-02 -5.612933635711669922e-02 -1.507833600044250488e-03 -4.243690967559814453e-01 2.096202969551086426e-02 -6.026399135589599609e-02 -1.272252947092056274e-01
7.777777910232543945e-01 7.777777910232543945e-01 4.590841010212898254e-03 1.247495487332344055e-01 7.339872419834136963e-02 2.147665023803710938e-01 -4.335199296474456787e-02 9.814524650573730469e-01 4.356179833412170410e-01 1.138424038887023926e+00 3.066770136356353760e-01 4.485294688493013382e-03 1.245615035295486450e-01 9.521127678453922272e-03 1.729808449745178223e-01 -4.653277993202209473e-02 5.434182286262512207e-01 5.009450912475585938e-01 1.149589180946350098e+00 1.474203765392303467e-01 -1.055463217198848724e-04 -1.880452036857604980e-04 -6.387759745121002197e-02 -4.178565740585327148e-02 -3.180786967277526855e-03 -4.380342364311218262e-01 6.532710790634155273e-02 1.116514205932617188e-02 -1.592566370964050293e-01
8.888888955116271973e-01 7.777777910232543945e-01 2.442735247313976288e-03 1.195303574204444885e-01 6.669191271066665649e-02 2.114276736974716187e-01 -2.360690571367740631e-02 9.878647923469543457e-01 4.392125904560089111e-01 1.147565484046936035e+00 3.063896000385284424e-01 2.109021414071321487e-03 1.200654953718185425e-01 1.564086414873600006e-03 1.742582023143768311e-01 -2.385118603706359863e-02 5.780329704284667969e-01 5.155524015426635742e-01 1.192209839820861816e+00 1.562451124191284180e-01 -3.337138332426548004e-04 5.351379513740539551e-04 -6.512782722711563110e-02 -3.716947138309478760e-02 -2.442803233861923218e-04 -4.098318219184875488e-01 7.633981108665466309e-02 4.464435577392578125e-02 -1.501444876194000244e-01
1.111111119389533997e-01 8.888888955116271973e-01 6.498763104900717735e-04 1.556516736745834351e-01 1.421992927789688110e-01 3.006437122821807861e-01 7.424833625555038452e-02 1.006410717964172363e+00 4.378705918788909912e-01 1.147231936454772949e+00 3.100126385688781738e-01 4.657213576138019562e-04 1.553245186805725098e-01 7.402919232845306396e-02 2.240249514579772949e-01 7.368880510330200195e-02 6.279044747352600098e-01 4.395557940006256104e-01 1.069179296493530273e+00 2.162043601274490356e-01 -1.841549528762698174e-04 -3.271549940109252930e-04 -6.817010045051574707e-02 -7.661876082420349121e-02 -5.595311522483825684e-04 -3.785062432289123535e-01 1.685202121734619141e-03 -7.805263996124267578e-02 -9.380827844142913818e-02
2.222222238779067993e-01 8.888888955116271973e-01 1.221367856487631798e-03 1.717504113912582397e-01 1.578019708395004272e-01 3.406964838504791260e-01 3.605251386761665344e-02 1.009822607040405273e+00 4.435868859291076660e-01 1.160792708396911621e+00 3.084163963794708252e-01 1.377791631966829300e-03 1.719359606504440308e-01 8.984196186065673828e-02 2.426545321941375732e-01 3.338721394538879395e-02 6.592369079589843750e-01 3.885171711444854736e-01 9.741765856742858887e-01 2.537110745906829834e-01 1.564237754791975021e-04 1.855492591857910156e-04 -6.796000897884368896e-02 -9.804195165634155273e-02 -2.665299922227859497e-03 -3.505856990814208984e-01 -5.506971478462219238e-02 -1.866161227226257324e-01 -5.470532178878784180e-02
3.333333432674407959e-01 8.888888955116271973e-01 1.645544543862342834e-03 1.778106987476348877e-01 1.575502306222915649e-01 3.484951555728912354e-01 -1.024960912764072418e-02 1.008637666702270508e+00 4.493914842605590820e-01 1.173842072486877441e+00 3.060350418090820312e-01 1.887262333184480667e-03 1.784714311361312866e-01 9.178443253040313721e-02 2.327500879764556885e-01 -9.577959775924682617e-03 6.529511213302612305e-01 3.447932898998260498e-01 8.795614242553710938e-01 2.754907906055450439e-01 2.417177893221378326e-04 6.607323884963989258e-04 -6.576579809188842773e-02 -1.157450675964355469e-01 6.716493517160415649e-04 -3.556865453720092773e-01 -1.045981943607330322e-01 -2.942806482315063477e-01 -3.054425120353698730e-02
4.444444477558135986e-01 8.888888955116271973e-01 1.871244283393025398e-03 1.737534850835800171e-01 1.451618671417236328e-01 3.204237520694732666e-01 -4.671724140644073486e-02 1.003410339355468750e+00 4.370261728763580322e-01 1.144866466522216797e+00 3.098374307155609131e-01 2.083391416817903519e-03 1.739135235548019409e-01 8.296751230955123901e-02 2.320992052555084229e-01 -4.330691695213317871e-02 6.740382313728332520e-01 3.828554749488830566e-01 9.657222032546997070e-01 2.612098455429077148e-01 2.121471334248781204e-04 1.600384712219238281e-04 -6.219435483217239380e-02 -8.832454681396484375e-02 3.410324454307556152e-03 -3.293721079826354980e-01 -5.417069792747497559e-02 -1.791442632675170898e-01 -4.862758517265319824e-02
5.555555820465087891e-01 8.888888955116271973e-01 1.871244050562381744e-03 1.629439592361450195e-01 1.239729300141334534e-01 2.779396772384643555e-01 -6.291540712118148804e-02 9.965866804122924805e-01 4.318402409553527832e-01 1.132013082504272461e+00 3.106849789619445801e-01 2.039537299424409866e-03 1.623947918415069580e-01 6.325817853212356567e-02 2.073080539703369141e-01 -6.108844280242919922e-02 6.455552577972412109e-01 4.121695160865783691e-01 1.019528269767761230e+00 2.367826253175735474e-01 1.682932488620281219e-04 -5.491673946380615234e-04 -6.071475148200988770e-02 -7.063162326812744141e-02 1.826964318752288818e-03 -3.510314226150512695e-01 -1.967072486877441406e-02 -1.124848127365112305e-01 -7.390235364437103271e-02
6.666666865348815918e-01 8.888888955116271973e-01 1.645544311031699181e-03 1.504400074481964111e-01 1.034293621778488159e-01 2.392389923334121704e-01 -5.823873355984687805e-02 9.913594126701354980e-01 4.329733848571777344e-01 1.133851408958435059e+00 3.093776702880859375e-01 1.768157351762056351e-03 1.498146951198577881e-01 4.325681179761886597e-02 1.863932609558105469e-01 -5.987665057182312012e-02 6.134024858474731445e-01 4.569573998451232910e-01 1.098175048828125000e+00 2.016164958477020264e-01 1.226130407303571701e-04 -6.253123283386230469e-04 -6.017255038022994995e-02 -5.284573137760162354e-02 -1.637917011976242065e-03 -3.779569268226623535e-01 2.398401498794555664e-02 -3.567636013031005859e-02 -1.077611744403839111e-01
7.777777910232543945e-01 8.888888955116271973e-01 1.221367507241666317e-03 1.406256109476089478e-01 9.131317585706710815e-02 2.177510559558868408e-01 -3.910619020462036133e-02 9.901744723320007324e-01 4.351855814456939697e-01 1.138731122016906738e+00 3.083282113075256348e-01 1.207501161843538284e-03 1.402989178895950317e-01 3.177493065595626831e-02 1.754217147827148438e-01 -4.214920103549957275e-02 6.106699109077453613e-01 4.923342466354370117e-01 1.164149284362792969e+00 1.822753548622131348e-01 -1.386634539812803268e-05 -3.266930580139160156e-04 -5.953824520111083984e-02 -4.232934117317199707e-02 -3.043010830879211426e-03 -3.795045614242553711e-01 5.714866518974304199e-02 2.541816234588623047e-02 -1.260528564453125000e-01
8.888888955116271973e-01 8.888888955116271973e-01 6.498760194517672062e-04 1.353364288806915283e-01 9.004023671150207520e-02 2.180640250444412231e-01 -1.764380745589733124e-02 9.935863614082336426e-01 4.371336996555328369e-01 1.143678426742553711e+00 3.081564903259277344e-01 2.297912724316120148e-04 1.353350728750228882e-01 3.075999021530151367e-02 1.743876934051513672e-01 -1.666797697544097900e-02 6.634176969528198242e-01 4.943461716175079346e-01 1.187966942787170410e+00 2.015537619590759277e-01 -4.200847470201551914e-04 -1.356005668640136719e-06 -5.928024649620056152e-02 -4.367633163928985596e-02 9.758304804563522339e-04 -3.301686644554138184e-01 5.721247196197509766e-02 4.428851604461669922e-02 -1.066027283668518066e-01
