# x y true_fields pred_fields error_fields
1.111111119389533997e-01 1.111111119389533997e-01 5.199013277888298035e-03 1.834546960890293121e-02 1.250389814376831055e-01 2.070720046758651733e-01 1.798106543719768524e-02 6.730788946151733398e-01 3.371332585811614990e-01 8.666957616806030273e-01 2.853902578353881836e-01 5.455666687339544296e-03 1.800056174397468567e-02 1.540574133396148682e-01 2.213992923498153687e-01 1.408576779067516327e-02 8.207089304924011230e-01 2.702184617519378662e-01 7.304846644401550293e-01 3.516557514667510986e-01 2.566534094512462616e-04 -3.449078649282455444e-04 2.901843190193176270e-02 1.432728767395019531e-02 -3.895297646522521973e-03 1.476300358772277832e-01 -6.691479682922363281e-02 -1.362110972404479980e-01 6.626549363136291504e-02
2.222222238779067993e-01 1.111111119389533997e-01 9.770948439836502075e-03 1.976666413247585297e-02 1.226828992366790771e-01 2.188857495784759521e-01 2.825987152755260468e-02 6.764907240867614746e-01 3.351877033710479736e-01 8.630257844924926758e-01 2.873768210411071777e-01 9.613508358597755432e-03 1.958514377474784851e-02 1.509968340396881104e-01 2.305998206138610840e-01 2.259687520563602448e-02 7.948757410049438477e-01 2.749822139739990234e-01 7.396537661552429199e-01 3.449120819568634033e-01 -1.574400812387466431e-04 -1.815203577280044556e-04 2.831393480300903320e-02 1.171407103538513184e-02 -5.662996321916580200e-03 1.183850169181823730e-01 -6.020548939704895020e-02 -1.233720183372497559e-01 5.753526091575622559e-02
3.333333432674407959e-01 1.111111119389533997e-01 1.316436287015676498e-02 2.072950266301631927e-02 1.121711805462837219e-01 2.217943072319030762e-01 3.496995195746421814e-02 6.753002405166625977e-01 3.329732418060302734e-01 8.579144477844238281e-01 2.882634401321411133e-01 1.278135366737842560e-02 2.082417532801628113e-02 1.382865011692047119e-01 2.327154874801635742e-01 2.896817587316036224e-02 7.798316478729248047e-01 2.868387997150421143e-01 7.665339112281799316e-01 3.361753821372985840e-01 -3.830092027783393860e-04 9.467266499996185303e-05 2.611532062292098999e-02 1.092118024826049805e-02 -6.001776084303855896e-03 1.045314073562622070e-01 -4.613444209098815918e-02 -9.138053655624389648e-02 4.791194200515747070e-02
4.444444477558135986e-01 1.111111119389533997e-01 1.496996171772480011e-02 2.112803980708122253e-02 9.492533653974533081e-02 2.160123586654663086e-01 3.757469728589057922e-02 6.699374318122863770e-01 3.315275609493255615e-01 8.537524342536926270e-01 2.876039445400238037e-01 1.447486504912376404e-02 2.136653661727905273e-02 1.192978620529174805e-01 2.233238369226455688e-01 3.114992007613182068e-02 7.615066170692443848e-01 2.907121777534484863e-01 7.736829519271850586e-01 3.306683599948883057e-01 -4.950966686010360718e-04 2.384968101978302002e-04 2.437252551317214966e-02 7.311478257179260254e-03 -6.424777209758758545e-03 9.156918525695800781e-02 -4.081538319587707520e-02 -8.006948232650756836e-02 4.306441545486450195e-02
5.555555820465087891e-01 1.111111119389533997e-01 1.496995985507965088e-02 2.095914073288440704e-02 7.373087853193283081e-02 2.037989944219589233e-01 3.596707433462142944e-02 6.622116565704345703e-01 3.315276801586151123e-01 8.523445725440979004e-01 2.854802906513214111e-01 1.446157507598400116e-02 2.126277610659599304e-02 9.480783343315124512e-02 2.024298459291458130e-01 2.897624298930168152e-02 7.268102765083312988e-01 2.817760705947875977e-01 7.485885024070739746e-01 3.283393383026123047e-01 -5.083847790956497192e-04 3.036353737115859985e-04 2.107695490121841431e-02 -1.369148492813110352e-03 -6.990831345319747925e-03 6.459861993789672852e-02 -4.975160956382751465e-02 -1.037560701370239258e-01 4.285904765129089355e-02
6.666666865348815918e-01 1.111111119389533997e-01 1.316436100751161575e-02 2.030183561146259308e-02 5.216872319579124451e-02 1.884678602218627930e-01 3.032080642879009247e-02 6.557849049568176270e-01 3.329736888408660889e-01 8.543267250061035156e-01 2.828742265701293945e-01 1.275433413684368134e-02 2.079087495803833008e-02 6.914364546537399292e-02 1.776298284530639648e-01 2.364422567188739777e-02 6.829358339309692383e-01 2.708452641963958740e-01 7.176631689071655273e-01 3.248583078384399414e-01 -4.100268706679344177e-04 4.890393465757369995e-04 1.697492226958274841e-02 -1.083803176879882812e-02 -6.676580756902694702e-03 2.715092897415161133e-02 -6.212842464447021484e-02 -1.366635560989379883e-01 4.198408126831054688e-02
7.777777910232543945e-01 1.111111119389533997e-01 9.770944714546203613e-03 1.928033865988254547e-02 3.368616476655006409e-02 1.730692386627197266e-01 2.108961716294288635e-02 6.554397940635681152e-01 3.351891338825225830e-01 8.591177463531494141e-01 2.815416753292083740e-01 9.548759087920188904e-03 2.000426501035690308e-02 4.847250878810882568e-02 1.609098166227340698e-01 1.619699411094188690e-02 6.635257601737976074e-01 2.758468389511108398e-01 7.268204092979431152e-01 3.174347281455993652e-01 -2.221856266260147095e-04 7.239263504743576050e-04 1.478634402155876160e-02 -1.215942203998565674e-02 -4.892623052000999451e-03 8.085966110229492188e-03 -5.934229493141174316e-02 -1.322973370552062988e-01 3.589305281639099121e-02
8.888888955116271973e-01 1.111111119389533997e-01 5.199010483920574188e-03 1.802804507315158844e-02 2.020761743187904358e-02 1.589052528142929077e-01 9.134397841989994049e-03 6.599991917610168457e-01 3.371373116970062256e-01 8.642541170120239258e-01 2.817537784576416016e-01 5.145435687154531479e-03 1.877616345882415771e-02 3.462871909141540527e-02 1.560680568218231201e-01 7.221523672342300415e-03 6.946563720703125000e-01 2.989938259124755859e-01 7.844358682632446289e-01 3.117928206920623779e-01 -5.357479676604270935e-05 7.481183856725692749e-04 1.442110165953636169e-02 -2.837195992469787598e-03 -1.912874169647693634e-03 3.465718030929565430e-02 -3.814348578453063965e-02 -7.981824874877929688e-02 3.003904223442077637e-02
1.111111119389533997e-01 2.222222238779067993e-01 8.549579419195652008e-03 3.700836375355720520e-02 1.601393371820449829e-01 2.248333841562271118e-01 1.759892702102661133e-02 6.787198185920715332e-01 3.383609056472778320e-01 8.704370260238647461e-01 2.862552404403686523e-01 8.916176855564117432e-03 3.659901395440101624e-02 1.895179748535156250e-01 2.407549768686294556e-01 1.324995420873165131e-02 8.241725564002990723e-01 2.545825242996215820e-01 6.924495100975036621e-01 3.599707484245300293e-01 3.665974363684654236e-04 -4.093497991561889648e-04 2.937863767147064209e-02 1.592159271240234375e-02 -4.348972812294960022e-03 1.454527378082275391e-01 -8.377838134765625000e-02 -1.779875159263610840e-01 7.371550798416137695e-02
2.222222238779067993e-01 2.222222238779067993e-01 1.606795378029346466e-02 4.001965001225471497e-02 1.532635986804962158e-01 2.366030812263488770e-01 2.077314071357250214e-02 6.851307749748229980e-01 3.352167010307312012e-01 8.646354675292968750e-01 2.896665334701538086e-01 1.607750169932842255e-02 3.991894423961639404e-02 1.834216415882110596e-01 2.487046867609024048e-01 1.644348353147506714e-02 7.952260971069335938e-01 2.642382979393005371e-01 7.136687636375427246e-01 3.504264354705810547e-01 9.547919034957885742e-06 -1.007057726383209229e-04 3.015804290771484375e-02 1.210160553455352783e-02 -4.329657182097434998e-03 1.100953221321105957e-01 -7.097840309143066406e-02 -1.509667038917541504e-01 6.075990200042724609e-02
3.333333432674407959e-01 2.222222238779067993e-01 2.164829708635807037e-02 4.188667237758636475e-02 1.330016851425170898e-01 2.344375848770141602e-01 2.123090066015720367e-02 6.828029751777648926e-01 3.313310146331787109e-01 8.555994629859924316e-01 2.911551296710968018e-01 2.165480144321918488e-02 4.194746166467666626e-02 1.626675724983215332e-01 2.448070645332336426e-01 1.732894033193588257e-02 7.841983437538146973e-01 2.744322121143341064e-01 7.372909784317016602e-01 3.433026373386383057e-01 6.504356861114501953e-06 6.078928709030151367e-05 2.966588735580444336e-02 1.036947965621948242e-02 -3.901960328221321106e-03 1.013953685760498047e-01 -5.689880251884460449e-02 -1.183084845542907715e-01 5.214750766754150391e-02
4.444444477558135986e-01 2.222222238779067993e-01 2.461753226816654205e-02 4.242497682571411133e-02 1.019695773720741272e-01 2.195290029048919678e-01 1.957229152321815491e-02 6.704893708229064941e-01 3.287535607814788818e-01 8.477110862731933594e-01 2.892805039882659912e-01 2.463751100003719330e-02 4.253870993852615356e-02 1.299804598093032837e-01 2.269987761974334717e-01 1.608029380440711975e-02 7.739946842193603516e-01 2.747745513916015625e-01 7.370982766151428223e-01 3.412783443927764893e-01 1.997873187065124512e-05 1.137331128120422363e-04 2.801088243722915649e-02 7.469773292541503906e-03 -3.491997718811035156e-03 1.035053133964538574e-01 -5.397900938987731934e-02 -1.106128096580505371e-01 5.199784040451049805e-02
5.555555820465087891e-01 2.222222238779067993e-01 2.461753226816654205e-02 4.174938052892684937e-02 6.389926373958587646e-02 1.954201012849807739e-01 1.638724841177463531e-02 6.411066055297851562e-01 3.288202583789825439e-01 8.424340486526489258e-01 2.809948027133941650e-01 2.454326860606670380e-02 4.197497293353080750e-02 8.790138363838195801e-02 1.935079544782638550e-01 1.295563392341136932e-02 7.316184639930725098e-01 2.638562917709350586e-01 7.066217660903930664e-01 3.390277326107025146e-01 -7.426366209983825684e-05 2.255924046039581299e-04 2.400211989879608154e-02 -1.912146806716918945e-03 -3.431614488363265991e-03 9.051185846328735352e-02 -6.496396660804748535e-02 -1.358122825622558594e-01 5.803292989730834961e-02
6.666666865348815918e-01 2.222222238779067993e-01 2.164829522371292114e-02 4.017600417137145996e-02 2.741012349724769592e-02 1.707857847213745117e-01 1.198695413768291473e-02 6.092614531517028809e-01 3.315677940845489502e-01 8.419670462608337402e-01 2.696755230426788330e-01 2.146791480481624603e-02 4.063073173165321350e-02 4.734942317008972168e-02 1.579815149307250977e-01 8.459305390715599060e-03 6.622464060783386230e-01 2.554375231266021729e-01 6.790112257003784180e-01 3.291141390800476074e-01 -1.803804188966751099e-04 4.547275602817535400e-04 1.993929967284202576e-02 -1.280426979064941406e-02 -3.527648746967315674e-03 5.298495292663574219e-02 -7.613027095794677734e-02 -1.629558205604553223e-01 5.943861603736877441e-02
7.777777910232543945e-01 2.222222238779067993e-01 1.606794819235801697e-02 3.807435184717178345e-02 2.176783978939056396e-03 1.546825617551803589e-01 6.441341247409582138e-03 6.224513649940490723e-01 3.357439935207366943e-01 8.537335991859436035e-01 2.714055478572845459e-01 1.593581400811672211e-02 3.874326124787330627e-02 1.850748248398303986e-02 1.392228007316589355e-01 3.276178613305091858e-03 6.391847729682922363e-01 2.658462226390838623e-01 7.004320621490478516e-01 3.173631727695465088e-01 -1.321341842412948608e-04 6.689094007015228271e-04 1.633069850504398346e-02 -1.545976102352142334e-02 -3.165162634104490280e-03 1.673340797424316406e-02 -6.989777088165283203e-02 -1.533015370368957520e-01 4.595762491226196289e-02
8.888888955116271973e-01 2.222222238779067993e-01 8.549575693905353546e-03 3.573866188526153564e-02 -1.443383097648620605e-02 1.428913325071334839e-01 -1.595416542841121554e-04 6.499303579330444336e-01 3.394104242324829102e-01 8.672623634338378906e-01 2.776012122631072998e-01 8.675580844283103943e-03 3.653615713119506836e-02 2.068104222416877747e-03 1.375878900289535522e-01 -2.178026363253593445e-03 6.829141974449157715e-01 2.971257269382476807e-01 7.784760594367980957e-01 3.100112378597259521e-01 1.260051503777503967e-04 7.974952459335327148e-04 1.650193519890308380e-02 -5.303442478179931641e-03 -2.018484752625226974e-03 3.298383951187133789e-02 -4.228469729423522949e-02 -8.878630399703979492e-02 3.241002559661865234e-02
1.111111119389533997e-01 3.333333432674407959e-01 9.873271919786930084e-03 5.598868429660797119e-02 1.754754185676574707e-01 2.310776114463806152e-01 1.698016747832298279e-02 6.830290555953979492e-01 3.194404244422912598e-01 8.290737271308898926e-01 2.976968288421630859e-01 1.030207797884941101e-02 5.553902685642242432e-02 2.081123888492584229e-01 2.463307827711105347e-01 1.153218932449817657e-02 8.288338184356689453e-01 2.123501002788543701e-01 5.869261026382446289e-01 3.819774985313415527e-01 4.288060590624809265e-04 -4.496574401855468750e-04 3.263697028160095215e-02 1.525317132472991943e-02 -5.447978153824806213e-03 1.458047628402709961e-01 -1.070903241634368896e-01 -2.421476244926452637e-01 8.428066968917846680e-02
2.222222238779067993e-01 3.333333432674407959e-01 1.855568028986454010e-02 6.075897067785263062e-02 1.680027097463607788e-01 2.445410341024398804e-01 1.293124724179506302e-02 6.916645169258117676e-01 3.205935060977935791e-01 8.330686092376708984e-01 2.992599606513977051e-01 1.881808973848819733e-02 6.067926436662673950e-02 2.018422186374664307e-01 2.551296949386596680e-01 9.006304666399955750e-03 8.013670444488525391e-01 2.341229915618896484e-01 6.400388479232788086e-01 3.668860197067260742e-01 2.624094486236572266e-04 -7.970631122589111328e-05 3.383950889110565186e-02 1.058866083621978760e-02 -3.924942575395107269e-03 1.097025275230407715e-01 -8.647051453590393066e-02 -1.930297613143920898e-01 6.762605905532836914e-02
3.333333432674407959e-01 3.333333432674407959e-01 2.500000223517417908e-02 6.347151100635528564e-02 1.437417119741439819e-01 2.403262406587600708e-01 6.981687620282173157e-03 6.883466839790344238e-01 3.201491236686706543e-01 8.315324783325195312e-01 2.986643314361572266e-01 2.543962188065052032e-02 6.345716863870620728e-02 1.766451448202133179e-01 2.491876184940338135e-01 4.404880106449127197e-03 7.886567115783691406e-01 2.515083849430084229e-01 6.820243000984191895e-01 3.558679223060607910e-01 4.396196454763412476e-04 -1.434236764907836914e-05 3.290343284606933594e-02 8.861377835273742676e-03 -2.576807513833045959e-03 1.003100275993347168e-01 -6.864073872566223145e-02 -1.495081782341003418e-01 5.720359086990356445e-02
4.444444477558135986e-01 3.333333432674407959e-01 2.842895314097404480e-02 6.389081478118896484e-02 1.052174940705299377e-01 2.194444239139556885e-01 9.852466173470020294e-04 6.672764420509338379e-01 3.204940855503082275e-01 8.287920951843261719e-01 2.929913103580474854e-01 2.897248975932598114e-02 6.390927731990814209e-02 1.355102509260177612e-01 2.257368862628936768e-01 1.385025680065155029e-04 7.731440067291259766e-01 2.569705545902252197e-01 6.940208077430725098e-01 3.503898978233337402e-01 5.435366183519363403e-04 1.846253871917724609e-05 3.029275685548782349e-02 6.292462348937988281e-03 -8.467440493404865265e-04 1.058675646781921387e-01 -6.352353096008300781e-02 -1.347712874412536621e-01 5.739858746528625488e-02
5.555555820465087891e-01 3.333333432674407959e-01 2.842894941568374634e-02 6.237072870135307312e-02 5.445099622011184692e-02 1.841934621334075928e-01 -3.710692515596747398e-03 5.978924632072448730e-01 3.234179317951202393e-01 8.220330476760864258e-01 2.708525955677032471e-01 2.883184514939785004e-02 6.259646266698837280e-02 8.296377211809158325e-02 1.833625733852386475e-01 -3.161251544952392578e-03 6.999498605728149414e-01 2.495622634887695312e-01 6.691587567329406738e-01 3.406650722026824951e-01 4.028957337141036987e-04 2.257339656352996826e-04 2.851277589797973633e-02 -8.308887481689453125e-04 5.494409706443548203e-04 1.020573973655700684e-01 -7.385566830635070801e-02 -1.528742909431457520e-01 6.981247663497924805e-02
6.666666865348815918e-01 3.333333432674407959e-01 2.500000037252902985e-02 5.962250754237174988e-02 7.967282086610794067e-03 1.517322510480880737e-01 -6.607891991734504700e-03 5.153606534004211426e-01 3.290734589099884033e-01 8.139718174934387207e-01 2.367630600929260254e-01 2.512982301414012909e-02 6.011642888188362122e-02 3.557816147804260254e-02 1.423584520816802979e-01 -5.813820287585258484e-03 5.884060263633728027e-01 2.457382827997207642e-01 6.471274495124816895e-01 3.167004287242889404e-01 1.298226416110992432e-04 4.939213395118713379e-04 2.761087939143180847e-02 -9.373798966407775879e-03 7.940717041492462158e-04 7.304537296295166016e-02 -8.333517611026763916e-02 -1.668443679809570312e-01 7.993736863136291504e-02
7.777777910232543945e-01 3.333333432674407959e-01 1.855567470192909241e-02 5.638204142451286316e-02 -1.531005650758743286e-02 1.406071782112121582e-01 -8.009299635887145996e-03 5.608739852905273438e-01 3.359513282775878906e-01 8.401167392730712891e-01 2.503548562526702881e-01 1.851518265902996063e-02 5.703529343008995056e-02 4.648359492421150208e-03 1.262594312429428101e-01 -7.720747962594032288e-03 6.005178093910217285e-01 2.602789998054504395e-01 6.822666525840759277e-01 3.106448948383331299e-01 -4.049204289913177490e-05 6.532520055770874023e-04 1.995841600000858307e-02 -1.434774696826934814e-02 2.885516732931137085e-04 3.964382410049438477e-02 -7.567232847213745117e-02 -1.578500866889953613e-01 6.029003858566284180e-02
8.888888955116271973e-01 3.333333432674407959e-01 9.873267263174057007e-03 5.313185602426528931e-02 -2.971149981021881104e-02 1.345020532608032227e-01 -8.734902366995811462e-03 6.358060836791992188e-01 3.416403830051422119e-01 8.692317605018615723e-01 2.721444070339202881e-01 9.902765974402427673e-03 5.395155772566795349e-02 -1.210820488631725311e-02 1.292862296104431152e-01 -8.911306038498878479e-03 6.981539726257324219e-01 2.962732911109924316e-01 7.786723375320434570e-01 3.141116201877593994e-01 2.949871122837066650e-05 8.197017014026641846e-04 1.760329492390155792e-02 -5.215823650360107422e-03 -1.764036715030670166e-04 6.234788894653320312e-02 -4.536709189414978027e-02 -9.055942296981811523e-02 4.196721315383911133e-02
1.111111119389533997e-01 4.444444477558135986e-01 9.356226772069931030e-03 7.528643310070037842e-02 1.741465926170349121e-01 2.356242686510086060e-01 1.949526928365230560e-02 6.921546459197998047e-01 3.257948458194732666e-01 8.448314666748046875e-01 2.965696752071380615e-01 9.959584102034568787e-03 7.482463121414184570e-02 2.063574194908142090e-01 2.475739568471908569e-01 1.468286104500293732e-02 8.299849629402160645e-01 2.162823379039764404e-01 5.969911813735961914e-01 3.801200687885284424e-01 6.033573299646377563e-04 -4.618018865585327148e-04 3.221082687377929688e-02 1.194968819618225098e-02 -4.812408238649368286e-03 1.378303170204162598e-01 -1.095125079154968262e-01 -2.478402853012084961e-01 8.355039358139038086e-02
2.222222238779067993e-01 4.444444477558135986e-01 1.758395321667194366e-02 8.198460936546325684e-02 1.687992513179779053e-01 2.498263120651245117e-01 8.009478449821472168e-03 7.019767165184020996e-01 3.180404305458068848e-01 8.289345502853393555e-01 3.031904101371765137e-01 1.802484132349491119e-02 8.190655708312988281e-02 2.009859979152679443e-01 2.580888271331787109e-01 5.518026649951934814e-03 8.105159401893615723e-01 2.283793538808822632e-01 6.263126134872436523e-01 3.712111413478851318e-01 4.408881068229675293e-04 -7.805228233337402344e-05 3.218674659729003906e-02 8.262515068054199219e-03 -2.491451799869537354e-03 1.085392236709594727e-01 -8.966107666492462158e-02 -2.026219367980957031e-01 6.802073121070861816e-02
3.333333432674407959e-01 4.444444477558135986e-01 2.369079552590847015e-02 8.548400551080703735e-02 1.459837704896926880e-01 2.439892441034317017e-01 -4.369670525193214417e-03 6.983936429023742676e-01 3.119868338108062744e-01 8.146530389785766602e-01 3.055888712406158447e-01 2.421533875167369843e-02 8.541449904441833496e-02 1.762403845787048340e-01 2.519465088844299316e-01 -5.622012540698051453e-03 7.971249818801879883e-01 2.389875054359436035e-01 6.518212556838989258e-01 3.637141287326812744e-01 5.245432257652282715e-04 -6.950646638870239258e-05 3.025661408901214600e-02 7.957264780998229980e-03 -1.252342015504837036e-03 9.873133897781372070e-02 -7.299932837486267090e-02 -1.628317832946777344e-01 5.812525749206542969e-02
4.444444477558135986e-01 4.444444477558135986e-01 2.694017812609672546e-02 8.552554994821548462e-02 1.087772920727729797e-01 2.203150093555450439e-01 -1.457812078297138214e-02 6.791164278984069824e-01 3.088845014572143555e-01 8.046584129333496094e-01 3.025231659412384033e-01 2.752567641437053680e-02 8.550382405519485474e-02 1.374266892671585083e-01 2.250666767358779907e-01 -1.382627151906490326e-02 7.775244116783142090e-01 2.413457632064819336e-01 6.561473608016967773e-01 3.593512177467346191e-01 5.854982882738113403e-04 -2.172589302062988281e-05 2.864939719438552856e-02 4.751667380332946777e-03 7.518492639064788818e-04 9.840798377990722656e-02 -6.753873825073242188e-02 -1.485110521316528320e-01 5.682805180549621582e-02
5.555555820465087891e-01 4.444444477558135986e-01 2.694017626345157623e-02 8.282317221164703369e-02 6.188413500785827637e-02 1.858423054218292236e-01 -2.082047425210475922e-02 6.313620805740356445e-01 3.126539289951324463e-01 8.050701022148132324e-01 2.874779701232910156e-01 2.743011526763439178e-02 8.307964354753494263e-02 8.746483922004699707e-02 1.825671344995498657e-01 -1.778394542634487152e-02 7.226986289024353027e-01 2.372134029865264893e-01 6.414577364921569824e-01 3.520689010620117188e-01 4.899390041828155518e-04 2.564713358879089355e-04 2.558070421218872070e-02 -3.275170922279357910e-03 3.036528825759887695e-03 9.133654832839965820e-02 -7.544052600860595703e-02 -1.636123657226562500e-01 6.459093093872070312e-02
6.666666865348815918e-01 4.444444477558135986e-01 2.369079366326332092e-02 7.864134013652801514e-02 1.822815090417861938e-02 1.551354378461837769e-01 -2.253338508307933807e-02 5.789321064949035645e-01 3.225668668746948242e-01 8.161254525184631348e-01 2.650485634803771973e-01 2.397534810006618500e-02 7.916772365570068359e-02 4.124510288238525391e-02 1.427033394575119019e-01 -1.864052005112171173e-02 6.484777331352233887e-01 2.392315417528152466e-01 6.391035318374633789e-01 3.357426226139068604e-01 2.845544368028640747e-04 5.263835191726684570e-04 2.301695197820663452e-02 -1.243209838867187500e-02 3.892865031957626343e-03 6.954562664031982422e-02 -8.333532512187957764e-02 -1.770219206809997559e-01 7.069405913352966309e-02
7.777777910232543945e-01 4.444444477558135986e-01 1.758394762873649597e-02 7.420340180397033691e-02 -9.247064590454101562e-03 1.410590857267379761e-01 -2.025571092963218689e-02 6.016888618469238281e-01 3.354475498199462891e-01 8.486351370811462402e-01 2.649296820163726807e-01 1.769020222127437592e-02 7.483232021331787109e-02 1.011160202324390411e-02 1.273189038038253784e-01 -1.709685660898685455e-02 6.528354287147521973e-01 2.593548595905303955e-01 6.870783567428588867e-01 3.245912492275238037e-01 1.062545925378799438e-04 6.289184093475341797e-04 1.935866661369800568e-02 -1.374018192291259766e-02 3.158854320645332336e-03 5.114656686782836914e-02 -7.609269022941589355e-02 -1.615567803382873535e-01 5.966156721115112305e-02
8.888888955116271973e-01 4.444444477558135986e-01 9.356222115457057953e-03 7.020761817693710327e-02 -2.641450613737106323e-02 1.355322897434234619e-01 -1.568151824176311493e-02 6.472718119621276855e-01 3.475084304809570312e-01 8.842749595642089844e-01 2.723071575164794922e-01 9.385829791426658630e-03 7.102053612470626831e-02 -7.835296913981437683e-03 1.320644915103912354e-01 -1.387921907007694244e-02 7.422600984573364258e-01 2.997008562088012695e-01 7.924475669860839844e-01 3.220642805099487305e-01 2.960767596960067749e-05 8.129179477691650391e-04 1.857920922338962555e-02 -3.467798233032226562e-03 1.802299171686172485e-03 9.498828649520874023e-02 -4.780757427215576172e-02 -9.182739257812500000e-02 4.975712299346923828e-02
1.111111119389533997e-01 5.555555820465087891e-01 7.484979461878538132e-03 9.490160644054412842e-02 1.968583166599273682e-01 2.933504283428192139e-01 3.163376078009605408e-02 8.685744404792785645e-01 4.256051778793334961e-01 1.097547769546508789e+00 2.893967032432556152e-01 8.273059502243995667e-03 9.445165842771530151e-02 2.253257036209106445e-01 3.022850155830383301e-01 2.584940753877162933e-02 9.908279776573181152e-01 3.306566476821899414e-01 8.926700949668884277e-01 3.498443961143493652e-01 7.880800403654575348e-04 -4.499480128288269043e-04 2.846738696098327637e-02 8.934587240219116211e-03 -5.784353241324424744e-03 1.222535371780395508e-01 -9.494853019714355469e-02 -2.048776745796203613e-01 6.044769287109375000e-02
2.222222238779067993e-01 5.555555820465087891e-01 1.406716089695692062e-02 1.036965698003768921e-01 1.937155425548553467e-01 3.167869150638580322e-01 8.819379843771457672e-03 8.783982992172241211e-01 4.245930016040802002e-01 1.097022533416748047e+00 2.918517589569091797e-01 1.461633853614330292e-02 1.036153733730316162e-01 2.215341478586196899e-01 3.225474953651428223e-01 6.448514759540557861e-03 9.804198741912841797e-01 3.434513807296752930e-01 9.226197004318237305e-01 3.431591093540191650e-01 5.491776391863822937e-04 -8.119642734527587891e-05 2.781860530376434326e-02 5.760580301284790039e-03 -2.370865084230899811e-03 1.020215749740600586e-01 -8.114162087440490723e-02 -1.744028329849243164e-01 5.130735039710998535e-02
3.333333432674407959e-01 5.555555820465087891e-01 1.895263418555259705e-02 1.079241782426834106e-01 1.704490035772323608e-01 3.135376274585723877e-01 -1.588157005608081818e-02 8.749706149101257324e-01 4.220660030841827393e-01 1.090804815292358398e+00 2.922206819057464600e-01 1.938637159764766693e-02 1.078434884548187256e-01 1.974269151687622070e-01 3.179570436477661133e-01 -1.488284580409526825e-02 9.660232067108154297e-01 3.511471450328826904e-01 9.395946860313415527e-01 3.378930091857910156e-01 4.337374120950698853e-04 -8.068978786468505859e-05 2.697791159152984619e-02 4.419416189193725586e-03 9.987242519855499268e-04 9.105259180068969727e-02 -7.091885805130004883e-02 -1.512101292610168457e-01 4.567232728004455566e-02
4.444444477558135986e-01 5.555555820465087891e-01 2.155214175581932068e-02 1.073291972279548645e-01 1.333785653114318848e-01 2.815499007701873779e-01 -3.393103182315826416e-02 8.595285415649414062e-01 4.003461897373199463e-01 1.039627909660339355e+00 2.984111905097961426e-01 2.195572666823863983e-02 1.073218733072280884e-01 1.610437035560607910e-01 2.830491662025451660e-01 -2.941403724253177643e-02 9.428656697273254395e-01 3.307986855506896973e-01 8.884890675544738770e-01 3.429453074932098389e-01 4.035849124193191528e-04 -7.323920726776123047e-06 2.766513824462890625e-02 1.499265432357788086e-03 4.516994580626487732e-03 8.333712816238403320e-02 -6.954750418663024902e-02 -1.511388421058654785e-01 4.453411698341369629e-02
5.555555820465087891e-01 5.555555820465087891e-01 2.155213989317417145e-02 1.031067222356796265e-01 8.897254616022109985e-02 2.394276857376098633e-01 -4.232584685087203979e-02 8.372817039489746094e-01 3.883102238178253174e-01 1.008954763412475586e+00 2.991606593132019043e-01 2.195524983108043671e-02 1.033848002552986145e-01 1.145273149013519287e-01 2.360230088233947754e-01 -3.486628085374832153e-02 9.108048677444458008e-01 3.110732436180114746e-01 8.378357887268066406e-01 3.466857969760894775e-01 4.031099379062652588e-04 2.780780196189880371e-04 2.555476874113082886e-02 -3.404676914215087891e-03 7.459565997123718262e-03 7.352316379547119141e-02 -7.723698019981384277e-02 -1.711189746856689453e-01 4.752513766288757324e-02
6.666666865348815918e-01 5.555555820465087891e-01 1.895263232290744781e-02 9.723251312971115112e-02 4.707835614681243896e-02 2.011566609144210815e-01 -4.143312573432922363e-02 8.187743425369262695e-01 3.856348693370819092e-01 9.999201893806457520e-01 2.964599132537841797e-01 1.934671960771083832e-02 9.773867577314376831e-02 6.860502064228057861e-02 1.910798698663711548e-01 -3.356801718473434448e-02 8.790209889411926270e-01 3.015850186347961426e-01 8.119027018547058105e-01 3.460593223571777344e-01 3.940872848033905029e-04 5.061626434326171875e-04 2.152666449546813965e-02 -1.007679104804992676e-02 7.865108549594879150e-03 6.024664640426635742e-02 -8.404985070228576660e-02 -1.880174875259399414e-01 4.959940910339355469e-02
7.777777910232543945e-01 5.555555820465087891e-01 1.406715530902147293e-02 9.153844416141510010e-02 1.599524915218353271e-02 1.755046993494033813e-01 -3.328879177570343018e-02 8.177821636199951172e-01 3.862319588661193848e-01 1.001093149185180664e+00 2.959739565849304199e-01 1.441681943833827972e-02 9.211443364620208740e-02 3.589442372322082520e-02 1.650847047567367554e-01 -2.754430659115314484e-02 8.779877424240112305e-01 3.093433082103729248e-01 8.304934501647949219e-01 3.423490524291992188e-01 3.496641293168067932e-04 5.759894847869873047e-04 1.989917457103729248e-02 -1.041999459266662598e-02 5.744485184550285339e-03 6.020557880401611328e-02 -7.688865065574645996e-02 -1.705996990203857422e-01 4.637509584426879883e-02
8.888888955116271973e-01 5.555555820465087891e-01 7.484976202249526978e-03 8.696596324443817139e-02 -1.536905765533447266e-03 1.643528044223785400e-01 -2.204570733010768890e-02 8.309124708175659180e-01 3.875875174999237061e-01 1.006296873092651367e+00 2.981542646884918213e-01 7.695039268583059311e-03 8.774638175964355469e-02 1.773467846214771271e-02 1.637860238552093506e-01 -1.883269287645816803e-02 9.480426311492919922e-01 3.358700275421142578e-01 9.011867642402648926e-01 3.415706455707550049e-01 2.100630663335323334e-04 7.804185152053833008e-04 1.927158422768115997e-02 -5.667805671691894531e-04 3.213014453649520874e-03 1.171301603317260742e-01 -5.171748995780944824e-02 -1.051101088523864746e-01 4.341638088226318359e-02
1.111111119389533997e-01 6.666666865348815918e-01 4.936635494232177734e-03 1.148342117667198181e-01 1.977649331092834473e-01 3.202438354492187500e-01 4.330871626734733582e-02 1.011513113975524902e+00 4.430852234363555908e-01 1.159894824028015137e+00 3.088845312595367432e-01 5.795975681394338608e-03 1.144095510244369507e-01 2.165259420871734619e-01 3.266404867172241211e-01 4.031102731823921204e-02 1.090968608856201172e+00 3.912317454814910889e-01 1.048376083374023438e+00 3.398401737213134766e-01 8.593401871621608734e-04 -4.246607422828674316e-04 1.876100897789001465e-02 6.396651268005371094e-03 -2.997688949108123779e-03 7.945549488067626953e-02 -5.185347795486450195e-02 -1.115187406539916992e-01 3.095564246177673340e-02
2.222222238779067993e-01 6.666666865348815918e-01 9.277840144932270050e-03 1.258948594331741333e-01 2.003410160541534424e-01 3.561111688613891602e-01 1.360484957695007324e-02 1.020152211189270020e+00 4.657174050807952881e-01 1.212624073028564453e+00 3.018883764743804932e-01 9.968316182494163513e-03 1.257946342229843140e-01 2.171763628721237183e-01 3.609552383422851562e-01 1.147916447371244431e-02 1.092323422431945801e+00 4.156524837017059326e-01 1.106596231460571289e+00 3.311555683612823486e-01 6.904760375618934631e-04 -1.002252101898193359e-04 1.683534681797027588e-02 4.844069480895996094e-03 -2.125685103237628937e-03 7.217121124267578125e-02 -5.006492137908935547e-02 -1.060278415679931641e-01 2.926719188690185547e-02
3.333333432674407959e-01 6.666666865348815918e-01 1.250000018626451492e-02 1.307920217514038086e-01 1.814370900392532349e-01 3.623705804347991943e-01 -2.258942835032939911e-02 1.017151594161987305e+00 4.888442158699035645e-01 1.264033913612365723e+00 2.928800880908966064e-01 1.300759427249431610e-02 1.307284384965896606e-01 1.992359757423400879e-01 3.639783859252929688e-01 -2.043194882571697235e-02 1.077239632606506348e+00 4.394957721233367920e-01 1.160645961761474609e+00 3.204289972782135010e-01 5.075940862298011780e-04 -6.358325481414794922e-05 1.779888570308685303e-02 1.607805490493774414e-03 2.157479524612426758e-03 6.008803844451904297e-02 -4.934844374656677246e-02 -1.033879518508911133e-01 2.754890918731689453e-02
4.444444477558135986e-01 6.666666865348815918e-01 1.421447470784187317e-02 1.293017268180847168e-01 1.529332250356674194e-01 3.227280974388122559e-01 -4.736566543579101562e-02 1.003909587860107422e+00 4.453314244747161865e-01 1.163894295692443848e+00 3.067730665206909180e-01 1.465392671525478363e-02 1.293381303548812866e-01 1.697798669338226318e-01 3.221338987350463867e-01 -4.227168112993240356e-02 1.050263881683349609e+00 3.914059698581695557e-01 1.044469118118286133e+00 3.342528939247131348e-01 4.394520074129104614e-04 3.640353679656982422e-05 1.684664189815521240e-02 -5.941987037658691406e-04 5.093984305858612061e-03 4.635429382324218750e-02 -5.392545461654663086e-02 -1.194251775741577148e-01 2.747982740402221680e-02
5.555555820465087891e-01 6.666666865348815918e-01 1.421447470784187317e-02 1.232213601469993591e-01 1.144358813762664795e-01 2.746795415878295898e-01 -5.768366158008575439e-02 9.865901470184326172e-01 4.258495569229125977e-01 1.116856217384338379e+00 3.113272190093994141e-01 1.471746526658535004e-02 1.234885156154632568e-01 1.318562775850296021e-01 2.678422331809997559e-01 -5.002249032258987427e-02 1.024535179138183594e+00 3.607241511344909668e-01 9.685066342353820801e-01 3.424477577209472656e-01 5.029905587434768677e-04 2.671554684638977051e-04 1.742039620876312256e-02 -6.837308406829833984e-03 7.661171257495880127e-03 3.794503211975097656e-02 -6.512540578842163086e-02 -1.483495831489562988e-01 3.112053871154785156e-02
6.666666865348815918e-01 6.666666865348815918e-01 1.249999832361936569e-02 1.153960153460502625e-01 7.625566422939300537e-02 2.336207181215286255e-01 -5.551856011152267456e-02 9.732995033264160156e-01 4.271129071712493896e-01 1.117826700210571289e+00 3.085846602916717529e-01 1.311894319951534271e-02 1.158243343234062195e-01 9.418433904647827148e-02 2.242431044578552246e-01 -4.667426645755767822e-02 1.012734770774841309e+00 3.521541655063629150e-01 9.467284083366394043e-01 3.441960513591766357e-01 6.189448758959770203e-04 4.283189773559570312e-04 1.792867481708526611e-02 -9.377613663673400879e-03 8.844293653964996338e-03 3.943526744842529297e-02 -7.495874166488647461e-02 -1.710982918739318848e-01 3.561139106750488281e-02
7.777777910232543945e-01 6.666666865348815918e-01 9.277836419641971588e-03 1.083871573209762573e-01 4.844866320490837097e-02 2.071126997470855713e-01 -4.270091280341148376e-02 9.703375697135925293e-01 4.307163655757904053e-01 1.125603675842285156e+00 3.066645860671997070e-01 9.929602965712547302e-03 1.088899150490760803e-01 6.781336665153503418e-02 1.997344940900802612e-01 -3.594318777322769165e-02 1.033319711685180664e+00 3.564261198043823242e-01 9.590132832527160645e-01 3.453184068202972412e-01 6.517665460705757141e-04 5.027577280998229980e-04 1.936470344662666321e-02 -7.378205657005310059e-03 6.757725030183792114e-03 6.298214197158813477e-02 -7.429024577140808105e-02 -1.665903925895690918e-01 3.865382075309753418e-02
8.888888955116271973e-01 6.666666865348815918e-01 4.936633165925741196e-03 1.034068763256072998e-01 3.489273041486740112e-02 1.985883116722106934e-01 -2.583448775112628937e-02 9.790291190147399902e-01 4.327132999897003174e-01 1.131446838378906250e+00 3.073862493038177490e-01 5.379994865506887436e-03 1.041351631283760071e-01 5.522117018699645996e-02 2.000961899757385254e-01 -2.214853651821613312e-02 1.115986466407775879e+00 3.757080137729644775e-01 1.013400316238403320e+00 3.486540317535400391e-01 4.433616995811462402e-04 7.282868027687072754e-04 2.032843977212905884e-02 1.507878303527832031e-03 3.685951232910156250e-03 1.369573473930358887e-01 -5.700528621673583984e-02 -1.180465221405029297e-01 4.126778244972229004e-02
1.111111119389533997e-01 7.777777910232543945e-01 2.442736178636550903e-03 1.350842267274856567e-01 1.655221432447433472e-01 3.092311918735504150e-01 5.742374435067176819e-02 1.011966705322265625e+00 4.419253170490264893e-01 1.157310366630554199e+00 3.093958497047424316e-01 3.267814870923757553e-03 1.346826255321502686e-01 1.747640818357467651e-01 3.128787875175476074e-01 5.734565109014511108e-02 1.041334867477416992e+00 4.307300746440887451e-01 1.135614514350891113e+00 3.182437717914581299e-01 8.250786922872066498e-04 -4.016011953353881836e-04 9.241938591003417969e-03 3.647595643997192383e-03 -7.809326052665710449e-05 2.936816215515136719e-02 -1.119524240493774414e-02 -2.169585227966308594e-02 8.847922086715698242e-03
2.222222238779067993e-01 7.777777910232543945e-01 4.590842407196760178e-03 1.485794633626937866e-01 1.743043512105941772e-01 3.503247797489166260e-01 2.336815744638442993e-02 1.018378853797912598e+00 4.652641415596008301e-01 1.211321353912353516e+00 3.017566204071044922e-01 5.502556916326284409e-03 1.484088152647018433e-01 1.813557147979736328e-01 3.509243130683898926e-01 2.232748270034790039e-02 1.053278684616088867e+00 4.450792074203491211e-01 1.170383095741271973e+00 3.148032128810882568e-01 9.117145091295242310e-04 -1.706480979919433594e-04 7.051363587379455566e-03 5.995333194732666016e-04 -1.040674746036529541e-03 3.489983081817626953e-02 -2.018493413925170898e-02 -4.093825817108154297e-02 1.304659247398376465e-02
3.333333432674407959e-01 7.777777910232543945e-01 6.185225211083889008e-03 1.540875136852264404e-01 1.646952480077743530e-01 3.607938587665557861e-01 -1.963832601904869080e-02 1.016152024269104004e+00 4.893527328968048096e-01 1.264995217323303223e+00 2.925187349319458008e-01 7.018109317868947983e-03 1.540169864892959595e-01 1.739761978387832642e-01 3.561655879020690918e-01 -1.725220866501331329e-02 1.044115543365478516e+00 4.594308137893676758e-01 1.201992511749267578e+00 3.081322610378265381e-01 8.328841067850589752e-04 -7.052719593048095703e-05 9.280949831008911133e-03 -4.628270864486694336e-03 2.386117354035377502e-03 2.796351909637451172e-02 -2.992191910743713379e-02 -6.300270557403564453e-02 1.561352610588073730e-02
4.444444477558135986e-01 7.777777910232543945e-01 7.033578585833311081e-03 1.514431536197662354e-01 1.477824300527572632e-01 3.235862851142883301e-01 -5.039503425359725952e-02 1.006327986717224121e+00 4.481666982173919678e-01 1.170708894729614258e+00 3.061087727546691895e-01 7.814383134245872498e-03 1.515084356069564819e-01 1.563670337200164795e-01 3.184061646461486816e-01 -4.516542702913284302e-02 1.023458957672119141e+00 4.070596694946289062e-01 1.078230857849121094e+00 3.244138956069946289e-01 7.808045484125614166e-04 6.528198719024658203e-05 8.584603667259216309e-03 -5.180120468139648438e-03 5.229607224464416504e-03 1.713097095489501953e-02 -4.110702872276306152e-02 -9.247803688049316406e-02 1.830512285232543945e-02
5.555555820465087891e-01 7.777777910232543945e-01 7.033577654510736465e-03 1.431671082973480225e-01 1.202568635344505310e-01 2.772948145866394043e-01 -6.293251365423202515e-02 9.935035109519958496e-01 4.298925399780273438e-01 1.127109527587890625e+00 3.109200596809387207e-01 7.860025390982627869e-03 1.433889120817184448e-01 1.306072473526000977e-01 2.685235738754272461e-01 -5.561199039220809937e-02 1.005307078361511230e+00 3.763436079025268555e-01 1.003774285316467285e+00 3.335874378681182861e-01 8.264477364718914032e-04 2.218037843704223633e-04 1.035038381814956665e-02 -8.771240711212158203e-03 7.320523262023925781e-03 1.180356740951538086e-02 -5.354893207550048828e-02 -1.233352422714233398e-01 2.266737818717956543e-02
6.666666865348815918e-01 7.777777910232543945e-01 6.185224745422601700e-03 1.331318467855453491e-01 9.227018058300018311e-02 2.380437552928924561e-01 -5.949009954929351807e-02 9.836792945861816406e-01 4.314952790737152100e-01 1.129353761672973633e+00 3.086514174938201904e-01 7.097219582647085190e-03 1.334608793258666992e-01 1.049088537693023682e-01 2.296261340379714966e-01 -5.134995281696319580e-02 1.003734350204467773e+00 3.693871796131134033e-01 9.870760440826416016e-01 3.360994160175323486e-01 9.119948372244834900e-04 3.290325403213500977e-04 1.263867318630218506e-02 -8.417621254920959473e-03 8.140146732330322266e-03 2.005505561828613281e-02 -6.210809946060180664e-02 -1.422777175903320312e-01 2.744799852371215820e-02
7.777777910232543945e-01 7.777777910232543945e-01 4.590841010212898254e-03 1.247495487332344055e-01 7.339872419834136963e-02 2.147665023803710938e-01 -4.335199296474456787e-02 9.814524650573730469e-01 4.356179833412170410e-01 1.138424038887023926e+00 3.066770136356353760e-01 5.482559558004140854e-03 1.251937150955200195e-01 8.839333057403564453e-02 2.107008099555969238e-01 -3.749128431081771851e-02 1.034014940261840820e+00 3.725878894329071045e-01 9.979048371315002441e-01 3.391536772251129150e-01 8.917185477912425995e-04 4.441663622856140137e-04 1.499460637569427490e-02 -4.065692424774169922e-03 5.860708653926849365e-03 5.256247520446777344e-02 -6.303009390830993652e-02 -1.405192017555236816e-01 3.247666358947753906e-02
8.888888955116271973e-01 7.777777910232543945e-01 2.442735247313976288e-03 1.195303574204444885e-01 6.669191271066665649e-02 2.114276736974716187e-01 -2.360690571367740631e-02 9.878647923469543457e-01 4.392125904560089111e-01 1.147565484046936035e+00 3.063896000385284424e-01 3.037279006093740463e-03 1.201962232589721680e-01 8.304539322853088379e-02 2.156624495983123779e-01 -2.095304243266582489e-02 1.113283753395080566e+00 3.894250690937042236e-01 1.046279549598693848e+00 3.433643579483032227e-01 5.945437587797641754e-04 6.658658385276794434e-04 1.635348051786422729e-02 4.234775900840759277e-03 2.653863281011581421e-03 1.254189610481262207e-01 -4.978752136230468750e-02 -1.012859344482421875e-01 3.697475790977478027e-02
1.111111119389533997e-01 8.888888955116271973e-01 6.498763104900717735e-04 1.556516736745834351e-01 1.421992927789688110e-01 3.006437122821807861e-01 7.424833625555038452e-02 1.006410717964172363e+00 4.378705918788909912e-01 1.147231936454772949e+00 3.100126385688781738e-01 1.445447560399770737e-03 1.552496701478958130e-01 1.471482217311859131e-01 3.067541122436523438e-01 7.754340767860412598e-02 1.006333231925964355e+00 4.547642469406127930e-01 1.185687661170959473e+00 3.036290109157562256e-01 7.955712499096989632e-04 -4.020035266876220703e-04 4.948928952217102051e-03 6.110399961471557617e-03 3.295071423053741455e-03 -7.748603820800781250e-05 1.689365506172180176e-02 3.845572471618652344e-02 -6.383627653121948242e-03
2.222222238779067993e-01 8.888888955116271973e-01 1.221367856487631798e-03 1.717504113912582397e-01 1.578019708395004272e-01 3.406964838504791260e-01 3.605251386761665344e-02 1.009822607040405273e+00 4.435868859291076660e-01 1.160792708396911621e+00 3.084163963794708252e-01 2.334301825612783432e-03 1.714015752077102661e-01 1.597501188516616821e-01 3.432536721229553223e-01 3.674077987670898438e-02 1.025374054908752441e+00 4.430031478404998779e-01 1.161707878112792969e+00 3.111733198165893555e-01 1.112933969125151634e-03 -3.488361835479736328e-04 1.948148012161254883e-03 2.557188272476196289e-03 6.882660090923309326e-04 1.555144786834716797e-02 -5.837380886077880859e-04 9.151697158813476562e-04 2.756923437118530273e-03
3.333333432674407959e-01 8.888888955116271973e-01 1.645544543862342834e-03 1.778106987476348877e-01 1.575502306222915649e-01 3.484951555728912354e-01 -1.024960912764072418e-02 1.008637666702270508e+00 4.493914842605590820e-01 1.173842072486877441e+00 3.060350418090820312e-01 2.780874725431203842e-03 1.776281893253326416e-01 1.606143563985824585e-01 3.450258970260620117e-01 -9.775867685675621033e-03 1.024794697761535645e+00 4.278602898120880127e-01 1.126769065856933594e+00 3.167488276958465576e-01 1.135330181568861008e-03 -1.825094223022460938e-04 3.064125776290893555e-03 -3.469258546829223633e-03 4.737414419651031494e-04 1.615703105926513672e-02 -2.153119444847106934e-02 -4.707300662994384766e-02 1.071378588676452637e-02
4.444444477558135986e-01 8.888888955116271973e-01 1.871244283393025398e-03 1.737534850835800171e-01 1.451618671417236328e-01 3.204237520694732666e-01 -4.671724140644073486e-02 1.003410339355468750e+00 4.370261728763580322e-01 1.144866466522216797e+00 3.098374307155609131e-01 2.930467482656240463e-03 1.737788766622543335e-01 1.505676358938217163e-01 3.116403222084045410e-01 -4.335732012987136841e-02 1.014132976531982422e+00 3.957412540912628174e-01 1.050570487976074219e+00 3.273450732231140137e-01 1.059223199263215065e-03 2.539157867431640625e-05 5.405768752098083496e-03 -8.783429861068725586e-03 3.359921276569366455e-03 1.072263717651367188e-02 -4.128491878509521484e-02 -9.429597854614257812e-02 1.750764250755310059e-02
5.555555820465087891e-01 8.888888955116271973e-01 1.871244050562381744e-03 1.629439592361450195e-01 1.239729300141334534e-01 2.779396772384643555e-01 -6.291540712118148804e-02 9.965866804122924805e-01 4.318402409553527832e-01 1.132013082504272461e+00 3.106849789619445801e-01 2.874096389859914780e-03 1.631064713001251221e-01 1.316015720367431641e-01 2.674459218978881836e-01 -5.666998773813247681e-02 1.004375457763671875e+00 3.774286210536956787e-01 1.006242513656616211e+00 3.330235183238983154e-01 1.002852339297533035e-03 1.625120639801025391e-04 7.628642022609710693e-03 -1.049375534057617188e-02 6.245419383049011230e-03 7.788777351379394531e-03 -5.441161990165710449e-02 -1.257705688476562500e-01 2.233853936195373535e-02
6.666666865348815918e-01 8.888888955116271973e-01 1.645544311031699181e-03 1.504400074481964111e-01 1.034293621778488159e-01 2.392389923334121704e-01 -5.823873355984687805e-02 9.913594126701354980e-01 4.329733848571777344e-01 1.133851408958435059e+00 3.093776702880859375e-01 2.621402498334646225e-03 1.507199853658676147e-01 1.132470071315765381e-01 2.322875708341598511e-01 -5.199407786130905151e-02 1.007214069366455078e+00 3.741752505302429199e-01 9.988378286361694336e-01 3.347193300724029541e-01 9.758581873029470444e-04 2.799779176712036133e-04 9.817644953727722168e-03 -6.951421499252319336e-03 6.244655698537826538e-03 1.585465669631958008e-02 -5.879813432693481445e-02 -1.350135803222656250e-01 2.534165978431701660e-02
7.777777910232543945e-01 8.888888955116271973e-01 1.221367507241666317e-03 1.406256109476089478e-01 9.131317585706710815e-02 2.177510559558868408e-01 -3.910619020462036133e-02 9.901744723320007324e-01 4.351855814456939697e-01 1.138731122016906738e+00 3.083282113075256348e-01 2.117281313985586166e-03 1.410842984914779663e-01 1.036163270473480225e-01 2.169221639633178711e-01 -3.572546690702438354e-02 1.035238981246948242e+00 3.803869187831878662e-01 1.016642808914184570e+00 3.363271951675415039e-01 8.959138067439198494e-04 4.586875438690185547e-04 1.230315119028091431e-02 -8.288919925689697266e-04 3.380723297595977783e-03 4.506450891494750977e-02 -5.479866266250610352e-02 -1.220883131027221680e-01 2.799898386001586914e-02
8.888888955116271973e-01 8.888888955116271973e-01 6.498760194517672062e-04 1.353364288806915283e-01 9.004023671150207520e-02 2.180640250444412231e-01 -1.764380745589733124e-02 9.935863614082336426e-01 4.371336996555328369e-01 1.143678426742553711e+00 3.081564903259277344e-01 1.289626117795705795e-03 1.359436064958572388e-01 1.037507653236389160e-01 2.247544825077056885e-01 -1.729089207947254181e-02 1.098224401473999023e+00 3.980878293514251709e-01 1.065519332885742188e+00 3.382966816425323486e-01 6.397500983439385891e-04 6.071776151657104492e-04 1.371052861213684082e-02 6.690457463264465332e-03 3.529153764247894287e-04 1.046380400657653809e-01 -3.904587030410766602e-02 -7.815909385681152344e-02 3.014019131660461426e-02
