# step train_loss_terms test_loss_terms
0.000000000000000000e+00 4.091278910636901855e-01 1.602756232023239136e-01 3.526349365711212158e-02 2.058730721473693848e-01 1.239695958793163300e-02 3.830591682344675064e-03 1.309541054069995880e-02 8.762737736105918884e-03 6.535933166742324829e-02 1.817995496094226837e-02 2.082394808530807495e-02 4.091278910636901855e-01 1.602756232023239136e-01 3.526349365711212158e-02 2.058730721473693848e-01 1.239695958793163300e-02 3.830591682344675064e-03 1.309541054069995880e-02 8.762737736105918884e-03 6.535933166742324829e-02 1.817995496094226837e-02 2.082394808530807495e-02
1.000000000000000000e+03 9.289882145822048187e-04 1.057869172655045986e-03 9.438744018552824855e-05 1.567345170769840479e-04 4.476297763176262379e-04 3.775932054850272834e-05 1.492022147431271151e-05 1.564935337228234857e-05 7.810136594343930483e-05 1.074151587090454996e-04 3.931173978344304487e-06 9.289882145822048187e-04 1.057869172655045986e-03 9.438744018552824855e-05 1.567345170769840479e-04 4.476297763176262379e-04 3.775932054850272834e-05 1.492022147431271151e-05 1.564935337228234857e-05 7.810136594343930483e-05 1.074151587090454996e-04 3.931173978344304487e-06
2.000000000000000000e+03 8.731814450584352016e-04 5.153412930667400360e-04 1.688268384896218777e-04 7.220749830594286323e-05 7.430205005221068859e-05 6.214555469341576099e-06 1.742146923788823187e-05 2.754892739176284522e-05 4.803877527592703700e-05 1.975318082259036601e-05 5.340870643522066530e-07 8.731814450584352016e-04 5.153412930667400360e-04 1.688268384896218777e-04 7.220749830594286323e-05 7.430205005221068859e-05 6.214555469341576099e-06 1.742146923788823187e-05 2.754892739176284522e-05 4.803877527592703700e-05 1.975318082259036601e-05 5.340870643522066530e-07
3.000000000000000000e+03 6.294660270214080811e-04 3.334683715365827084e-04 1.952291131601668894e-05 3.050175109819974750e-05 1.999529740714933723e-05 7.524067200392892119e-07 4.418097432790091261e-06 3.452299324635532685e-06 1.661020905885379761e-05 1.579982563271187246e-05 2.112283937094616704e-06 6.294660270214080811e-04 3.334683715365827084e-04 1.952291131601668894e-05 3.050175109819974750e-05 1.999529740714933723e-05 7.524067200392892119e-07 4.418097432790091261e-06 3.452299324635532685e-06 1.661020905885379761e-05 1.579982563271187246e-05 2.112283937094616704e-06
4.000000000000000000e+03 5.585061735473573208e-04 2.450859465170651674e-04 1.528826578578446060e-05 1.821079968067351729e-05 1.904770579130854458e-05 5.428867666523728985e-07 2.410318302281666547e-06 2.505651082174153998e-06 1.027858343150001019e-05 1.300307940255152062e-05 2.522365093682310544e-06 5.585061735473573208e-04 2.450859465170651674e-04 1.528826578578446060e-05 1.821079968067351729e-05 1.904770579130854458e-05 5.428867666523728985e-07 2.410318302281666547e-06 2.505651082174153998e-06 1.027858343150001019e-05 1.300307940255152062e-05 2.522365093682310544e-06
5.000000000000000000e+03 3.996408777311444283e-04 1.992654142668470740e-04 1.767447611200623214e-05 1.259181135537801310e-05 2.016802136495243758e-05 4.373645481337007368e-07 1.907417072288808413e-06 1.785057520464761183e-06 6.561089321621693671e-06 8.628104296803940088e-06 1.505412541291661910e-07 3.996408777311444283e-04 1.992654142668470740e-04 1.767447611200623214e-05 1.259181135537801310e-05 2.016802136495243758e-05 4.373645481337007368e-07 1.907417072288808413e-06 1.785057520464761183e-06 6.561089321621693671e-06 8.628104296803940088e-06 1.505412541291661910e-07
6.000000000000000000e+03 2.634232223499566317e-04 1.809208624763414264e-04 1.571195571159478277e-05 1.679265733400825411e-05 1.388395867252256721e-05 6.889009114274813328e-07 1.236669618265295867e-06 3.775452057652728399e-07 6.661677616648375988e-06 5.636527930619195104e-06 3.092692395512131043e-06 2.634232223499566317e-04 1.809208624763414264e-04 1.571195571159478277e-05 1.679265733400825411e-05 1.388395867252256721e-05 6.889009114274813328e-07 1.236669618265295867e-06 3.775452057652728399e-07 6.661677616648375988e-06 5.636527930619195104e-06 3.092692395512131043e-06
7.000000000000000000e+03 2.066454762825742364e-04 1.513181778136640787e-04 1.157287624664604664e-05 9.395952474733348936e-06 7.844701030990108848e-05 2.674662709978292696e-06 7.142992672015680000e-06 9.379603397974278778e-06 1.186648660222999752e-05 1.130070904764579609e-05 1.184647118179782410e-07 2.066454762825742364e-04 1.513181778136640787e-04 1.157287624664604664e-05 9.395952474733348936e-06 7.844701030990108848e-05 2.674662709978292696e-06 7.142992672015680000e-06 9.379603397974278778e-06 1.186648660222999752e-05 1.130070904764579609e-05 1.184647118179782410e-07
8.000000000000000000e+03 1.480195205658674240e-04 1.331540843239054084e-04 1.003030502033652738e-05 1.021068692352855578e-05 7.911998181953094900e-06 9.123736504079715814e-07 6.895799629091925453e-07 3.064243401240673847e-07 5.508714821189641953e-06 3.409428245504386723e-06 8.534293556294869632e-07 1.480195205658674240e-04 1.331540843239054084e-04 1.003030502033652738e-05 1.021068692352855578e-05 7.911998181953094900e-06 9.123736504079715814e-07 6.895799629091925453e-07 3.064243401240673847e-07 5.508714821189641953e-06 3.409428245504386723e-06 8.534293556294869632e-07
9.000000000000000000e+03 6.166851380839943886e-04 1.589621970197185874e-04 5.795132528874091804e-05 2.542304173402953893e-05 4.348072616267018020e-05 1.701744281490391586e-06 2.617534619275829755e-06 9.977610488931532018e-07 7.020084922260139138e-06 3.766529516724403948e-06 2.589448740764055401e-06 6.166851380839943886e-04 1.589621970197185874e-04 5.795132528874091804e-05 2.542304173402953893e-05 4.348072616267018020e-05 1.701744281490391586e-06 2.617534619275829755e-06 9.977610488931532018e-07 7.020084922260139138e-06 3.766529516724403948e-06 2.589448740764055401e-06
1.000000000000000000e+04 1.014549707178957760e-04 1.084243995137512684e-04 4.492645075515611097e-06 4.040274689032230526e-06 9.664217941462993622e-06 6.805900625295180362e-07 5.584145128523232415e-07 3.513575563829363091e-07 3.355932676640804857e-06 3.787160949286771938e-06 1.654391326155746356e-07 1.014549707178957760e-04 1.084243995137512684e-04 4.492645075515611097e-06 4.040274689032230526e-06 9.664217941462993622e-06 6.805900625295180362e-07 5.584145128523232415e-07 3.513575563829363091e-07 3.355932676640804857e-06 3.787160949286771938e-06 1.654391326155746356e-07
1.100000000000000000e+04 1.638291578274220228e-04 1.053023515851236880e-04 2.020100509980693460e-04 5.751658318331465125e-05 1.133649038820294663e-05 5.047558715887134895e-06 9.831852594288648106e-07 1.210387154060299508e-06 5.711357971449615434e-06 5.229308044363278896e-06 1.011200401990208775e-05 1.638291578274220228e-04 1.053023515851236880e-04 2.020100509980693460e-04 5.751658318331465125e-05 1.133649038820294663e-05 5.047558715887134895e-06 9.831852594288648106e-07 1.210387154060299508e-06 5.711357971449615434e-06 5.229308044363278896e-06 1.011200401990208775e-05
1.200000000000000000e+04 8.657672879053279757e-05 8.422435348620638251e-05 1.448360126232728362e-05 1.540454286441672593e-05 6.485468929895432666e-06 1.062586875377746765e-06 5.748957505602447782e-07 5.908461275794252288e-08 2.953219336632173508e-06 3.192804570062435232e-06 2.832779046002542600e-06 8.657672879053279757e-05 8.422435348620638251e-05 1.448360126232728362e-05 1.540454286441672593e-05 6.485468929895432666e-06 1.062586875377746765e-06 5.748957505602447782e-07 5.908461275794252288e-08 2.953219336632173508e-06 3.192804570062435232e-06 2.832779046002542600e-06
1.300000000000000000e+04 7.109041325747966766e-05 1.035561217577196658e-04 4.708233063865918666e-06 6.710070465487660840e-06 1.075460750143975019e-05 1.886874088086187840e-06 1.181128368443751242e-06 2.734423532047003391e-08 3.016226401086896658e-06 3.347397523612016812e-06 4.706638776497129584e-07 7.109041325747966766e-05 1.035561217577196658e-04 4.708233063865918666e-06 6.710070465487660840e-06 1.075460750143975019e-05 1.886874088086187840e-06 1.181128368443751242e-06 2.734423532047003391e-08 3.016226401086896658e-06 3.347397523612016812e-06 4.706638776497129584e-07
1.400000000000000000e+04 7.243947766255587339e-05 7.614882633788511157e-05 1.771531060512643307e-05 2.059586768154986203e-05 1.562975558044854552e-05 1.310803781962022185e-06 9.577078117217752151e-07 3.715611001098295674e-07 3.036238922504708171e-06 3.218849087716080248e-06 4.309776159061584622e-06 7.243947766255587339e-05 7.614882633788511157e-05 1.771531060512643307e-05 2.059586768154986203e-05 1.562975558044854552e-05 1.310803781962022185e-06 9.577078117217752151e-07 3.715611001098295674e-07 3.036238922504708171e-06 3.218849087716080248e-06 4.309776159061584622e-06
1.500000000000000000e+04 7.217686652438715100e-05 5.821170634590089321e-04 3.750776158994995058e-05 4.794432607013732195e-05 3.688640572363510728e-05 1.180314825433015358e-06 1.405061198056500871e-06 7.800780963407305535e-07 4.419925971888005733e-06 3.590960659494157881e-06 1.298641564062563702e-05 7.217686652438715100e-05 5.821170634590089321e-04 3.750776158994995058e-05 4.794432607013732195e-05 3.688640572363510728e-05 1.180314825433015358e-06 1.405061198056500871e-06 7.800780963407305535e-07 4.419925971888005733e-06 3.590960659494157881e-06 1.298641564062563702e-05
1.600000000000000000e+04 4.081263978150673211e-05 7.254766387632116675e-05 4.234532298141857609e-06 5.192129719944205135e-06 6.833528459537774324e-06 6.541685593219881412e-07 8.520939331901900005e-07 8.472506607404284296e-08 1.911504341478575952e-06 2.562820100138196722e-06 5.165909442439442500e-07 4.081263978150673211e-05 7.254766387632116675e-05 4.234532298141857609e-06 5.192129719944205135e-06 6.833528459537774324e-06 6.541685593219881412e-07 8.520939331901900005e-07 8.472506607404284296e-08 1.911504341478575952e-06 2.562820100138196722e-06 5.165909442439442500e-07
1.700000000000000000e+04 8.427355351159349084e-05 7.654215733055025339e-05 1.200793394673382863e-05 4.763950073538580909e-06 9.602572390576824546e-05 2.265740249640657566e-06 2.059476173599250615e-06 5.030658030591439456e-06 5.427847099781502038e-06 4.169460225966759026e-06 1.247003389437395526e-08 8.427355351159349084e-05 7.654215733055025339e-05 1.200793394673382863e-05 4.763950073538580909e-06 9.602572390576824546e-05 2.265740249640657566e-06 2.059476173599250615e-06 5.030658030591439456e-06 5.427847099781502038e-06 4.169460225966759026e-06 1.247003389437395526e-08
1.800000000000000000e+04 2.207549005106557161e-05 3.465070767560973763e-05 2.155227093680878170e-06 2.066745310003170744e-06 3.814221599895972759e-06 5.300574343891639728e-07 3.658187495148013113e-07 3.808099435786971299e-08 1.328011990153754596e-06 2.579701913418830372e-06 1.186083622428668605e-07 2.207549005106557161e-05 3.465070767560973763e-05 2.155227093680878170e-06 2.066745310003170744e-06 3.814221599895972759e-06 5.300574343891639728e-07 3.658187495148013113e-07 3.808099435786971299e-08 1.328011990153754596e-06 2.579701913418830372e-06 1.186083622428668605e-07
1.900000000000000000e+04 9.789717296371236444e-05 1.786117209121584892e-04 2.121101533703040332e-05 2.652307011885568500e-05 1.531115776742808521e-05 7.641383490408770740e-07 7.101629648786911275e-07 3.587619445966083731e-08 3.041326635866425931e-06 3.228727564419386908e-06 1.505507952970219776e-06 9.789717296371236444e-05 1.786117209121584892e-04 2.121101533703040332e-05 2.652307011885568500e-05 1.531115776742808521e-05 7.641383490408770740e-07 7.101629648786911275e-07 3.587619445966083731e-08 3.041326635866425931e-06 3.228727564419386908e-06 1.505507952970219776e-06
2.000000000000000000e+04 2.699792821658775210e-05 7.758117135381326079e-05 1.786411849025171250e-05 1.961672387551516294e-05 1.630215228942688555e-05 1.392018020851537585e-06 5.387079795582394581e-07 2.463409032316121738e-07 3.177615099048125558e-06 3.251997441111598164e-06 6.851504963378829416e-08 2.699792821658775210e-05 7.758117135381326079e-05 1.786411849025171250e-05 1.961672387551516294e-05 1.630215228942688555e-05 1.392018020851537585e-06 5.387079795582394581e-07 2.463409032316121738e-07 3.177615099048125558e-06 3.251997441111598164e-06 6.851504963378829416e-08
2.100000000000000000e+04 8.319045264215674251e-06 2.348339876334648579e-05 1.443165729142492637e-06 1.365166212963231374e-06 3.381011993042193353e-06 4.183627595466532512e-07 1.821138084778795019e-07 5.312646678135024558e-08 6.266698733270459343e-07 2.209539388786652125e-06 1.081190426077682787e-08 8.319045264215674251e-06 2.348339876334648579e-05 1.443165729142492637e-06 1.365166212963231374e-06 3.381011993042193353e-06 4.183627595466532512e-07 1.821138084778795019e-07 5.312646678135024558e-08 6.266698733270459343e-07 2.209539388786652125e-06 1.081190426077682787e-08
2.200000000000000000e+04 7.646235462743788958e-05 4.100943624507635832e-05 8.937934580899309367e-06 1.191782303067157045e-05 1.257689837075304240e-05 5.312214739205955993e-07 4.443612908744398737e-07 9.636577260607737117e-07 8.160501465681591071e-07 2.354913704039063305e-06 1.136354399022820871e-06 7.646235462743788958e-05 4.100943624507635832e-05 8.937934580899309367e-06 1.191782303067157045e-05 1.257689837075304240e-05 5.312214739205955993e-07 4.443612908744398737e-07 9.636577260607737117e-07 8.160501465681591071e-07 2.354913704039063305e-06 1.136354399022820871e-06
2.300000000000000000e+04 6.801097242714604363e-06 2.081424281641375273e-05 1.444811687179026194e-06 1.212514575854584109e-06 3.305683549115201458e-06 2.844059565632051090e-07 1.983583359788099187e-07 8.799092654498963384e-08 6.914900723131722771e-07 3.287140316388104111e-06 8.864029510391446820e-10 6.801097242714604363e-06 2.081424281641375273e-05 1.444811687179026194e-06 1.212514575854584109e-06 3.305683549115201458e-06 2.844059565632051090e-07 1.983583359788099187e-07 8.799092654498963384e-08 6.914900723131722771e-07 3.287140316388104111e-06 8.864029510391446820e-10
2.400000000000000000e+04 5.261380283627659082e-05 6.759551615687087178e-05 1.668925142439547926e-05 1.278824129258282483e-05 3.733943685801932588e-06 4.654613405818963656e-07 8.316030886135195033e-08 9.357717090097139589e-08 7.841189244572888128e-07 2.270412778671015985e-06 1.916501105370116420e-06 5.261380283627659082e-05 6.759551615687087178e-05 1.668925142439547926e-05 1.278824129258282483e-05 3.733943685801932588e-06 4.654613405818963656e-07 8.316030886135195033e-08 9.357717090097139589e-08 7.841189244572888128e-07 2.270412778671015985e-06 1.916501105370116420e-06
2.500000000000000000e+04 1.445142515876796097e-05 3.388139157323166728e-05 2.950856242023291998e-06 1.665647141635417938e-05 2.216895882156677544e-05 6.148931674943014514e-07 3.043485037323989673e-07 1.136380546995496843e-06 1.342033328910474665e-06 2.518027031328529119e-06 8.762663483707910927e-09 1.445142515876796097e-05 3.388139157323166728e-05 2.950856242023291998e-06 1.665647141635417938e-05 2.216895882156677544e-05 6.148931674943014514e-07 3.043485037323989673e-07 1.136380546995496843e-06 1.342033328910474665e-06 2.518027031328529119e-06 8.762663483707910927e-09
2.600000000000000000e+04 4.615627040038816631e-05 1.353321858914569020e-04 2.143633355444762856e-05 1.596415859239641577e-05 3.134074358968064189e-05 1.261149918718729168e-06 2.016720145547878928e-06 1.085752273866091855e-06 2.932921006504329853e-06 3.137967951261089183e-06 7.147000815166393295e-06 4.615627040038816631e-05 1.353321858914569020e-04 2.143633355444762856e-05 1.596415859239641577e-05 3.134074358968064189e-05 1.261149918718729168e-06 2.016720145547878928e-06 1.085752273866091855e-06 2.932921006504329853e-06 3.137967951261089183e-06 7.147000815166393295e-06
2.700000000000000000e+04 1.798404700821265578e-04 8.861551032168790698e-05 2.582834531494881958e-05 1.254600356332957745e-04 1.225466530740959570e-05 4.978724064130801708e-07 3.182644377375254408e-06 1.296766640734858811e-07 2.695012199183111079e-06 3.572493369574658573e-06 7.098483365552965552e-06 1.798404700821265578e-04 8.861551032168790698e-05 2.582834531494881958e-05 1.254600356332957745e-04 1.225466530740959570e-05 4.978724064130801708e-07 3.182644377375254408e-06 1.296766640734858811e-07 2.695012199183111079e-06 3.572493369574658573e-06 7.098483365552965552e-06
2.800000000000000000e+04 6.408074114006012678e-06 1.481578692619223148e-05 1.420904482074547559e-06 1.233727743965573609e-06 2.305606813024496660e-06 3.124733041204308392e-07 6.750943981614909717e-08 5.865171459618068184e-08 3.774882770812837407e-07 1.987691121030366048e-06 1.366900370669554832e-08 6.408074114006012678e-06 1.481578692619223148e-05 1.420904482074547559e-06 1.233727743965573609e-06 2.305606813024496660e-06 3.124733041204308392e-07 6.750943981614909717e-08 5.865171459618068184e-08 3.774882770812837407e-07 1.987691121030366048e-06 1.366900370669554832e-08
2.900000000000000000e+04 3.528468732838518918e-05 1.546593703096732497e-04 7.056346021272474900e-06 1.359308589599095285e-05 4.171829277765937150e-05 1.791220597624487709e-06 7.507708232878940180e-07 1.868301183094445150e-06 1.625617869649431668e-06 2.880552983697270975e-06 4.792288564203772694e-06 3.528468732838518918e-05 1.546593703096732497e-04 7.056346021272474900e-06 1.359308589599095285e-05 4.171829277765937150e-05 1.791220597624487709e-06 7.507708232878940180e-07 1.868301183094445150e-06 1.625617869649431668e-06 2.880552983697270975e-06 4.792288564203772694e-06
3.000000000000000000e+04 4.218967296765185893e-05 8.312419231515377760e-05 1.894923479994758964e-05 1.707627052383031696e-05 8.152048394549638033e-06 4.185027080438885605e-07 2.090096131723839790e-07 7.634488383700954728e-07 1.367892537018633448e-06 2.607936949061695486e-06 1.777599550223385449e-06 4.218967296765185893e-05 8.312419231515377760e-05 1.894923479994758964e-05 1.707627052383031696e-05 8.152048394549638033e-06 4.185027080438885605e-07 2.090096131723839790e-07 7.634488383700954728e-07 1.367892537018633448e-06 2.607936949061695486e-06 1.777599550223385449e-06
3.100000000000000000e+04 5.488905571837676689e-06 1.521995000075548887e-05 1.318620206802734174e-06 9.749572882356005721e-07 2.594701300040469505e-06 4.185148156921059126e-07 1.371734157373794005e-07 3.318750145808735397e-07 5.974613372927706223e-07 2.080493231915170327e-06 1.329778172021178761e-07 5.488905571837676689e-06 1.521995000075548887e-05 1.318620206802734174e-06 9.749572882356005721e-07 2.594701300040469505e-06 4.185148156921059126e-07 1.371734157373794005e-07 3.318750145808735397e-07 5.974613372927706223e-07 2.080493231915170327e-06 1.329778172021178761e-07
3.200000000000000000e+04 6.323408342723269016e-06 1.398126823914935812e-05 2.725910007939091884e-06 1.717437839943158906e-06 3.825801741186296567e-06 3.097340766089473618e-07 1.885144911284442060e-07 1.727468230683371075e-07 2.453533625157433562e-06 3.824598934443201870e-06 1.162391072284663096e-09 6.323408342723269016e-06 1.398126823914935812e-05 2.725910007939091884e-06 1.717437839943158906e-06 3.825801741186296567e-06 3.097340766089473618e-07 1.885144911284442060e-07 1.727468230683371075e-07 2.453533625157433562e-06 3.824598934443201870e-06 1.162391072284663096e-09
3.300000000000000000e+04 5.766066806245362386e-06 1.873966357379686087e-05 5.447096100397175178e-06 8.475140930386260152e-06 2.616277697597979568e-06 3.057533035644155461e-07 9.750392848673072876e-08 1.236007420857276884e-07 8.354145961675385479e-07 2.113134087267098948e-06 3.176020113571098591e-09 5.766066806245362386e-06 1.873966357379686087e-05 5.447096100397175178e-06 8.475140930386260152e-06 2.616277697597979568e-06 3.057533035644155461e-07 9.750392848673072876e-08 1.236007420857276884e-07 8.354145961675385479e-07 2.113134087267098948e-06 3.176020113571098591e-09
3.400000000000000000e+04 1.455723213439341635e-05 1.428138784831389785e-05 3.049322231163387187e-06 4.101987997273681685e-06 2.475453584338538349e-06 2.707731425743986620e-07 7.074428509667995968e-08 6.774482841365170316e-08 4.608909591752308188e-07 1.861210648712585680e-06 3.188124537700787187e-07 1.455723213439341635e-05 1.428138784831389785e-05 3.049322231163387187e-06 4.101987997273681685e-06 2.475453584338538349e-06 2.707731425743986620e-07 7.074428509667995968e-08 6.774482841365170316e-08 4.608909591752308188e-07 1.861210648712585680e-06 3.188124537700787187e-07
3.500000000000000000e+04 1.109849381464300677e-05 1.469095877837389708e-05 1.651930915613775142e-06 1.305417526964447461e-06 4.408877884998219088e-06 4.786686531588202342e-07 6.698636667579194182e-08 5.543616055092570605e-08 5.325786105458973907e-07 1.769414893715293147e-06 1.677503149721815134e-07 1.109849381464300677e-05 1.469095877837389708e-05 1.651930915613775142e-06 1.305417526964447461e-06 4.408877884998219088e-06 4.786686531588202342e-07 6.698636667579194182e-08 5.543616055092570605e-08 5.325786105458973907e-07 1.769414893715293147e-06 1.677503149721815134e-07
3.600000000000000000e+04 1.103299655369482934e-05 1.146774156950414181e-04 7.211320735223125666e-06 1.432732460671104491e-05 5.590835826296824962e-06 4.711160670467506861e-07 1.922143013644017628e-07 2.513670551707036793e-07 7.071016057125234511e-07 1.734572379064047709e-06 3.430146307437098585e-06 1.103299655369482934e-05 1.146774156950414181e-04 7.211320735223125666e-06 1.432732460671104491e-05 5.590835826296824962e-06 4.711160670467506861e-07 1.922143013644017628e-07 2.513670551707036793e-07 7.071016057125234511e-07 1.734572379064047709e-06 3.430146307437098585e-06
3.700000000000000000e+04 8.158436685334891081e-06 1.099698692996753380e-05 2.009556510529364459e-06 2.107261479977751151e-06 1.940423999258200638e-06 2.737973829880502308e-07 3.405987314408776001e-08 7.993111950099773821e-08 4.915984277431562077e-07 1.635542503208853304e-06 1.432543115242879139e-07 8.158436685334891081e-06 1.099698692996753380e-05 2.009556510529364459e-06 2.107261479977751151e-06 1.940423999258200638e-06 2.737973829880502308e-07 3.405987314408776001e-08 7.993111950099773821e-08 4.915984277431562077e-07 1.635542503208853304e-06 1.432543115242879139e-07
3.800000000000000000e+04 1.952582533704116940e-05 1.323466494795866311e-05 5.386679276853101328e-06 1.474881901231128722e-05 1.493985291745048016e-05 4.247420406500168610e-07 2.693168141831847606e-07 5.184287488191330340e-07 1.112490849664027337e-06 1.697134734968130942e-06 7.809229032318398822e-07 1.952582533704116940e-05 1.323466494795866311e-05 5.386679276853101328e-06 1.474881901231128722e-05 1.493985291745048016e-05 4.247420406500168610e-07 2.693168141831847606e-07 5.184287488191330340e-07 1.112490849664027337e-06 1.697134734968130942e-06 7.809229032318398822e-07
3.900000000000000000e+04 9.539247002976480871e-06 2.166733793274033815e-05 2.599947765702381730e-05 2.084604602714534849e-05 2.592651753730024211e-06 8.874509376255446114e-07 2.004922663445540820e-07 3.324767021695151925e-07 9.566125527271651663e-07 1.863591819528664928e-06 4.267807071300921962e-06 9.539247002976480871e-06 2.166733793274033815e-05 2.599947765702381730e-05 2.084604602714534849e-05 2.592651753730024211e-06 8.874509376255446114e-07 2.004922663445540820e-07 3.324767021695151925e-07 9.566125527271651663e-07 1.863591819528664928e-06 4.267807071300921962e-06
4.000000000000000000e+04 4.756635917146923020e-06 1.989828888326883316e-05 1.000896736513823271e-05 7.521729003201471642e-06 6.993548140599159524e-06 1.111226083594374359e-06 2.327822130610002205e-07 9.354906893577208393e-08 4.630487637768965214e-07 1.672610324021661654e-06 2.935212251031771302e-06 4.756635917146923020e-06 1.989828888326883316e-05 1.000896736513823271e-05 7.521729003201471642e-06 6.993548140599159524e-06 1.111226083594374359e-06 2.327822130610002205e-07 9.354906893577208393e-08 4.630487637768965214e-07 1.672610324021661654e-06 2.935212251031771302e-06
4.100000000000000000e+04 6.951831892365589738e-06 9.475383194512687624e-06 8.457407147943740711e-07 7.835715791770780925e-07 2.533288579797954299e-06 3.576521692139067454e-07 2.395266918142624490e-08 5.600238850433925109e-08 5.697388019143545534e-07 1.410081722497125156e-06 3.861111430580876913e-09 6.951831892365589738e-06 9.475383194512687624e-06 8.457407147943740711e-07 7.835715791770780925e-07 2.533288579797954299e-06 3.576521692139067454e-07 2.395266918142624490e-08 5.600238850433925109e-08 5.697388019143545534e-07 1.410081722497125156e-06 3.861111430580876913e-09
4.200000000000000000e+04 3.669986199383856729e-06 9.091002539207693189e-06 8.581706651966669597e-07 1.247122781933285296e-06 1.662609406594128814e-06 1.927767954157388886e-07 3.053923691709314880e-08 3.067851395144316484e-08 3.493285305466997670e-07 1.328118059973348863e-06 1.850434045991278253e-07 3.669986199383856729e-06 9.091002539207693189e-06 8.581706651966669597e-07 1.247122781933285296e-06 1.662609406594128814e-06 1.927767954157388886e-07 3.053923691709314880e-08 3.067851395144316484e-08 3.493285305466997670e-07 1.328118059973348863e-06 1.850434045991278253e-07
4.300000000000000000e+04 5.388468707678839564e-06 9.837423931458033621e-06 2.203267058575875126e-06 1.711859681563510094e-06 1.862459157564444467e-06 5.520115564650041051e-07 1.514713829919855925e-07 7.308473186640185304e-07 4.943224212183849886e-07 1.731836960061627906e-06 2.824548630542267347e-07 5.388468707678839564e-06 9.837423931458033621e-06 2.203267058575875126e-06 1.711859681563510094e-06 1.862459157564444467e-06 5.520115564650041051e-07 1.514713829919855925e-07 7.308473186640185304e-07 4.943224212183849886e-07 1.731836960061627906e-06 2.824548630542267347e-07
4.400000000000000000e+04 6.298460903053637594e-06 1.623723437660373747e-05 7.067227670631837100e-06 8.269842510344460607e-06 1.894131173685309477e-06 2.947163864064350491e-07 2.351495531627278979e-08 1.263931181938460213e-07 8.008974532458523754e-07 1.391199930367292836e-06 8.861699143380974419e-07 6.298460903053637594e-06 1.623723437660373747e-05 7.067227670631837100e-06 8.269842510344460607e-06 1.894131173685309477e-06 2.947163864064350491e-07 2.351495531627278979e-08 1.263931181938460213e-07 8.008974532458523754e-07 1.391199930367292836e-06 8.861699143380974419e-07
4.500000000000000000e+04 3.577193410819745623e-06 9.003797458717599511e-06 1.015380007629573811e-06 6.528616722789593041e-07 1.820189822865359019e-06 7.588212014297823771e-08 3.962835748438919836e-08 4.074451709357163054e-08 4.160239370776253054e-07 1.432159933756338432e-06 8.603336709711584263e-08 3.577193410819745623e-06 9.003797458717599511e-06 1.015380007629573811e-06 6.528616722789593041e-07 1.820189822865359019e-06 7.588212014297823771e-08 3.962835748438919836e-08 4.074451709357163054e-08 4.160239370776253054e-07 1.432159933756338432e-06 8.603336709711584263e-08
4.600000000000000000e+04 6.643287179031176493e-06 1.107372099795611575e-05 5.003380465495865792e-06 4.200132934784051031e-06 1.716037672849779483e-06 1.419132331648143008e-07 6.644212646733649308e-08 2.664890885739623627e-08 3.666810926006291993e-07 1.267685775019344874e-06 1.792184605164948152e-07 6.643287179031176493e-06 1.107372099795611575e-05 5.003380465495865792e-06 4.200132934784051031e-06 1.716037672849779483e-06 1.419132331648143008e-07 6.644212646733649308e-08 2.664890885739623627e-08 3.666810926006291993e-07 1.267685775019344874e-06 1.792184605164948152e-07
4.700000000000000000e+04 1.093385799322277308e-05 2.886997936002444476e-05 3.494878910714760423e-06 1.966785021068062633e-06 2.885793264795211144e-06 1.439723149587734952e-07 1.235617475003891741e-07 9.387571253682835959e-08 4.364123640243633417e-07 1.191641331388382241e-06 1.098676193578285165e-06 1.093385799322277308e-05 2.886997936002444476e-05 3.494878910714760423e-06 1.966785021068062633e-06 2.885793264795211144e-06 1.439723149587734952e-07 1.235617475003891741e-07 9.387571253682835959e-08 4.364123640243633417e-07 1.191641331388382241e-06 1.098676193578285165e-06
4.800000000000000000e+04 2.802645440169726498e-06 7.650793122593313456e-06 5.753693699261930306e-07 1.805013198463711888e-06 1.463618900743313134e-06 1.409512151440139860e-07 5.965886629155647825e-08 3.578087515165861987e-08 3.775972459152399097e-07 1.145967189586372115e-06 4.345859494492287922e-08 2.802645440169726498e-06 7.650793122593313456e-06 5.753693699261930306e-07 1.805013198463711888e-06 1.463618900743313134e-06 1.409512151440139860e-07 5.965886629155647825e-08 3.578087515165861987e-08 3.775972459152399097e-07 1.145967189586372115e-06 4.345859494492287922e-08
4.900000000000000000e+04 1.002450881060212851e-05 1.538520518806762993e-05 4.071589137311093509e-05 4.647755849873647094e-05 5.741597306041512638e-06 7.130849439818121027e-07 7.178459782153367996e-07 6.118938813415297773e-07 1.330076543126779143e-06 1.445211069039942231e-06 8.545218406652566046e-06 1.002450881060212851e-05 1.538520518806762993e-05 4.071589137311093509e-05 4.647755849873647094e-05 5.741597306041512638e-06 7.130849439818121027e-07 7.178459782153367996e-07 6.118938813415297773e-07 1.330076543126779143e-06 1.445211069039942231e-06 8.545218406652566046e-06
5.000000000000000000e+04 1.143134340964024886e-05 1.259717191715026274e-05 5.713514383387519047e-06 1.057618192135123536e-05 8.981286555354017764e-06 5.280135155771858990e-07 1.031165766107733361e-07 1.923808383708092151e-07 6.139610491118219215e-07 1.157843371402123012e-06 9.306484471949261206e-09 1.143134340964024886e-05 1.259717191715026274e-05 5.713514383387519047e-06 1.057618192135123536e-05 8.981286555354017764e-06 5.280135155771858990e-07 1.031165766107733361e-07 1.923808383708092151e-07 6.139610491118219215e-07 1.157843371402123012e-06 9.306484471949261206e-09
5.100000000000000000e+04 8.648798939248081297e-06 1.341557435807771981e-05 1.392379203934979159e-06 2.336811576242325827e-06 4.290942797524621710e-06 4.587918738252483308e-07 5.299872540831529477e-08 2.537998611273906135e-08 4.904337629341171123e-07 1.148055275734805036e-06 2.653621891113289166e-07 8.648798939248081297e-06 1.341557435807771981e-05 1.392379203934979159e-06 2.336811576242325827e-06 4.290942797524621710e-06 4.587918738252483308e-07 5.299872540831529477e-08 2.537998611273906135e-08 4.904337629341171123e-07 1.148055275734805036e-06 2.653621891113289166e-07
5.200000000000000000e+04 3.530905132720363326e-06 6.601861059607472271e-06 5.095933488519222010e-07 4.451958943718636874e-07 1.436963088963238988e-06 1.043849238158145454e-07 1.273256522438259708e-08 4.132122199962395825e-08 3.001931645485456102e-07 1.004552018457616214e-06 1.407617311599551613e-08 3.530905132720363326e-06 6.601861059607472271e-06 5.095933488519222010e-07 4.451958943718636874e-07 1.436963088963238988e-06 1.043849238158145454e-07 1.273256522438259708e-08 4.132122199962395825e-08 3.001931645485456102e-07 1.004552018457616214e-06 1.407617311599551613e-08
5.300000000000000000e+04 1.418845204170793295e-05 3.214460593881085515e-05 1.520754835837578867e-06 7.413275852741207927e-06 1.932067107190960087e-06 1.626152226208432694e-07 4.189660884890145098e-08 1.781950373924701125e-07 4.642316469016805058e-07 1.055573420671862550e-06 3.092902034040889703e-06 1.418845204170793295e-05 3.214460593881085515e-05 1.520754835837578867e-06 7.413275852741207927e-06 1.932067107190960087e-06 1.626152226208432694e-07 4.189660884890145098e-08 1.781950373924701125e-07 4.642316469016805058e-07 1.055573420671862550e-06 3.092902034040889703e-06
5.400000000000000000e+04 3.058214588236296549e-06 6.282674348767613992e-06 5.520530521607724950e-07 4.255317662682500668e-07 1.426171479579352308e-06 1.412691119639930548e-07 8.584291322222270537e-08 2.179033629090554314e-07 6.963957162042788696e-07 1.515706458121712785e-06 8.356870750958478311e-10 3.058214588236296549e-06 6.282674348767613992e-06 5.520530521607724950e-07 4.255317662682500668e-07 1.426171479579352308e-06 1.412691119639930548e-07 8.584291322222270537e-08 2.179033629090554314e-07 6.963957162042788696e-07 1.515706458121712785e-06 8.356870750958478311e-10
5.500000000000000000e+04 2.100218625855632126e-05 1.283723122469382361e-05 3.626766101660905406e-06 1.079984667740063742e-05 1.828517383728467394e-06 7.733609663773677312e-08 1.869550487754167989e-07 8.183557298480081954e-08 3.832247159607504727e-07 9.567336292093386874e-07 8.964677249423402827e-07 2.100218625855632126e-05 1.283723122469382361e-05 3.626766101660905406e-06 1.079984667740063742e-05 1.828517383728467394e-06 7.733609663773677312e-08 1.869550487754167989e-07 8.183557298480081954e-08 3.832247159607504727e-07 9.567336292093386874e-07 8.964677249423402827e-07
5.600000000000000000e+04 1.141131142503581941e-04 1.489181595388799906e-04 1.743025677569676191e-05 4.829325189348310232e-05 5.320774289430119097e-05 4.618051661964273080e-06 1.151014998868049588e-06 5.096656607861405064e-08 3.564148300938541070e-06 2.847519226634176448e-06 5.605322257906664163e-06 1.141131142503581941e-04 1.489181595388799906e-04 1.743025677569676191e-05 4.829325189348310232e-05 5.320774289430119097e-05 4.618051661964273080e-06 1.151014998868049588e-06 5.096656607861405064e-08 3.564148300938541070e-06 2.847519226634176448e-06 5.605322257906664163e-06
5.700000000000000000e+04 3.736214466698584147e-06 1.286378574150148779e-05 5.942490588495275006e-06 8.873990736901760101e-06 1.566070864100765903e-06 2.690181020170712145e-07 3.238932038129860302e-07 1.986576592116762185e-07 4.720645563338621287e-07 9.023284519571461715e-07 1.932708073582034558e-06 3.736214466698584147e-06 1.286378574150148779e-05 5.942490588495275006e-06 8.873990736901760101e-06 1.566070864100765903e-06 2.690181020170712145e-07 3.238932038129860302e-07 1.986576592116762185e-07 4.720645563338621287e-07 9.023284519571461715e-07 1.932708073582034558e-06
5.800000000000000000e+04 7.176471171987941489e-06 1.175032775790896267e-05 9.471539783589832950e-07 2.201008328484022059e-06 3.129379138044896536e-06 1.705884216107733664e-07 2.477547234036592272e-08 2.790831565846474405e-08 3.527347018916771049e-07 8.054740874285926111e-07 1.331082444266940001e-07 7.176471171987941489e-06 1.175032775790896267e-05 9.471539783589832950e-07 2.201008328484022059e-06 3.129379138044896536e-06 1.705884216107733664e-07 2.477547234036592272e-08 2.790831565846474405e-08 3.527347018916771049e-07 8.054740874285926111e-07 1.331082444266940001e-07
5.900000000000000000e+04 1.202737712446833029e-05 3.047332029382232577e-05 1.826708830776624382e-05 2.497943569323979318e-05 4.526520569925196469e-06 5.765035666627227329e-07 7.861391964070207905e-07 2.089385588988079689e-07 2.333171664758992847e-07 8.384109264625294600e-07 8.074474862951319665e-06 1.202737712446833029e-05 3.047332029382232577e-05 1.826708830776624382e-05 2.497943569323979318e-05 4.526520569925196469e-06 5.765035666627227329e-07 7.861391964070207905e-07 2.089385588988079689e-07 2.333171664758992847e-07 8.384109264625294600e-07 8.074474862951319665e-06
6.000000000000000000e+04 4.731873559649102390e-06 6.620846761506982148e-06 2.055495315289590508e-06 2.809897978295339271e-06 7.716658728895708919e-06 2.117785697919316590e-07 2.078379992553891498e-07 3.529374055233347462e-07 3.900058516137505649e-07 8.478122595079184975e-07 4.339130157404724741e-07 4.731873559649102390e-06 6.620846761506982148e-06 2.055495315289590508e-06 2.809897978295339271e-06 7.716658728895708919e-06 2.117785697919316590e-07 2.078379992553891498e-07 3.529374055233347462e-07 3.900058516137505649e-07 8.478122595079184975e-07 4.339130157404724741e-07
6.100000000000000000e+04 2.415391463728155941e-06 5.212515588937094435e-06 4.088273897195904283e-07 3.909331383056269260e-07 1.469435119361151010e-06 1.086178755826949782e-07 3.594398023665235087e-08 6.607299241068176343e-08 4.238841313508601161e-07 1.115502982429461554e-06 2.971370349769131280e-08 2.415391463728155941e-06 5.212515588937094435e-06 4.088273897195904283e-07 3.909331383056269260e-07 1.469435119361151010e-06 1.086178755826949782e-07 3.594398023665235087e-08 6.607299241068176343e-08 4.238841313508601161e-07 1.115502982429461554e-06 2.971370349769131280e-08
6.200000000000000000e+04 2.375404847043682821e-06 5.086194960313150659e-06 6.055312837816018146e-07 1.089972329282318242e-06 1.316839302489825059e-06 6.641747063440561760e-08 9.637415310237429367e-09 3.183861352340500162e-08 3.103092751643998781e-07 7.172969844759791158e-07 6.520173201352008618e-08 2.375404847043682821e-06 5.086194960313150659e-06 6.055312837816018146e-07 1.089972329282318242e-06 1.316839302489825059e-06 6.641747063440561760e-08 9.637415310237429367e-09 3.183861352340500162e-08 3.103092751643998781e-07 7.172969844759791158e-07 6.520173201352008618e-08
6.300000000000000000e+04 3.698208502100897022e-06 5.420683919510338455e-06 4.062327434439794160e-07 4.010237830698315520e-07 1.338818719887058251e-06 4.709041334649555210e-08 2.685837685589831381e-08 7.506162802428661962e-08 2.432246049011155264e-07 6.504864700218604412e-07 1.834060903149747901e-09 3.698208502100897022e-06 5.420683919510338455e-06 4.062327434439794160e-07 4.010237830698315520e-07 1.338818719887058251e-06 4.709041334649555210e-08 2.685837685589831381e-08 7.506162802428661962e-08 2.432246049011155264e-07 6.504864700218604412e-07 1.834060903149747901e-09
6.400000000000000000e+04 1.982082903850823641e-05 2.965550629596691579e-05 4.105572315893368796e-06 4.877259925706312060e-06 4.166420694673433900e-06 6.255373818930820562e-08 8.812764207277723472e-08 6.358593651611954556e-08 3.884493366967944894e-07 6.794609817006858066e-07 1.081937881508565624e-07 1.982082903850823641e-05 2.965550629596691579e-05 4.105572315893368796e-06 4.877259925706312060e-06 4.166420694673433900e-06 6.255373818930820562e-08 8.812764207277723472e-08 6.358593651611954556e-08 3.884493366967944894e-07 6.794609817006858066e-07 1.081937881508565624e-07
6.500000000000000000e+04 5.778927516075782478e-06 9.732678336149547249e-06 6.638691957050468773e-06 1.052334118867293000e-05 1.179980245069600642e-06 3.086666140461602481e-07 9.550003454705802142e-08 1.543044163554441184e-07 1.051751155500824098e-06 1.049268348651821725e-06 1.007498440230847336e-06 5.778927516075782478e-06 9.732678336149547249e-06 6.638691957050468773e-06 1.052334118867293000e-05 1.179980245069600642e-06 3.086666140461602481e-07 9.550003454705802142e-08 1.543044163554441184e-07 1.051751155500824098e-06 1.049268348651821725e-06 1.007498440230847336e-06
6.600000000000000000e+04 1.064575280906865373e-05 5.053270797361619771e-06 1.385078803650685586e-06 6.987862093410512898e-07 1.821464252316218335e-06 9.528446298645576462e-08 2.069806370741389401e-08 1.605296162665581505e-08 2.141925108389841625e-07 6.323880370473489165e-07 1.204768729223815171e-08 1.064575280906865373e-05 5.053270797361619771e-06 1.385078803650685586e-06 6.987862093410512898e-07 1.821464252316218335e-06 9.528446298645576462e-08 2.069806370741389401e-08 1.605296162665581505e-08 2.141925108389841625e-07 6.323880370473489165e-07 1.204768729223815171e-08
6.700000000000000000e+04 7.314517006307141855e-06 2.471394145686645061e-05 5.776033049187390134e-06 2.878413852158701047e-06 6.943959760974394158e-06 8.770747967901115771e-07 1.606680797294757213e-07 2.717010602282243781e-06 4.091045298082462978e-07 1.428574364581436384e-06 1.572123096593713854e-06 7.314517006307141855e-06 2.471394145686645061e-05 5.776033049187390134e-06 2.878413852158701047e-06 6.943959760974394158e-06 8.770747967901115771e-07 1.606680797294757213e-07 2.717010602282243781e-06 4.091045298082462978e-07 1.428574364581436384e-06 1.572123096593713854e-06
6.800000000000000000e+04 3.696236035466426983e-06 1.535099727334454656e-05 1.113919915951555595e-05 1.526192136225290596e-05 1.881393586700141896e-06 4.478040978028730024e-07 2.877686711144633591e-07 6.685847608878248138e-08 2.465255874994909391e-07 6.314835445664357394e-07 3.804459311140817590e-06 3.696236035466426983e-06 1.535099727334454656e-05 1.113919915951555595e-05 1.526192136225290596e-05 1.881393586700141896e-06 4.478040978028730024e-07 2.877686711144633591e-07 6.685847608878248138e-08 2.465255874994909391e-07 6.314835445664357394e-07 3.804459311140817590e-06
6.900000000000000000e+04 2.167464572266908363e-06 4.034862286061979830e-06 2.491115083103068173e-07 2.181874378948123194e-07 8.982400458990014158e-07 4.164238021076016594e-08 4.948507381641320535e-08 2.475885452213333338e-08 2.080789158753759693e-07 6.324279411273892038e-07 1.743041266877298767e-10 2.167464572266908363e-06 4.034862286061979830e-06 2.491115083103068173e-07 2.181874378948123194e-07 8.982400458990014158e-07 4.164238021076016594e-08 4.948507381641320535e-08 2.475885452213333338e-08 2.080789158753759693e-07 6.324279411273892038e-07 1.743041266877298767e-10
7.000000000000000000e+04 9.747597687237430364e-06 3.189431299688294530e-05 3.609363147916155867e-06 3.584738806239329278e-06 2.462524662405485287e-06 2.538330647894326830e-07 3.468206557499797782e-07 4.052338624660478672e-07 4.202805143904697616e-07 9.085645160666899756e-07 2.005049509534728713e-06 9.747597687237430364e-06 3.189431299688294530e-05 3.609363147916155867e-06 3.584738806239329278e-06 2.462524662405485287e-06 2.538330647894326830e-07 3.468206557499797782e-07 4.052338624660478672e-07 4.202805143904697616e-07 9.085645160666899756e-07 2.005049509534728713e-06
7.100000000000000000e+04 4.845226158067816868e-06 6.479321200458798558e-06 2.023603656198247336e-06 1.078138097909686621e-06 6.702042355755111203e-06 2.784545642953162314e-07 5.486520038289199874e-08 3.413764204651670298e-07 3.816243747678527143e-07 5.931440227868733928e-07 3.159188111112598563e-08 4.845226158067816868e-06 6.479321200458798558e-06 2.023603656198247336e-06 1.078138097909686621e-06 6.702042355755111203e-06 2.784545642953162314e-07 5.486520038289199874e-08 3.413764204651670298e-07 3.816243747678527143e-07 5.931440227868733928e-07 3.159188111112598563e-08
7.200000000000000000e+04 2.181609943363582715e-06 3.762061851375619881e-06 3.114159881079103798e-07 1.770364121966849780e-07 1.678425633144797757e-06 4.382186702400758804e-08 3.203666310014341434e-08 7.795544831878942205e-08 2.293751322213211097e-07 5.276011734167695977e-07 5.334621633323877177e-10 2.181609943363582715e-06 3.762061851375619881e-06 3.114159881079103798e-07 1.770364121966849780e-07 1.678425633144797757e-06 4.382186702400758804e-08 3.203666310014341434e-08 7.795544831878942205e-08 2.293751322213211097e-07 5.276011734167695977e-07 5.334621633323877177e-10
7.300000000000000000e+04 4.523660209088120610e-06 1.505399814050178975e-05 2.184558752560405992e-06 1.531777229502040427e-06 1.597504933670279570e-06 7.486028152925428003e-08 1.017619197796193475e-07 3.246931257194773934e-08 2.837454644577519502e-07 5.991972216179419775e-07 8.405384619436517823e-07 4.523660209088120610e-06 1.505399814050178975e-05 2.184558752560405992e-06 1.531777229502040427e-06 1.597504933670279570e-06 7.486028152925428003e-08 1.017619197796193475e-07 3.246931257194773934e-08 2.837454644577519502e-07 5.991972216179419775e-07 8.405384619436517823e-07
7.400000000000000000e+04 2.252297690574778244e-06 3.527135504555189982e-06 2.332526207737828372e-07 5.155113740329397842e-07 8.331930985150393099e-07 2.215683281292513129e-08 1.049601916491837983e-08 1.643307179222119885e-08 1.711960209149765433e-07 4.586742647916253190e-07 1.794566628632310312e-08 2.252297690574778244e-06 3.527135504555189982e-06 2.332526207737828372e-07 5.155113740329397842e-07 8.331930985150393099e-07 2.215683281292513129e-08 1.049601916491837983e-08 1.643307179222119885e-08 1.711960209149765433e-07 4.586742647916253190e-07 1.794566628632310312e-08
7.500000000000000000e+04 3.609297891671303660e-06 6.217605459823971614e-06 1.356701318400155287e-06 1.401294412062270567e-06 9.083771033147058915e-07 1.242551661562174559e-07 1.601666888007002854e-08 8.124921890839686967e-08 2.592399539480538806e-07 4.768174619584897300e-07 3.551292593328980729e-07 3.609297891671303660e-06 6.217605459823971614e-06 1.356701318400155287e-06 1.401294412062270567e-06 9.083771033147058915e-07 1.242551661562174559e-07 1.601666888007002854e-08 8.124921890839686967e-08 2.592399539480538806e-07 4.768174619584897300e-07 3.551292593328980729e-07
7.600000000000000000e+04 7.227702099044108763e-06 7.547769655502634123e-06 2.377817054366460070e-06 1.711183131192228757e-06 1.698797746030322742e-06 8.341765322938954341e-08 8.725132971676430316e-08 3.117581002243241528e-07 4.041180261538102059e-07 5.328937504600617103e-07 1.713828226002078736e-07 7.227702099044108763e-06 7.547769655502634123e-06 2.377817054366460070e-06 1.711183131192228757e-06 1.698797746030322742e-06 8.341765322938954341e-08 8.725132971676430316e-08 3.117581002243241528e-07 4.041180261538102059e-07 5.328937504600617103e-07 1.713828226002078736e-07
7.700000000000000000e+04 8.191397682821843773e-06 1.811597940104547888e-05 2.152562956325709820e-06 1.362848934149951674e-06 1.675122575761633925e-06 1.072158966053393669e-07 1.800497351212015928e-08 6.618320469442551257e-08 1.925135819647039170e-07 4.663632466872513760e-07 7.381238447123905644e-07 8.191397682821843773e-06 1.811597940104547888e-05 2.152562956325709820e-06 1.362848934149951674e-06 1.675122575761633925e-06 1.072158966053393669e-07 1.800497351212015928e-08 6.618320469442551257e-08 1.925135819647039170e-07 4.663632466872513760e-07 7.381238447123905644e-07
7.800000000000000000e+04 1.942169546964578331e-06 3.610198064052383415e-06 4.660397507905145176e-07 4.728362625883164583e-07 8.136543669934326317e-07 3.632712264334259089e-08 9.430511482833026093e-09 1.586643882944827055e-08 1.612997095890023047e-07 4.198461738269543275e-07 2.642954655129869934e-08 1.942169546964578331e-06 3.610198064052383415e-06 4.660397507905145176e-07 4.728362625883164583e-07 8.136543669934326317e-07 3.632712264334259089e-08 9.430511482833026093e-09 1.586643882944827055e-08 1.612997095890023047e-07 4.198461738269543275e-07 2.642954655129869934e-08
7.900000000000000000e+04 2.253470711366389878e-06 4.391701168060535565e-06 8.697383009348413907e-07 1.511917844254639931e-06 1.599509801053500269e-06 2.336657090040716866e-08 4.094044925295747817e-08 7.730110951342794579e-08 1.945327881003322545e-07 3.737895326594298240e-07 3.195196427441260312e-07 2.253470711366389878e-06 4.391701168060535565e-06 8.697383009348413907e-07 1.511917844254639931e-06 1.599509801053500269e-06 2.336657090040716866e-08 4.094044925295747817e-08 7.730110951342794579e-08 1.945327881003322545e-07 3.737895326594298240e-07 3.195196427441260312e-07
8.000000000000000000e+04 1.922605861182091758e-06 3.040447836610837840e-06 1.942843539382010931e-07 1.454127414035610855e-07 7.285660217348777223e-07 2.861734138548399642e-08 4.360481042908759264e-08 1.633513413423770544e-08 1.900008470556713291e-07 4.374793434180901386e-07 3.816794880151519465e-09 1.922605861182091758e-06 3.040447836610837840e-06 1.942843539382010931e-07 1.454127414035610855e-07 7.285660217348777223e-07 2.861734138548399642e-08 4.360481042908759264e-08 1.633513413423770544e-08 1.900008470556713291e-07 4.374793434180901386e-07 3.816794880151519465e-09
8.100000000000000000e+04 2.639797685333178379e-06 4.884701411356218159e-06 2.421170108846126823e-07 1.873679480013379361e-06 8.132371931424131617e-07 3.081622068634715106e-08 3.624089828235810273e-08 2.749562710846475966e-08 2.467636477376800030e-07 3.667221335490467027e-07 1.044429822627535032e-07 2.639797685333178379e-06 4.884701411356218159e-06 2.421170108846126823e-07 1.873679480013379361e-06 8.132371931424131617e-07 3.081622068634715106e-08 3.624089828235810273e-08 2.749562710846475966e-08 2.467636477376800030e-07 3.667221335490467027e-07 1.044429822627535032e-07
8.200000000000000000e+04 1.931246060848934576e-06 2.818909706547856331e-06 1.943372041068869294e-07 2.107073555634997319e-07 6.811461048528144602e-07 1.913666913821998605e-08 1.571129182309505268e-08 1.529303439440354850e-08 1.472855899464775575e-07 3.554485488166392315e-07 5.158629079460297362e-11 1.931246060848934576e-06 2.818909706547856331e-06 1.943372041068869294e-07 2.107073555634997319e-07 6.811461048528144602e-07 1.913666913821998605e-08 1.571129182309505268e-08 1.529303439440354850e-08 1.472855899464775575e-07 3.554485488166392315e-07 5.158629079460297362e-11
8.300000000000000000e+04 1.262916975974803790e-05 1.312672611675225198e-05 1.969117647604434751e-06 3.091441612923517823e-06 6.134713203209685162e-06 7.144325309127452783e-08 3.039965577045222744e-07 1.881938942460692488e-07 6.941382366676407401e-07 5.009813435208343435e-07 6.881987246742937714e-07 1.262916975974803790e-05 1.312672611675225198e-05 1.969117647604434751e-06 3.091441612923517823e-06 6.134713203209685162e-06 7.144325309127452783e-08 3.039965577045222744e-07 1.881938942460692488e-07 6.941382366676407401e-07 5.009813435208343435e-07 6.881987246742937714e-07
8.400000000000000000e+04 6.131719146651448682e-06 8.074349352682475001e-06 2.511397269699955359e-06 3.447036306170048192e-06 8.460777962682186626e-07 3.687412686304014642e-08 3.644816715109300276e-08 1.201346435664163437e-07 1.725943405972429900e-07 3.620995698838669341e-07 2.668996046395477606e-07 6.131719146651448682e-06 8.074349352682475001e-06 2.511397269699955359e-06 3.447036306170048192e-06 8.460777962682186626e-07 3.687412686304014642e-08 3.644816715109300276e-08 1.201346435664163437e-07 1.725943405972429900e-07 3.620995698838669341e-07 2.668996046395477606e-07
8.500000000000000000e+04 2.318949327673180960e-06 2.934204985649557784e-06 1.792730586203106213e-07 1.896289347769197775e-07 7.591318649247114081e-07 2.233950624486169545e-08 4.176863654947737814e-08 2.098822982077308552e-08 2.580907505489449250e-07 5.900443511563935317e-07 8.970824083576189878e-10 2.318949327673180960e-06 2.934204985649557784e-06 1.792730586203106213e-07 1.896289347769197775e-07 7.591318649247114081e-07 2.233950624486169545e-08 4.176863654947737814e-08 2.098822982077308552e-08 2.580907505489449250e-07 5.900443511563935317e-07 8.970824083576189878e-10
8.600000000000000000e+04 1.960897634489811026e-06 2.736771875788690522e-06 1.786424519423235324e-07 1.759555914304655744e-07 6.487234145424736198e-07 1.379621661357077755e-08 1.914577829609243054e-08 1.537502392068290646e-08 1.238663145386453834e-07 2.972371646592364414e-07 1.912212610477581620e-08 1.960897634489811026e-06 2.736771875788690522e-06 1.786424519423235324e-07 1.759555914304655744e-07 6.487234145424736198e-07 1.379621661357077755e-08 1.914577829609243054e-08 1.537502392068290646e-08 1.238663145386453834e-07 2.972371646592364414e-07 1.912212610477581620e-08
8.700000000000000000e+04 3.530946742102969438e-06 5.827173026773380116e-06 3.828768342373223277e-07 5.090179797662131023e-07 6.949402973077667411e-07 2.764833517687748099e-08 3.039876617094705580e-08 2.407839971851899463e-08 1.684940400537016103e-07 2.904203313391917618e-07 2.606243221237036778e-09 3.530946742102969438e-06 5.827173026773380116e-06 3.828768342373223277e-07 5.090179797662131023e-07 6.949402973077667411e-07 2.764833517687748099e-08 3.039876617094705580e-08 2.407839971851899463e-08 1.684940400537016103e-07 2.904203313391917618e-07 2.606243221237036778e-09
8.800000000000000000e+04 1.519632496638223529e-05 6.598269919777521864e-06 1.618931264601997100e-06 1.891397573672293220e-06 1.845595761551521719e-06 3.258044216636335477e-07 1.530504931679388392e-07 9.582529969520692248e-08 3.462839686108054593e-07 4.465828453703579726e-07 7.738125873402168509e-08 1.519632496638223529e-05 6.598269919777521864e-06 1.618931264601997100e-06 1.891397573672293220e-06 1.845595761551521719e-06 3.258044216636335477e-07 1.530504931679388392e-07 9.582529969520692248e-08 3.462839686108054593e-07 4.465828453703579726e-07 7.738125873402168509e-08
8.900000000000000000e+04 2.009043419093359262e-05 6.997178843448637053e-06 3.638851467258064076e-06 7.712515071034431458e-06 1.548105046822456643e-06 4.161626065979362465e-08 1.237079345628444571e-07 9.256103083998823422e-08 1.878487552176011377e-07 4.223249163715081522e-07 1.550673005112912506e-06 2.009043419093359262e-05 6.997178843448637053e-06 3.638851467258064076e-06 7.712515071034431458e-06 1.548105046822456643e-06 4.161626065979362465e-08 1.237079345628444571e-07 9.256103083998823422e-08 1.878487552176011377e-07 4.223249163715081522e-07 1.550673005112912506e-06
9.000000000000000000e+04 2.417147470623604022e-06 3.035871259271516465e-06 3.173602465267322259e-07 2.595476473743474344e-07 8.029339255699596833e-07 1.718999342870120017e-08 1.326218068697926356e-08 2.279100463908889651e-08 1.554578403784034890e-07 2.992353529407409951e-07 8.969038844952592626e-08 2.417147470623604022e-06 3.035871259271516465e-06 3.173602465267322259e-07 2.595476473743474344e-07 8.029339255699596833e-07 1.718999342870120017e-08 1.326218068697926356e-08 2.279100463908889651e-08 1.554578403784034890e-07 2.992353529407409951e-07 8.969038844952592626e-08
9.100000000000000000e+04 3.277321184214088134e-06 4.372302555566420779e-06 2.763075144684989937e-06 5.042680186306824908e-06 3.896004272974096239e-06 4.731061409302128595e-08 4.822205212917651806e-08 1.950352555013523670e-07 3.536363237799378112e-07 3.334741052185563603e-07 4.118982417367078597e-07 3.277321184214088134e-06 4.372302555566420779e-06 2.763075144684989937e-06 5.042680186306824908e-06 3.896004272974096239e-06 4.731061409302128595e-08 4.822205212917651806e-08 1.950352555013523670e-07 3.536363237799378112e-07 3.334741052185563603e-07 4.118982417367078597e-07
9.200000000000000000e+04 2.496631896065082401e-05 7.583845672343159094e-06 5.381359642342431471e-06 7.562621249235235155e-06 1.307194906985387206e-06 3.642825774363700475e-08 2.871315416541619925e-07 1.172927355241881742e-07 1.534091040866769617e-07 2.765094109236088116e-07 1.154599203800898977e-06 2.496631896065082401e-05 7.583845672343159094e-06 5.381359642342431471e-06 7.562621249235235155e-06 1.307194906985387206e-06 3.642825774363700475e-08 2.871315416541619925e-07 1.172927355241881742e-07 1.534091040866769617e-07 2.765094109236088116e-07 1.154599203800898977e-06
9.300000000000000000e+04 5.064475772087462246e-06 9.612370376999024302e-06 9.949619197868742049e-06 1.200613314722431824e-05 3.567295425455085933e-05 2.050169086942332797e-06 1.000536826722964179e-06 6.138296271274157334e-07 1.250299646926578134e-06 9.023800089380529243e-07 3.329228775328374468e-06 5.064475772087462246e-06 9.612370376999024302e-06 9.949619197868742049e-06 1.200613314722431824e-05 3.567295425455085933e-05 2.050169086942332797e-06 1.000536826722964179e-06 6.138296271274157334e-07 1.250299646926578134e-06 9.023800089380529243e-07 3.329228775328374468e-06
9.400000000000000000e+04 4.206599896861007437e-06 3.420130269660148770e-06 4.696171913565194700e-07 7.702606126258615404e-07 1.026601921694236808e-06 2.229488949012647936e-08 1.096034836223225284e-07 1.046796000991889741e-07 2.154927329911515699e-07 3.785804096878564451e-07 4.733102798581967363e-10 4.206599896861007437e-06 3.420130269660148770e-06 4.696171913565194700e-07 7.702606126258615404e-07 1.026601921694236808e-06 2.229488949012647936e-08 1.096034836223225284e-07 1.046796000991889741e-07 2.154927329911515699e-07 3.785804096878564451e-07 4.733102798581967363e-10
9.500000000000000000e+04 2.180313686039880849e-06 3.687769094540271908e-06 1.008014919534616638e-06 1.037182300933636725e-06 1.447988324798643589e-06 2.450600788961310172e-08 5.440077899265816086e-08 1.268695655198825989e-07 1.603978887487755856e-07 2.586539267213083804e-07 4.318566126926270954e-08 2.180313686039880849e-06 3.687769094540271908e-06 1.008014919534616638e-06 1.037182300933636725e-06 1.447988324798643589e-06 2.450600788961310172e-08 5.440077899265816086e-08 1.268695655198825989e-07 1.603978887487755856e-07 2.586539267213083804e-07 4.318566126926270954e-08
9.600000000000000000e+04 3.085956223003449850e-06 2.752629598035127856e-06 6.661596785306755919e-07 2.376592419750522822e-06 9.339344160252949223e-07 8.404366980130362208e-08 1.861509346667844511e-08 1.541529215387527074e-08 1.629878738640400115e-07 2.600536959107557777e-07 1.800160376319581701e-08 3.085956223003449850e-06 2.752629598035127856e-06 6.661596785306755919e-07 2.376592419750522822e-06 9.339344160252949223e-07 8.404366980130362208e-08 1.861509346667844511e-08 1.541529215387527074e-08 1.629878738640400115e-07 2.600536959107557777e-07 1.800160376319581701e-08
9.700000000000000000e+04 3.889839263138128445e-06 2.696320962058962323e-06 3.349196333601867082e-07 7.991290544850926381e-07 6.174723807816917542e-07 2.190323122874815454e-08 1.630390933371472784e-08 2.058833992180097994e-08 1.378002281171575305e-07 2.324292580624387483e-07 2.374003216232267732e-10 3.889839263138128445e-06 2.696320962058962323e-06 3.349196333601867082e-07 7.991290544850926381e-07 6.174723807816917542e-07 2.190323122874815454e-08 1.630390933371472784e-08 2.058833992180097994e-08 1.378002281171575305e-07 2.324292580624387483e-07 2.374003216232267732e-10
9.800000000000000000e+04 1.132395002059638500e-03 7.586545543745160103e-04 1.192841300508007407e-04 3.806781605817377567e-04 5.592861270997673273e-05 6.265586307563353330e-07 6.028534698998555541e-06 1.867620085249654949e-05 6.907113856868818402e-05 2.312552169314585626e-05 1.543733524158596992e-04 1.132395002059638500e-03 7.586545543745160103e-04 1.192841300508007407e-04 3.806781605817377567e-04 5.592861270997673273e-05 6.265586307563353330e-07 6.028534698998555541e-06 1.867620085249654949e-05 6.907113856868818402e-05 2.312552169314585626e-05 1.543733524158596992e-04
9.900000000000000000e+04 1.506685862295853440e-06 2.245002406198182143e-06 1.096366588626551675e-07 1.144161032584634086e-07 5.395997959567466751e-07 1.836435892244026036e-08 8.941683837804248469e-09 1.759944545653979731e-08 9.454982574652603944e-08 2.441220772197993938e-07 1.174615960053415620e-11 1.506685862295853440e-06 2.245002406198182143e-06 1.096366588626551675e-07 1.144161032584634086e-07 5.395997959567466751e-07 1.836435892244026036e-08 8.941683837804248469e-09 1.759944545653979731e-08 9.454982574652603944e-08 2.441220772197993938e-07 1.174615960053415620e-11
1.000000000000000000e+05 3.114805394943687133e-06 5.790027898910921067e-06 2.548747488617664203e-06 1.400134692630672362e-06 3.106637223027064465e-06 7.769089194198386394e-08 5.645454237424019084e-08 3.114288631422823528e-07 2.631128950270067435e-07 2.690700000584911322e-07 3.538517034940014128e-09 3.114805394943687133e-06 5.790027898910921067e-06 2.548747488617664203e-06 1.400134692630672362e-06 3.106637223027064465e-06 7.769089194198386394e-08 5.645454237424019084e-08 3.114288631422823528e-07 2.631128950270067435e-07 2.690700000584911322e-07 3.538517034940014128e-09
1.010000000000000000e+05 4.673398962040664628e-06 1.828454333008266985e-05 1.757871359586715698e-06 4.892792276223190129e-06 1.300342887589067686e-06 1.415953647665446624e-07 2.610882745557319140e-07 1.575713639567766222e-07 1.466363812596682692e-07 3.635682048752642004e-07 1.813696748342863430e-09 4.673398962040664628e-06 1.828454333008266985e-05 1.757871359586715698e-06 4.892792276223190129e-06 1.300342887589067686e-06 1.415953647665446624e-07 2.610882745557319140e-07 1.575713639567766222e-07 1.466363812596682692e-07 3.635682048752642004e-07 1.813696748342863430e-09
1.020000000000000000e+05 8.222908945754170418e-06 2.050384682661388069e-05 2.468677394062979147e-06 1.822078047553077340e-06 3.472266826065606438e-06 3.548341567238821881e-07 2.096467142109759152e-07 1.184254116992633499e-07 4.921587901662860531e-07 4.431466038568032673e-07 6.142973916212213226e-07 8.222908945754170418e-06 2.050384682661388069e-05 2.468677394062979147e-06 1.822078047553077340e-06 3.472266826065606438e-06 3.548341567238821881e-07 2.096467142109759152e-07 1.184254116992633499e-07 4.921587901662860531e-07 4.431466038568032673e-07 6.142973916212213226e-07
1.030000000000000000e+05 2.374441692154505290e-06 2.563539283073623665e-06 4.453464498510584235e-06 3.496767021715641022e-06 1.070378061740484554e-06 6.218517967226944165e-08 5.316101123753469437e-07 9.256200428353622556e-08 2.579091358256846434e-07 4.505425579282018589e-07 7.588533890157123096e-07 2.374441692154505290e-06 2.563539283073623665e-06 4.453464498510584235e-06 3.496767021715641022e-06 1.070378061740484554e-06 6.218517967226944165e-08 5.316101123753469437e-07 9.256200428353622556e-08 2.579091358256846434e-07 4.505425579282018589e-07 7.588533890157123096e-07
1.040000000000000000e+05 1.664864498707174789e-06 2.145579856005497277e-06 2.015845410596739384e-07 7.185287245192739647e-07 6.149792852738755755e-07 2.298549439672115113e-08 1.587351050602592295e-08 1.495557988562268292e-08 1.366488646681318642e-07 2.156251639462425373e-07 1.987112874246577121e-08 1.664864498707174789e-06 2.145579856005497277e-06 2.015845410596739384e-07 7.185287245192739647e-07 6.149792852738755755e-07 2.298549439672115113e-08 1.587351050602592295e-08 1.495557988562268292e-08 1.366488646681318642e-07 2.156251639462425373e-07 1.987112874246577121e-08
1.050000000000000000e+05 3.162956545565975830e-06 9.253911230189260095e-06 6.269568189054552931e-07 5.061914180259918794e-06 1.127134623857273255e-06 8.943976581576862372e-08 1.694882314495771425e-07 1.132800235836839420e-07 2.527118851958221057e-07 2.691442091418139171e-07 8.837588438836974092e-07 3.162956545565975830e-06 9.253911230189260095e-06 6.269568189054552931e-07 5.061914180259918794e-06 1.127134623857273255e-06 8.943976581576862372e-08 1.694882314495771425e-07 1.132800235836839420e-07 2.527118851958221057e-07 2.691442091418139171e-07 8.837588438836974092e-07
1.060000000000000000e+05 1.285960252062068321e-06 1.843651034505455755e-06 9.071423789919208502e-08 8.571694820602715481e-08 4.535684468010003911e-07 1.553992845515494992e-08 1.159357321256493378e-08 1.352469602977635077e-08 1.202631949581700610e-07 1.992202385281416355e-07 5.238689482212066650e-10 1.285960252062068321e-06 1.843651034505455755e-06 9.071423789919208502e-08 8.571694820602715481e-08 4.535684468010003911e-07 1.553992845515494992e-08 1.159357321256493378e-08 1.352469602977635077e-08 1.202631949581700610e-07 1.992202385281416355e-07 5.238689482212066650e-10
1.070000000000000000e+05 2.588524466773378663e-06 2.292913904966553673e-06 2.141703134839190170e-07 4.350303868250193773e-07 7.766854537294420879e-07 1.638019853089645039e-08 2.342727967175051162e-08 3.787731017723672267e-08 1.447293556111617363e-07 2.122801561199594289e-07 3.369152068444236647e-08 2.588524466773378663e-06 2.292913904966553673e-06 2.141703134839190170e-07 4.350303868250193773e-07 7.766854537294420879e-07 1.638019853089645039e-08 2.342727967175051162e-08 3.787731017723672267e-08 1.447293556111617363e-07 2.122801561199594289e-07 3.369152068444236647e-08
1.080000000000000000e+05 5.725044957216596231e-06 3.793404857788118534e-06 1.975271970877656713e-06 1.140120843956538010e-06 1.566593141433259007e-06 5.100326916362973861e-08 1.155535329644408193e-07 2.802572680593584664e-07 4.931855528411688283e-07 3.138195552310207859e-07 9.584534055306903610e-09 5.725044957216596231e-06 3.793404857788118534e-06 1.975271970877656713e-06 1.140120843956538010e-06 1.566593141433259007e-06 5.100326916362973861e-08 1.155535329644408193e-07 2.802572680593584664e-07 4.931855528411688283e-07 3.138195552310207859e-07 9.584534055306903610e-09
1.090000000000000000e+05 6.102347015257691965e-06 1.632681960472837090e-05 2.378805447733611800e-06 6.940025286894524470e-06 5.038752533437218517e-06 2.606213627132092370e-07 6.987547180870024022e-07 2.764480022676707449e-08 7.683329386054538190e-07 5.023094900025171228e-07 9.821141020438517444e-07 6.102347015257691965e-06 1.632681960472837090e-05 2.378805447733611800e-06 6.940025286894524470e-06 5.038752533437218517e-06 2.606213627132092370e-07 6.987547180870024022e-07 2.764480022676707449e-08 7.683329386054538190e-07 5.023094900025171228e-07 9.821141020438517444e-07
1.100000000000000000e+05 8.633849574835039675e-06 1.886354948510415852e-05 4.937271569360746071e-06 4.810400241694878787e-06 3.341188175909337588e-06 7.291995984815002885e-07 5.879975901734724175e-07 1.589581870575784706e-07 3.528861611812317278e-07 6.148450211185263470e-07 3.507408791847410612e-06 8.633849574835039675e-06 1.886354948510415852e-05 4.937271569360746071e-06 4.810400241694878787e-06 3.341188175909337588e-06 7.291995984815002885e-07 5.879975901734724175e-07 1.589581870575784706e-07 3.528861611812317278e-07 6.148450211185263470e-07 3.507408791847410612e-06
1.110000000000000000e+05 1.140717245107225608e-06 1.656704966990218963e-06 1.207104105560574681e-07 1.147681061297589622e-07 4.291532604838721454e-07 1.394295878753837314e-08 1.422990880683983050e-08 1.176858077656106616e-08 1.121746961985081725e-07 1.638070727949525462e-07 3.958008143456481776e-09 1.140717245107225608e-06 1.656704966990218963e-06 1.207104105560574681e-07 1.147681061297589622e-07 4.291532604838721454e-07 1.394295878753837314e-08 1.422990880683983050e-08 1.176858077656106616e-08 1.121746961985081725e-07 1.638070727949525462e-07 3.958008143456481776e-09
1.120000000000000000e+05 2.939621481345966458e-06 2.464343560859560966e-05 2.405112354608718306e-06 2.950074986074469052e-06 1.249709498551965225e-06 8.974691212415564223e-08 1.625200667376702768e-07 1.094867627671192167e-07 1.970323921796079958e-07 2.404370889053097926e-07 1.370526433674967848e-06 2.939621481345966458e-06 2.464343560859560966e-05 2.405112354608718306e-06 2.950074986074469052e-06 1.249709498551965225e-06 8.974691212415564223e-08 1.625200667376702768e-07 1.094867627671192167e-07 1.970323921796079958e-07 2.404370889053097926e-07 1.370526433674967848e-06
1.130000000000000000e+05 2.217407654825365171e-06 2.153053856090991758e-06 8.733951517569948919e-07 1.092267893909593113e-06 4.892924039268109482e-07 5.615808618131268304e-08 1.704430552251778863e-08 1.504803925911346596e-08 1.392696162838547025e-07 2.018936271497295820e-07 1.500098107953817816e-07 2.217407654825365171e-06 2.153053856090991758e-06 8.733951517569948919e-07 1.092267893909593113e-06 4.892924039268109482e-07 5.615808618131268304e-08 1.704430552251778863e-08 1.504803925911346596e-08 1.392696162838547025e-07 2.018936271497295820e-07 1.500098107953817816e-07
1.140000000000000000e+05 1.527498397990711965e-06 2.396761146883363836e-06 3.254226328408549307e-07 5.224940196058014408e-07 5.954383937023521867e-07 2.071592319907722413e-08 1.525608972485770209e-08 1.588517761774710380e-08 1.506368079162712093e-07 1.698454354936984600e-07 4.708496703642595094e-08 1.527498397990711965e-06 2.396761146883363836e-06 3.254226328408549307e-07 5.224940196058014408e-07 5.954383937023521867e-07 2.071592319907722413e-08 1.525608972485770209e-08 1.588517761774710380e-08 1.506368079162712093e-07 1.698454354936984600e-07 4.708496703642595094e-08
1.150000000000000000e+05 1.039158973981102463e-06 1.656601284594216850e-06 9.521264843215249130e-08 9.862443306474233395e-08 4.186540820683148922e-07 1.424201645505718261e-08 9.708587711543259502e-09 1.302421281934584840e-08 1.150149202544525906e-07 2.023246565840963740e-07 8.942118157051481830e-09 1.039158973981102463e-06 1.656601284594216850e-06 9.521264843215249130e-08 9.862443306474233395e-08 4.186540820683148922e-07 1.424201645505718261e-08 9.708587711543259502e-09 1.302421281934584840e-08 1.150149202544525906e-07 2.023246565840963740e-07 8.942118157051481830e-09
1.160000000000000000e+05 2.317304506505024619e-06 3.430870947340736166e-06 7.314452545870153699e-07 1.639151150811812840e-06 6.090731972108187620e-07 4.338206238685415883e-08 2.287869804717956868e-08 1.232334678746838108e-08 1.347212474911430036e-07 1.955181119228655007e-07 1.887021880975225940e-07 2.317304506505024619e-06 3.430870947340736166e-06 7.314452545870153699e-07 1.639151150811812840e-06 6.090731972108187620e-07 4.338206238685415883e-08 2.287869804717956868e-08 1.232334678746838108e-08 1.347212474911430036e-07 1.955181119228655007e-07 1.887021880975225940e-07
1.170000000000000000e+05 2.509416390239493921e-06 3.171882099195499904e-06 5.931659643465536647e-07 3.325035038415080635e-07 2.685861545614898205e-06 3.884687771460448857e-08 3.774469092832077877e-08 1.913517309048984316e-07 1.593607663608054281e-07 1.924215098370041233e-07 2.779430907651203597e-09 2.509416390239493921e-06 3.171882099195499904e-06 5.931659643465536647e-07 3.325035038415080635e-07 2.685861545614898205e-06 3.884687771460448857e-08 3.774469092832077877e-08 1.913517309048984316e-07 1.593607663608054281e-07 1.924215098370041233e-07 2.779430907651203597e-09
1.180000000000000000e+05 7.560442554677138105e-06 8.435671588813420385e-06 8.275991376649471931e-07 3.597617478590109386e-06 8.898385885913739912e-07 2.189403431884784368e-07 2.943451704595645424e-08 4.378333073873363901e-07 1.844366295244981302e-07 3.794334872964100214e-07 1.426683411409612745e-07 7.560442554677138105e-06 8.435671588813420385e-06 8.275991376649471931e-07 3.597617478590109386e-06 8.898385885913739912e-07 2.189403431884784368e-07 2.943451704595645424e-08 4.378333073873363901e-07 1.844366295244981302e-07 3.794334872964100214e-07 1.426683411409612745e-07
1.190000000000000000e+05 1.010416099234134890e-06 1.634275236028770451e-06 1.465863164185066125e-07 1.573547336874980829e-07 4.037503629206184996e-07 1.395095416967251367e-08 1.157953466446315360e-08 1.039465935548378184e-08 1.087294805302008172e-07 1.559055959887700737e-07 6.311831057814742962e-10 1.010416099234134890e-06 1.634275236028770451e-06 1.465863164185066125e-07 1.573547336874980829e-07 4.037503629206184996e-07 1.395095416967251367e-08 1.157953466446315360e-08 1.039465935548378184e-08 1.087294805302008172e-07 1.559055959887700737e-07 6.311831057814742962e-10
1.200000000000000000e+05 1.039181097439723089e-05 1.397595679009100422e-05 2.461945769027806818e-06 1.390500756315304898e-06 9.533843012832221575e-07 4.869692915576706582e-08 1.161930427429069823e-07 1.163713960750101251e-07 1.652795447171229171e-07 1.845808412781480001e-07 9.994976153393508866e-07 1.039181097439723089e-05 1.397595679009100422e-05 2.461945769027806818e-06 1.390500756315304898e-06 9.533843012832221575e-07 4.869692915576706582e-08 1.161930427429069823e-07 1.163713960750101251e-07 1.652795447171229171e-07 1.845808412781480001e-07 9.994976153393508866e-07
1.210000000000000000e+05 9.713065765026840381e-07 1.575444571244588587e-06 9.876994511159864487e-08 8.219713976131970412e-08 4.026933595469017746e-07 2.148205524576951575e-08 3.422940153541276231e-08 8.880417290413333831e-09 1.788130816748889629e-07 2.467207593781495234e-07 1.357856049821748456e-10 9.713065765026840381e-07 1.575444571244588587e-06 9.876994511159864487e-08 8.219713976131970412e-08 4.026933595469017746e-07 2.148205524576951575e-08 3.422940153541276231e-08 8.880417290413333831e-09 1.788130816748889629e-07 2.467207593781495234e-07 1.357856049821748456e-10
1.220000000000000000e+05 8.913745546124118846e-07 1.444558620278257877e-06 9.008380175146157853e-08 1.158651699029178417e-07 3.683172451474092668e-07 1.628351142812789476e-08 1.120758152950429576e-08 9.767762598755780346e-09 1.120160462164676574e-07 1.485862242134317057e-07 2.936539900133539049e-10 8.913745546124118846e-07 1.444558620278257877e-06 9.008380175146157853e-08 1.158651699029178417e-07 3.683172451474092668e-07 1.628351142812789476e-08 1.120758152950429576e-08 9.767762598755780346e-09 1.120160462164676574e-07 1.485862242134317057e-07 2.936539900133539049e-10
1.230000000000000000e+05 1.505468389950692654e-06 1.613773520148242824e-06 4.971398652742209379e-07 7.282837941602338105e-07 7.538093882430985104e-07 5.059347429892113723e-08 7.508779020781730651e-08 1.143961547711569438e-08 1.479961468930923729e-07 1.657907660046475939e-07 4.962752342407839024e-08 1.505468389950692654e-06 1.613773520148242824e-06 4.971398652742209379e-07 7.282837941602338105e-07 7.538093882430985104e-07 5.059347429892113723e-08 7.508779020781730651e-08 1.143961547711569438e-08 1.479961468930923729e-07 1.657907660046475939e-07 4.962752342407839024e-08
1.240000000000000000e+05 9.334133210359141231e-06 1.097558106266660616e-05 4.164940037298947573e-06 6.151400157250463963e-06 2.196964942413615063e-06 5.775690326004223607e-08 5.101470534896179743e-08 1.673520699796426925e-08 2.532174221414607018e-07 1.859592373421037337e-07 1.649304266493345494e-07 9.334133210359141231e-06 1.097558106266660616e-05 4.164940037298947573e-06 6.151400157250463963e-06 2.196964942413615063e-06 5.775690326004223607e-08 5.101470534896179743e-08 1.673520699796426925e-08 2.532174221414607018e-07 1.859592373421037337e-07 1.649304266493345494e-07
1.250000000000000000e+05 1.252144670615962241e-06 1.562336933602637146e-06 9.740820132719818503e-07 1.352566300738544669e-06 7.062869826768292114e-07 5.069725972361993627e-08 2.637905360813874722e-08 2.362747864026459865e-08 1.321754865557522862e-07 1.645954341711330926e-07 2.597730315301305382e-07 1.252144670615962241e-06 1.562336933602637146e-06 9.740820132719818503e-07 1.352566300738544669e-06 7.062869826768292114e-07 5.069725972361993627e-08 2.637905360813874722e-08 2.362747864026459865e-08 1.321754865557522862e-07 1.645954341711330926e-07 2.597730315301305382e-07
1.260000000000000000e+05 9.478126230533234775e-06 2.702874371607322246e-05 1.340047128906007856e-05 1.941739719768520445e-05 2.519420377211645246e-06 2.046198090965845040e-07 4.407304174947057618e-07 1.754274165932656615e-07 1.961897595492700930e-07 3.032707240890886169e-07 1.140170070357271470e-06 9.478126230533234775e-06 2.702874371607322246e-05 1.340047128906007856e-05 1.941739719768520445e-05 2.519420377211645246e-06 2.046198090965845040e-07 4.407304174947057618e-07 1.754274165932656615e-07 1.961897595492700930e-07 3.032707240890886169e-07 1.140170070357271470e-06
1.270000000000000000e+05 3.136184886898263358e-06 8.140184036165010184e-06 1.678401986282551661e-06 9.476204922975739464e-07 2.182380285375984386e-06 1.082038920685590710e-07 2.330834725228214666e-08 3.645785398020962020e-07 1.636817046346550342e-07 2.896207718094956363e-07 5.382769359130179510e-07 3.136184886898263358e-06 8.140184036165010184e-06 1.678401986282551661e-06 9.476204922975739464e-07 2.182380285375984386e-06 1.082038920685590710e-07 2.330834725228214666e-08 3.645785398020962020e-07 1.636817046346550342e-07 2.896207718094956363e-07 5.382769359130179510e-07
1.280000000000000000e+05 9.399773261975497007e-07 1.581385276949731633e-06 1.761344918804752524e-07 1.512781011570041301e-07 6.149683144940354396e-07 2.876777571714228543e-08 4.589468716176270391e-08 1.648809266896478221e-08 2.182160727670634515e-07 2.193273758166469634e-07 6.129434293455915395e-09 9.399773261975497007e-07 1.581385276949731633e-06 1.761344918804752524e-07 1.512781011570041301e-07 6.149683144940354396e-07 2.876777571714228543e-08 4.589468716176270391e-08 1.648809266896478221e-08 2.182160727670634515e-07 2.193273758166469634e-07 6.129434293455915395e-09
1.290000000000000000e+05 1.335256229140213691e-06 2.161826159863267094e-06 1.709248493853010586e-07 2.859800360965891741e-07 5.750210334554139990e-07 1.645480374179442151e-08 1.435715279995974925e-08 2.497071882601176185e-08 1.296319140919877100e-07 1.480165394696086878e-07 8.812950369474492618e-11 1.335256229140213691e-06 2.161826159863267094e-06 1.709248493853010586e-07 2.859800360965891741e-07 5.750210334554139990e-07 1.645480374179442151e-08 1.435715279995974925e-08 2.497071882601176185e-08 1.296319140919877100e-07 1.480165394696086878e-07 8.812950369474492618e-11
1.300000000000000000e+05 1.405714010616065934e-05 2.201738607254810631e-05 9.746522664499934763e-06 1.679499473539181054e-05 2.143220081052277237e-05 4.048049504490336403e-07 2.425122715976613108e-07 1.164921059171319939e-06 6.441102868848247454e-07 4.872740646533202380e-07 1.288587299086429994e-07 1.405714010616065934e-05 2.201738607254810631e-05 9.746522664499934763e-06 1.679499473539181054e-05 2.143220081052277237e-05 4.048049504490336403e-07 2.425122715976613108e-07 1.164921059171319939e-06 6.441102868848247454e-07 4.872740646533202380e-07 1.288587299086429994e-07
1.310000000000000000e+05 4.419679498823825270e-06 1.465936384192900732e-05 9.870991561911068857e-06 1.598793278390076011e-05 7.537320243500289507e-07 7.503142995801681536e-08 3.723897634699824266e-07 7.839106785922922427e-08 1.799722184614438447e-07 2.708780755256157136e-07 4.662308128899894655e-06 4.419679498823825270e-06 1.465936384192900732e-05 9.870991561911068857e-06 1.598793278390076011e-05 7.537320243500289507e-07 7.503142995801681536e-08 3.723897634699824266e-07 7.839106785922922427e-08 1.799722184614438447e-07 2.708780755256157136e-07 4.662308128899894655e-06
1.320000000000000000e+05 9.766410585143603384e-06 2.177055648644454777e-05 1.350132333755027503e-05 1.731917654979042709e-05 1.490888826083391905e-05 8.419589647701286594e-08 2.431004020309046609e-07 1.118793647947313730e-06 8.052128350755083375e-07 3.042476350856304634e-07 4.259069100953638554e-06 9.766410585143603384e-06 2.177055648644454777e-05 1.350132333755027503e-05 1.731917654979042709e-05 1.490888826083391905e-05 8.419589647701286594e-08 2.431004020309046609e-07 1.118793647947313730e-06 8.052128350755083375e-07 3.042476350856304634e-07 4.259069100953638554e-06
1.330000000000000000e+05 2.635948021634249017e-06 2.825012870744103566e-06 8.650866334392048884e-07 2.344794154396367958e-07 1.569763185216288548e-06 1.255457249271785258e-07 6.008835384818667080e-08 1.212446498755070934e-08 1.932571507268221467e-07 1.708299777192223701e-07 6.073040736964685493e-08 2.635948021634249017e-06 2.825012870744103566e-06 8.650866334392048884e-07 2.344794154396367958e-07 1.569763185216288548e-06 1.255457249271785258e-07 6.008835384818667080e-08 1.212446498755070934e-08 1.932571507268221467e-07 1.708299777192223701e-07 6.073040736964685493e-08
1.340000000000000000e+05 7.272944344549614470e-07 1.195649929286446422e-06 7.570999827066771104e-08 6.476568614743882790e-08 3.520939060308592161e-07 1.079727596220436681e-08 1.323185383483860278e-08 1.125120618894470681e-08 1.123937209968062234e-07 1.333345949205977377e-07 2.302247281704694615e-11 7.272944344549614470e-07 1.195649929286446422e-06 7.570999827066771104e-08 6.476568614743882790e-08 3.520939060308592161e-07 1.079727596220436681e-08 1.323185383483860278e-08 1.125120618894470681e-08 1.123937209968062234e-07 1.333345949205977377e-07 2.302247281704694615e-11
1.350000000000000000e+05 1.821041792027244810e-06 2.511893171686097048e-06 3.411427655919396784e-07 1.295088168262736872e-06 4.561213131637487095e-07 1.321851250679628720e-08 1.605376453994722397e-08 1.365357515936693744e-08 1.262952196157129947e-07 1.458622875816217856e-07 3.349487798232075875e-08 1.821041792027244810e-06 2.511893171686097048e-06 3.411427655919396784e-07 1.295088168262736872e-06 4.561213131637487095e-07 1.321851250679628720e-08 1.605376453994722397e-08 1.365357515936693744e-08 1.262952196157129947e-07 1.458622875816217856e-07 3.349487798232075875e-08
1.360000000000000000e+05 1.494661546530551277e-06 1.692294517852133140e-06 2.287315794546884717e-07 2.091565676209938829e-07 5.141905603522900492e-07 3.598384523684217129e-08 2.748667604635102180e-08 9.443362536387667205e-09 1.188183702538481157e-07 1.421400526169236400e-07 2.806256738097090420e-08 1.494661546530551277e-06 1.692294517852133140e-06 2.287315794546884717e-07 2.091565676209938829e-07 5.141905603522900492e-07 3.598384523684217129e-08 2.748667604635102180e-08 9.443362536387667205e-09 1.188183702538481157e-07 1.421400526169236400e-07 2.806256738097090420e-08
1.370000000000000000e+05 7.056011099848547019e-07 1.201818463414383586e-06 7.759103226590013946e-08 7.002763879881968023e-08 3.473457468317064922e-07 1.149638517716766728e-08 1.359571921710767128e-08 8.514531302239447541e-09 1.204052324510485050e-07 1.277629451124084881e-07 3.236771517478587157e-09 7.056011099848547019e-07 1.201818463414383586e-06 7.759103226590013946e-08 7.002763879881968023e-08 3.473457468317064922e-07 1.149638517716766728e-08 1.359571921710767128e-08 8.514531302239447541e-09 1.204052324510485050e-07 1.277629451124084881e-07 3.236771517478587157e-09
1.380000000000000000e+05 7.163353075156919658e-07 1.195887648464122321e-06 7.777066457492765039e-08 6.667455920705833705e-08 3.619111339503433555e-07 1.081217515519483641e-08 1.533731364133927855e-08 1.103184832373926838e-08 1.324219454090780346e-07 1.674925158567930339e-07 5.462652552523650229e-11 7.163353075156919658e-07 1.195887648464122321e-06 7.777066457492765039e-08 6.667455920705833705e-08 3.619111339503433555e-07 1.081217515519483641e-08 1.533731364133927855e-08 1.103184832373926838e-08 1.324219454090780346e-07 1.674925158567930339e-07 5.462652552523650229e-11
1.390000000000000000e+05 3.777102847379865125e-06 5.404951934906421229e-06 1.209946958624641411e-06 1.054313429449393880e-06 5.156799716132809408e-07 2.061448434176327282e-08 1.852760433962430398e-08 3.391605574165623693e-08 1.802299607334134635e-07 1.398822746523364913e-07 1.178705133497714996e-09 3.777102847379865125e-06 5.404951934906421229e-06 1.209946958624641411e-06 1.054313429449393880e-06 5.156799716132809408e-07 2.061448434176327282e-08 1.852760433962430398e-08 3.391605574165623693e-08 1.802299607334134635e-07 1.398822746523364913e-07 1.178705133497714996e-09
1.400000000000000000e+05 4.741617431136546656e-06 1.060512749972986057e-05 7.866035048209596425e-06 1.254288417840143666e-05 2.843087486326112412e-06 1.928010959773018840e-07 4.047772677040484268e-07 6.312797040664008819e-08 1.311827162453482742e-07 1.864887479996468755e-07 4.182901648164261132e-06 4.741617431136546656e-06 1.060512749972986057e-05 7.866035048209596425e-06 1.254288417840143666e-05 2.843087486326112412e-06 1.928010959773018840e-07 4.047772677040484268e-07 6.312797040664008819e-08 1.311827162453482742e-07 1.864887479996468755e-07 4.182901648164261132e-06
1.410000000000000000e+05 2.830330231518018991e-06 4.071760486112907529e-06 1.916966311910073273e-06 1.946315705936285667e-06 4.819287937607441563e-07 6.896857485116925091e-08 1.300244178992215893e-07 5.009855996718215465e-08 1.117604995215515373e-07 2.276182868854448316e-07 7.511882245125889312e-07 2.830330231518018991e-06 4.071760486112907529e-06 1.916966311910073273e-06 1.946315705936285667e-06 4.819287937607441563e-07 6.896857485116925091e-08 1.300244178992215893e-07 5.009855996718215465e-08 1.117604995215515373e-07 2.276182868854448316e-07 7.511882245125889312e-07
1.420000000000000000e+05 3.504799224174348637e-06 1.975053692149231210e-06 1.085986468751798384e-06 2.189033693866804242e-06 2.000978383875917643e-06 8.702538423221994890e-08 6.716819456187295145e-08 3.024213768298977811e-08 3.054559272186452290e-07 2.008504367267960333e-07 9.669452083471696824e-08 3.504799224174348637e-06 1.975053692149231210e-06 1.085986468751798384e-06 2.189033693866804242e-06 2.000978383875917643e-06 8.702538423221994890e-08 6.716819456187295145e-08 3.024213768298977811e-08 3.054559272186452290e-07 2.008504367267960333e-07 9.669452083471696824e-08
1.430000000000000000e+05 6.517943802464287728e-07 1.114581209549214691e-06 6.607079683362826472e-08 5.316166706847980095e-08 3.163116559790069005e-07 1.004053995501408281e-08 1.424133433403085292e-08 1.015364325951395585e-08 9.836146830366487848e-08 1.231462078976619523e-07 2.909761320779580274e-11 6.517943802464287728e-07 1.114581209549214691e-06 6.607079683362826472e-08 5.316166706847980095e-08 3.163116559790069005e-07 1.004053995501408281e-08 1.424133433403085292e-08 1.015364325951395585e-08 9.836146830366487848e-08 1.231462078976619523e-07 2.909761320779580274e-11
1.440000000000000000e+05 6.643505912506952882e-06 1.002058706944808364e-05 9.206373761116992682e-07 1.623138928152911831e-06 8.645349225844256580e-06 2.270418519856320927e-07 2.377092869210173376e-07 1.228550985388210393e-07 6.915482231306668837e-07 3.302683921901916619e-07 2.503811380449860735e-09 6.643505912506952882e-06 1.002058706944808364e-05 9.206373761116992682e-07 1.623138928152911831e-06 8.645349225844256580e-06 2.270418519856320927e-07 2.377092869210173376e-07 1.228550985388210393e-07 6.915482231306668837e-07 3.302683921901916619e-07 2.503811380449860735e-09
1.450000000000000000e+05 2.212135768786538392e-06 2.270364575451822020e-06 4.499749763908766909e-07 7.158442940635723062e-07 5.467188657348742709e-07 2.143774224805383710e-08 1.562744245120484265e-08 2.163423218348725641e-08 1.212916629356186604e-07 1.385135419695870951e-07 3.769893197613782831e-08 2.212135768786538392e-06 2.270364575451822020e-06 4.499749763908766909e-07 7.158442940635723062e-07 5.467188657348742709e-07 2.143774224805383710e-08 1.562744245120484265e-08 2.163423218348725641e-08 1.212916629356186604e-07 1.385135419695870951e-07 3.769893197613782831e-08
1.460000000000000000e+05 6.757725827810645569e-07 1.584079427630058490e-06 4.421235075824370142e-07 7.186563379946164787e-07 2.946589461316762026e-07 1.272663485707425934e-08 1.516084680019957887e-08 9.945228640617642668e-09 1.058814760312998260e-07 1.237974061041313689e-07 1.848383561764421756e-07 6.757725827810645569e-07 1.584079427630058490e-06 4.421235075824370142e-07 7.186563379946164787e-07 2.946589461316762026e-07 1.272663485707425934e-08 1.516084680019957887e-08 9.945228640617642668e-09 1.058814760312998260e-07 1.237974061041313689e-07 1.848383561764421756e-07
1.470000000000000000e+05 8.323764291162660811e-07 1.311488290411944035e-06 2.626709374453639612e-07 4.597278859819198260e-07 4.918306331092026085e-07 1.402280158657731590e-08 1.305771490933693713e-08 1.939018012819815340e-08 1.126536943729661289e-07 1.273286471814571996e-07 6.274948560758275562e-09 8.323764291162660811e-07 1.311488290411944035e-06 2.626709374453639612e-07 4.597278859819198260e-07 4.918306331092026085e-07 1.402280158657731590e-08 1.305771490933693713e-08 1.939018012819815340e-08 1.126536943729661289e-07 1.273286471814571996e-07 6.274948560758275562e-09
1.480000000000000000e+05 6.561587042597238906e-07 1.081600998986687046e-06 7.076548769191504107e-08 5.558247195835974708e-08 3.135265842502121814e-07 1.110257663583524845e-08 1.523719994622751983e-08 8.323654654418533028e-09 1.040959460851809126e-07 1.302773853240069002e-07 2.133848653329550871e-11 6.561587042597238906e-07 1.081600998986687046e-06 7.076548769191504107e-08 5.558247195835974708e-08 3.135265842502121814e-07 1.110257663583524845e-08 1.523719994622751983e-08 8.323654654418533028e-09 1.040959460851809126e-07 1.302773853240069002e-07 2.133848653329550871e-11
1.490000000000000000e+05 5.986908604427298997e-07 1.025470737658906728e-06 7.075090024954988621e-08 8.132874995681049768e-08 2.915785159984807251e-07 1.033597207822367636e-08 1.074613020790593509e-08 8.204576573689337238e-09 9.200263662023644429e-08 1.116122376743078348e-07 2.760608630580918543e-09 5.986908604427298997e-07 1.025470737658906728e-06 7.075090024954988621e-08 8.132874995681049768e-08 2.915785159984807251e-07 1.033597207822367636e-08 1.074613020790593509e-08 8.204576573689337238e-09 9.200263662023644429e-08 1.116122376743078348e-07 2.760608630580918543e-09
1.500000000000000000e+05 1.003734951154910959e-06 1.824546188800013624e-06 2.157069332042738097e-07 2.047986072284402326e-06 4.282949532807833748e-07 1.102776181483022810e-08 2.275498189874269883e-08 4.613871595893215272e-08 1.257677126886846963e-07 1.172880601529868727e-07 1.882105635786501807e-07 1.003734951154910959e-06 1.824546188800013624e-06 2.157069332042738097e-07 2.047986072284402326e-06 4.282949532807833748e-07 1.102776181483022810e-08 2.275498189874269883e-08 4.613871595893215272e-08 1.257677126886846963e-07 1.172880601529868727e-07 1.882105635786501807e-07
