# step train_loss_terms test_loss_terms
0.000000000000000000e+00 9.911634773015975952e-02 1.343398839235305786e-01 3.661014139652252197e-02 4.194105565547943115e-01 4.377834126353263855e-02 2.245000330731272697e-03 2.771989384200423956e-04 6.682935357093811035e-02 1.465540658682584763e-02 1.250363327562808990e-02 9.911634773015975952e-02 1.343398839235305786e-01 3.661014139652252197e-02 4.194105565547943115e-01 4.377834126353263855e-02 2.245000330731272697e-03 2.771989384200423956e-04 6.682935357093811035e-02 1.465540658682584763e-02 1.250363327562808990e-02
1.000000000000000000e+03 9.138244204223155975e-04 2.558103296905755997e-03 1.676058891462162137e-04 2.399587247055023909e-04 4.644111613743007183e-04 1.166565471066860482e-05 1.457799226045608521e-05 1.883034315142140258e-06 7.026617095107212663e-05 3.843300146399997175e-05 9.138244204223155975e-04 2.558103296905755997e-03 1.676058891462162137e-04 2.399587247055023909e-04 4.644111613743007183e-04 1.166565471066860482e-05 1.457799226045608521e-05 1.883034315142140258e-06 7.026617095107212663e-05 3.843300146399997175e-05
2.000000000000000000e+03 7.950025028549134731e-04 6.632981821894645691e-04 1.420300541212782264e-04 1.760349114192649722e-04 1.085031617549248040e-04 1.343328676739474759e-05 7.107459623512113467e-06 2.594801571831339970e-06 6.278642831603065133e-05 2.867026341846212745e-05 7.950025028549134731e-04 6.632981821894645691e-04 1.420300541212782264e-04 1.760349114192649722e-04 1.085031617549248040e-04 1.343328676739474759e-05 7.107459623512113467e-06 2.594801571831339970e-06 6.278642831603065133e-05 2.867026341846212745e-05
3.000000000000000000e+03 7.292295922525227070e-04 4.775620764121413231e-04 2.002450055442750454e-04 1.608444581506773829e-04 3.165772432112134993e-05 2.457344999129418284e-05 8.970992894319351763e-06 2.279636464663781226e-05 4.895753590972162783e-05 2.043424319708719850e-05 7.292295922525227070e-04 4.775620764121413231e-04 2.002450055442750454e-04 1.608444581506773829e-04 3.165772432112134993e-05 2.457344999129418284e-05 8.970992894319351763e-06 2.279636464663781226e-05 4.895753590972162783e-05 2.043424319708719850e-05
4.000000000000000000e+03 1.065390766598284245e-03 3.695316845551133156e-04 1.008049235679209232e-03 1.403509668307378888e-04 9.690193110145628452e-05 1.048385893227532506e-04 1.740293009788729250e-05 1.670069614192470908e-04 4.658988473238423467e-05 8.295805309899151325e-05 1.065390766598284245e-03 3.695316845551133156e-04 1.008049235679209232e-03 1.403509668307378888e-04 9.690193110145628452e-05 1.048385893227532506e-04 1.740293009788729250e-05 1.670069614192470908e-04 4.658988473238423467e-05 8.295805309899151325e-05
5.000000000000000000e+03 6.036136765033006668e-04 9.386793826706707478e-04 1.817156226024962962e-05 1.943899260368198156e-04 7.565232954220846295e-05 2.440569687678362243e-06 1.344094835076248273e-05 1.242955113411881030e-05 4.865125447395257652e-05 1.441848598915385082e-05 6.036136765033006668e-04 9.386793826706707478e-04 1.817156226024962962e-05 1.943899260368198156e-04 7.565232954220846295e-05 2.440569687678362243e-06 1.344094835076248273e-05 1.242955113411881030e-05 4.865125447395257652e-05 1.441848598915385082e-05
6.000000000000000000e+03 5.410429439507424831e-04 2.454518398735672235e-04 1.693983540462795645e-05 8.990678179543465376e-05 1.127499399444786832e-05 1.484215999880689196e-06 9.044502803590148687e-06 4.101107151655014604e-06 1.274371243198402226e-05 1.014728513837326318e-05 5.410429439507424831e-04 2.454518398735672235e-04 1.693983540462795645e-05 8.990678179543465376e-05 1.127499399444786832e-05 1.484215999880689196e-06 9.044502803590148687e-06 4.101107151655014604e-06 1.274371243198402226e-05 1.014728513837326318e-05
7.000000000000000000e+03 4.550059384200721979e-04 2.434735943097621202e-04 2.016633334278594702e-05 8.175806578947231174e-05 1.338529818895040080e-05 1.575489704919164069e-06 6.178950116009218618e-06 3.945971911889500916e-06 8.798534508969169110e-06 1.325548146269284189e-05 4.550059384200721979e-04 2.434735943097621202e-04 2.016633334278594702e-05 8.175806578947231174e-05 1.338529818895040080e-05 1.575489704919164069e-06 6.178950116009218618e-06 3.945971911889500916e-06 8.798534508969169110e-06 1.325548146269284189e-05
8.000000000000000000e+03 4.170020692981779575e-04 2.446807629894465208e-04 2.387600034126080573e-05 6.700460653519257903e-05 8.821273695502895862e-06 2.221471049779211171e-06 2.243973312943126075e-06 2.287122242705663666e-06 5.867307663720566779e-06 1.021414027491118759e-05 4.170020692981779575e-04 2.446807629894465208e-04 2.387600034126080573e-05 6.700460653519257903e-05 8.821273695502895862e-06 2.221471049779211171e-06 2.243973312943126075e-06 2.287122242705663666e-06 5.867307663720566779e-06 1.021414027491118759e-05
9.000000000000000000e+03 3.666599805001169443e-04 1.761391467880457640e-04 2.344110362173523754e-05 4.871039345744065940e-05 7.770748197799548507e-06 3.287250819994369522e-06 9.361598358736955561e-07 1.896312483040674124e-06 3.624638793553458527e-06 9.435626452614087611e-06 3.666599805001169443e-04 1.761391467880457640e-04 2.344110362173523754e-05 4.871039345744065940e-05 7.770748197799548507e-06 3.287250819994369522e-06 9.361598358736955561e-07 1.896312483040674124e-06 3.624638793553458527e-06 9.435626452614087611e-06
1.000000000000000000e+04 3.473756951279938221e-04 1.774649717845022678e-04 4.166004873695783317e-05 6.226639379747211933e-05 1.573657391418237239e-05 1.020304534904425964e-05 7.604228358104592189e-06 2.156524260499281809e-06 3.837921212834771723e-06 9.728702934808097780e-06 3.473756951279938221e-04 1.774649717845022678e-04 4.166004873695783317e-05 6.226639379747211933e-05 1.573657391418237239e-05 1.020304534904425964e-05 7.604228358104592189e-06 2.156524260499281809e-06 3.837921212834771723e-06 9.728702934808097780e-06
1.100000000000000000e+04 3.314370696898549795e-04 8.125010645017027855e-04 3.091272446908988059e-05 1.179975879495032132e-04 2.528771256038453430e-05 3.592680968722561374e-06 1.734152874632854946e-06 4.765509856952121481e-06 4.499799160839756951e-06 8.749964763410389423e-06 3.314370696898549795e-04 8.125010645017027855e-04 3.091272446908988059e-05 1.179975879495032132e-04 2.528771256038453430e-05 3.592680968722561374e-06 1.734152874632854946e-06 4.765509856952121481e-06 4.499799160839756951e-06 8.749964763410389423e-06
1.200000000000000000e+04 2.608448558021336794e-04 1.510809670435264707e-04 1.251989306183531880e-05 2.332592339371331036e-05 6.232004125195089728e-06 2.016603730226051994e-06 2.516225663384830114e-07 1.017974909700569697e-06 3.031686901522334665e-06 6.005569957778789103e-06 2.608448558021336794e-04 1.510809670435264707e-04 1.251989306183531880e-05 2.332592339371331036e-05 6.232004125195089728e-06 2.016603730226051994e-06 2.516225663384830114e-07 1.017974909700569697e-06 3.031686901522334665e-06 6.005569957778789103e-06
1.300000000000000000e+04 9.873441886156797409e-04 1.809906680136919022e-04 3.025629557669162750e-04 8.578837150707840919e-05 2.132452573277987540e-05 6.883651167299831286e-06 3.518809705838066293e-07 7.345712219830602407e-06 3.082737748627550900e-05 1.272910412808414549e-05 9.873441886156797409e-04 1.809906680136919022e-04 3.025629557669162750e-04 8.578837150707840919e-05 2.132452573277987540e-05 6.883651167299831286e-06 3.518809705838066293e-07 7.345712219830602407e-06 3.082737748627550900e-05 1.272910412808414549e-05
1.400000000000000000e+04 1.548447180539369583e-04 1.460124622099101543e-04 1.354857704427558929e-05 1.177000376628711820e-05 1.519156921858666465e-05 1.961466296052094549e-06 1.184171651402721182e-05 1.132152760874305386e-06 1.255650749953929335e-05 1.835109105741139501e-05 1.548447180539369583e-04 1.460124622099101543e-04 1.354857704427558929e-05 1.177000376628711820e-05 1.519156921858666465e-05 1.961466296052094549e-06 1.184171651402721182e-05 1.132152760874305386e-06 1.255650749953929335e-05 1.835109105741139501e-05
1.500000000000000000e+04 1.457926991861313581e-04 1.361499162157997489e-04 1.216890177602181211e-05 7.758772881061304361e-06 8.037426596274599433e-06 7.981402063705900218e-07 1.514379505351826083e-06 1.856373955888557248e-06 2.869012178052798845e-06 5.057832368038361892e-06 1.457926991861313581e-04 1.361499162157997489e-04 1.216890177602181211e-05 7.758772881061304361e-06 8.037426596274599433e-06 7.981402063705900218e-07 1.514379505351826083e-06 1.856373955888557248e-06 2.869012178052798845e-06 5.057832368038361892e-06
1.600000000000000000e+04 1.652055070735514164e-04 1.476385514251887798e-04 1.614604843780398369e-04 1.236592943314462900e-04 2.321950159966945648e-05 7.432057373080169782e-06 9.279788173444103450e-06 6.826660865044686943e-06 1.072409486368997023e-05 8.298839929921086878e-06 1.652055070735514164e-04 1.476385514251887798e-04 1.614604843780398369e-04 1.236592943314462900e-04 2.321950159966945648e-05 7.432057373080169782e-06 9.279788173444103450e-06 6.826660865044686943e-06 1.072409486368997023e-05 8.298839929921086878e-06
1.700000000000000000e+04 1.133110345108434558e-04 1.202024795929901302e-04 6.067775302653899416e-06 5.198592134547652677e-06 3.855354862025706097e-06 3.498056173611985287e-07 1.469638277740159538e-07 2.768225328964035725e-07 1.109319214265269693e-06 3.463649136392632499e-06 1.133110345108434558e-04 1.202024795929901302e-04 6.067775302653899416e-06 5.198592134547652677e-06 3.855354862025706097e-06 3.498056173611985287e-07 1.469638277740159538e-07 2.768225328964035725e-07 1.109319214265269693e-06 3.463649136392632499e-06
1.800000000000000000e+04 1.143640911323018372e-04 1.130353484768420458e-04 5.523850177269196138e-06 5.061936917627463117e-06 3.757650119950994849e-06 4.472806836020026822e-07 1.744330830888429773e-07 5.845182613484212197e-07 1.333276031800778583e-06 3.093890882155392319e-06 1.143640911323018372e-04 1.130353484768420458e-04 5.523850177269196138e-06 5.061936917627463117e-06 3.757650119950994849e-06 4.472806836020026822e-07 1.744330830888429773e-07 5.845182613484212197e-07 1.333276031800778583e-06 3.093890882155392319e-06
1.900000000000000000e+04 9.513587428955361247e-05 1.082773669622838497e-04 5.014804173697484657e-06 4.773512500833021477e-06 2.824362354658660479e-06 1.162217841965684784e-07 6.183546474858303554e-08 1.946894485627126414e-07 6.564134196196391713e-07 2.635238843140541576e-06 9.513587428955361247e-05 1.082773669622838497e-04 5.014804173697484657e-06 4.773512500833021477e-06 2.824362354658660479e-06 1.162217841965684784e-07 6.183546474858303554e-08 1.946894485627126414e-07 6.564134196196391713e-07 2.635238843140541576e-06
2.000000000000000000e+04 9.354433132102712989e-05 1.016662863548845053e-04 5.404847343015717342e-06 4.605939011526061222e-06 2.894249291784944944e-06 1.368052693351273774e-07 9.156911318086713436e-08 6.134662271506385878e-07 5.348134095584100578e-07 2.861860593839082867e-06 9.354433132102712989e-05 1.016662863548845053e-04 5.404847343015717342e-06 4.605939011526061222e-06 2.894249291784944944e-06 1.368052693351273774e-07 9.156911318086713436e-08 6.134662271506385878e-07 5.348134095584100578e-07 2.861860593839082867e-06
2.100000000000000000e+04 6.814555672463029623e-05 9.576535376254469156e-05 3.994030521425884217e-06 4.721475306723732501e-06 3.680911959236254916e-06 1.863806460278283339e-07 5.979820230095356237e-07 6.880111413920531049e-07 8.529995056960615329e-07 2.779312580969417468e-06 6.814555672463029623e-05 9.576535376254469156e-05 3.994030521425884217e-06 4.721475306723732501e-06 3.680911959236254916e-06 1.863806460278283339e-07 5.979820230095356237e-07 6.880111413920531049e-07 8.529995056960615329e-07 2.779312580969417468e-06
2.200000000000000000e+04 4.376559518277645111e-04 1.218548713950440288e-04 7.076577458065003157e-05 1.056922483257949352e-04 2.094631418003700674e-05 3.736568714884924702e-06 6.602861049032071605e-07 1.164301738754147664e-05 2.275151382491458207e-05 9.780534128367435187e-06 4.376559518277645111e-04 1.218548713950440288e-04 7.076577458065003157e-05 1.056922483257949352e-04 2.094631418003700674e-05 3.736568714884924702e-06 6.602861049032071605e-07 1.164301738754147664e-05 2.275151382491458207e-05 9.780534128367435187e-06
2.300000000000000000e+04 4.931901639793068171e-05 8.836032793624326587e-05 2.906487679865676910e-06 3.703781658259686083e-06 1.475425847274891566e-06 1.040008825725635688e-07 5.011976256241723604e-08 1.141370589152757020e-07 2.256432480862713419e-07 2.181168383685871959e-06 4.931901639793068171e-05 8.836032793624326587e-05 2.906487679865676910e-06 3.703781658259686083e-06 1.475425847274891566e-06 1.040008825725635688e-07 5.011976256241723604e-08 1.141370589152757020e-07 2.256432480862713419e-07 2.181168383685871959e-06
2.400000000000000000e+04 4.431434354046359658e-05 8.543178410036489367e-05 2.846407369361259043e-06 3.471611080385628156e-06 1.845187398430425674e-06 9.398620903766641277e-08 1.021997277916852909e-07 1.990008513530483469e-07 3.237888961393764475e-07 1.951115336851216853e-06 4.431434354046359658e-05 8.543178410036489367e-05 2.846407369361259043e-06 3.471611080385628156e-06 1.845187398430425674e-06 9.398620903766641277e-08 1.021997277916852909e-07 1.990008513530483469e-07 3.237888961393764475e-07 1.951115336851216853e-06
2.500000000000000000e+04 3.745894355233758688e-05 8.601231093052774668e-05 3.132118763460312039e-06 4.511408860707888380e-06 1.401921167598629836e-06 1.694360634019176359e-07 5.932868063496243849e-08 1.149072517137028626e-07 4.922789571537578013e-07 1.700465873000212014e-06 3.745894355233758688e-05 8.601231093052774668e-05 3.132118763460312039e-06 4.511408860707888380e-06 1.401921167598629836e-06 1.694360634019176359e-07 5.932868063496243849e-08 1.149072517137028626e-07 4.922789571537578013e-07 1.700465873000212014e-06
2.600000000000000000e+04 3.162084976793266833e-05 7.994977204361930490e-05 2.127138031937647611e-06 2.877042106774752028e-06 1.095579136745072901e-06 1.120779344887523621e-07 5.497799548948023585e-08 1.135248339778627269e-07 1.633408572843109141e-07 1.683070649960427545e-06 3.162084976793266833e-05 7.994977204361930490e-05 2.127138031937647611e-06 2.877042106774752028e-06 1.095579136745072901e-06 1.120779344887523621e-07 5.497799548948023585e-08 1.135248339778627269e-07 1.633408572843109141e-07 1.683070649960427545e-06
2.700000000000000000e+04 3.602545621106401086e-05 8.912885095924139023e-05 2.440989419483230449e-06 3.543116463333717547e-06 1.614052393961173948e-06 2.016682145722370478e-07 7.613211039370071376e-08 1.014547379440955410e-07 1.384546521876472980e-07 1.624360493224230595e-06 3.602545621106401086e-05 8.912885095924139023e-05 2.440989419483230449e-06 3.543116463333717547e-06 1.614052393961173948e-06 2.016682145722370478e-07 7.613211039370071376e-08 1.014547379440955410e-07 1.384546521876472980e-07 1.624360493224230595e-06
2.800000000000000000e+04 2.615157427499070764e-05 1.730002113617956638e-04 3.563240852599847130e-06 1.977906504180282354e-05 1.391888054058654234e-05 1.275365207220602315e-06 6.606701845157658681e-06 5.898590984543261584e-07 2.384440904279472306e-06 3.479269253148231655e-06 2.615157427499070764e-05 1.730002113617956638e-04 3.563240852599847130e-06 1.977906504180282354e-05 1.391888054058654234e-05 1.275365207220602315e-06 6.606701845157658681e-06 5.898590984543261584e-07 2.384440904279472306e-06 3.479269253148231655e-06
2.900000000000000000e+04 5.719209366361610591e-05 7.193333294708281755e-05 4.100897513126255944e-06 3.854358055832562968e-06 2.184213008149527013e-05 2.387839231232646853e-06 5.445333499665139243e-06 7.184670494098099880e-07 4.196666395728243515e-06 4.826461008633486927e-06 5.719209366361610591e-05 7.193333294708281755e-05 4.100897513126255944e-06 3.854358055832562968e-06 2.184213008149527013e-05 2.387839231232646853e-06 5.445333499665139243e-06 7.184670494098099880e-07 4.196666395728243515e-06 4.826461008633486927e-06
3.000000000000000000e+04 2.125866922142449766e-05 6.850583304185420275e-05 1.940033598657464609e-06 2.295827471243683249e-06 2.431181883366662078e-06 2.383100081715383567e-07 3.622229485245043179e-07 1.698437301911326358e-07 3.834503559119184501e-07 1.665298668740433641e-06 2.125866922142449766e-05 6.850583304185420275e-05 1.940033598657464609e-06 2.295827471243683249e-06 2.431181883366662078e-06 2.383100081715383567e-07 3.622229485245043179e-07 1.698437301911326358e-07 3.834503559119184501e-07 1.665298668740433641e-06
3.100000000000000000e+04 1.893874286906793714e-05 6.166546518215909600e-05 1.358506665383174550e-06 1.760993541211064439e-06 9.941555845216498710e-07 1.290312923174496973e-07 8.692665431908608298e-08 1.118902019925371860e-07 9.714614179756608792e-08 1.261930265172850341e-06 1.893874286906793714e-05 6.166546518215909600e-05 1.358506665383174550e-06 1.760993541211064439e-06 9.941555845216498710e-07 1.290312923174496973e-07 8.692665431908608298e-08 1.118902019925371860e-07 9.714614179756608792e-08 1.261930265172850341e-06
3.200000000000000000e+04 1.702370354905724525e-05 8.600272849434986711e-05 1.445802013222419191e-06 3.252969236200442538e-06 1.545000941405305639e-06 1.839653407387231709e-07 3.892337190336547792e-07 5.822531079502368812e-08 3.371824561781977536e-07 1.580756361363455653e-06 1.702370354905724525e-05 8.600272849434986711e-05 1.445802013222419191e-06 3.252969236200442538e-06 1.545000941405305639e-06 1.839653407387231709e-07 3.892337190336547792e-07 5.822531079502368812e-08 3.371824561781977536e-07 1.580756361363455653e-06
3.300000000000000000e+04 1.611381594557315111e-05 5.803936801385134459e-05 1.476654233556473628e-06 1.989672000490827486e-06 1.220037347593461163e-06 9.994353433739888715e-08 1.970807232964943978e-07 1.191333112160464225e-07 2.372319443111337023e-07 1.182773416985583026e-06 1.611381594557315111e-05 5.803936801385134459e-05 1.476654233556473628e-06 1.989672000490827486e-06 1.220037347593461163e-06 9.994353433739888715e-08 1.970807232964943978e-07 1.191333112160464225e-07 2.372319443111337023e-07 1.182773416985583026e-06
3.400000000000000000e+04 2.413211404928006232e-05 4.554817496682517231e-05 2.248488044642726891e-06 1.672972075539291836e-06 1.211564267578069121e-06 2.211458394185683574e-07 1.222193333205723320e-07 1.807796081720880466e-07 7.041282401587523054e-08 1.049119418894406408e-06 2.413211404928006232e-05 4.554817496682517231e-05 2.248488044642726891e-06 1.672972075539291836e-06 1.211564267578069121e-06 2.211458394185683574e-07 1.222193333205723320e-07 1.807796081720880466e-07 7.041282401587523054e-08 1.049119418894406408e-06
3.500000000000000000e+04 1.478808553656563163e-05 1.250216155312955379e-04 1.324566937910276465e-06 1.162855824077269062e-05 2.853725845852750354e-06 1.816150927425042028e-07 2.451613681841990910e-06 1.349500280412030406e-07 5.976521606498863548e-07 1.980536353585193865e-06 1.478808553656563163e-05 1.250216155312955379e-04 1.324566937910276465e-06 1.162855824077269062e-05 2.853725845852750354e-06 1.816150927425042028e-07 2.451613681841990910e-06 1.349500280412030406e-07 5.976521606498863548e-07 1.980536353585193865e-06
3.600000000000000000e+04 1.998236257350072265e-05 3.542850390658713877e-05 3.067121042477083392e-06 1.645267047933884896e-06 1.290814793719619047e-06 1.326114755784146837e-07 4.284100327822670806e-07 4.174167855808263994e-08 4.016307570964272600e-07 1.224802190336049534e-06 1.998236257350072265e-05 3.542850390658713877e-05 3.067121042477083392e-06 1.645267047933884896e-06 1.290814793719619047e-06 1.326114755784146837e-07 4.284100327822670806e-07 4.174167855808263994e-08 4.016307570964272600e-07 1.224802190336049534e-06
3.700000000000000000e+04 1.302668806602014229e-05 3.563554128049872816e-05 1.022583205667615402e-06 1.876975829873117618e-06 1.159744556389341597e-06 2.085140806684648851e-07 1.341958153489031247e-07 2.518231845272111968e-08 1.130477826905007532e-07 9.316013347415719181e-07 1.302668806602014229e-05 3.563554128049872816e-05 1.022583205667615402e-06 1.876975829873117618e-06 1.159744556389341597e-06 2.085140806684648851e-07 1.341958153489031247e-07 2.518231845272111968e-08 1.130477826905007532e-07 9.316013347415719181e-07
3.800000000000000000e+04 1.531804628029931337e-05 3.182113869115710258e-05 3.092370889135054313e-06 1.811438892218575347e-06 2.059631879092194140e-05 2.263763690280029550e-06 3.087387767664040439e-06 6.726650667587819044e-07 3.567586190911242738e-06 2.152894467144506052e-06 1.531804628029931337e-05 3.182113869115710258e-05 3.092370889135054313e-06 1.811438892218575347e-06 2.059631879092194140e-05 2.263763690280029550e-06 3.087387767664040439e-06 6.726650667587819044e-07 3.567586190911242738e-06 2.152894467144506052e-06
3.900000000000000000e+04 2.150007821910548955e-05 2.876227154047228396e-05 5.042794782639248297e-06 1.713787810331268702e-06 4.193006589048309252e-06 9.461753620598756243e-07 8.381657039535639342e-07 1.162477047955690068e-07 1.037801553138706367e-06 1.206724164148909040e-06 2.150007821910548955e-05 2.876227154047228396e-05 5.042794782639248297e-06 1.713787810331268702e-06 4.193006589048309252e-06 9.461753620598756243e-07 8.381657039535639342e-07 1.162477047955690068e-07 1.037801553138706367e-06 1.206724164148909040e-06
4.000000000000000000e+04 1.079187586583429947e-05 2.432652217976283282e-05 1.454740072404092643e-06 1.428679638593166601e-06 1.175121042251703329e-06 1.483173122096559382e-07 1.373862232867395505e-07 1.207886839438288007e-07 7.043053784627772984e-08 8.590229754190659150e-07 1.079187586583429947e-05 2.432652217976283282e-05 1.454740072404092643e-06 1.428679638593166601e-06 1.175121042251703329e-06 1.483173122096559382e-07 1.373862232867395505e-07 1.207886839438288007e-07 7.043053784627772984e-08 8.590229754190659150e-07
4.100000000000000000e+04 1.471771247452124953e-05 3.430407014093361795e-05 5.876077466382412240e-06 4.518312834989046678e-06 6.953503998374799266e-06 5.897500727769511286e-07 4.692591630828246707e-07 8.857326179168012459e-07 4.885215503236395307e-07 8.694779012330400292e-07 1.471771247452124953e-05 3.430407014093361795e-05 5.876077466382412240e-06 4.518312834989046678e-06 6.953503998374799266e-06 5.897500727769511286e-07 4.692591630828246707e-07 8.857326179168012459e-07 4.885215503236395307e-07 8.694779012330400292e-07
4.200000000000000000e+04 1.739630715746898204e-05 2.279150794493034482e-05 5.935205535934073851e-06 8.785636055108625442e-06 2.789000518532702699e-06 1.265644755221728701e-06 5.322316951605898794e-07 1.160695290991498041e-07 6.199517770255624782e-07 1.041624955178122036e-06 1.739630715746898204e-05 2.279150794493034482e-05 5.935205535934073851e-06 8.785636055108625442e-06 2.789000518532702699e-06 1.265644755221728701e-06 5.322316951605898794e-07 1.160695290991498041e-07 6.199517770255624782e-07 1.041624955178122036e-06
4.300000000000000000e+04 1.708420131762977690e-05 2.432582368783187121e-05 1.560457349114585668e-06 3.809988356806570664e-06 1.166361357718415093e-06 2.315726845836252323e-07 3.387960987311089411e-07 2.902038716001698049e-07 8.368664339286624454e-08 8.385709406866226345e-07 1.708420131762977690e-05 2.432582368783187121e-05 1.560457349114585668e-06 3.809988356806570664e-06 1.166361357718415093e-06 2.315726845836252323e-07 3.387960987311089411e-07 2.902038716001698049e-07 8.368664339286624454e-08 8.385709406866226345e-07
4.400000000000000000e+04 7.977161658345721662e-06 2.401358142378740013e-05 7.205935617093928158e-07 2.154477215299266391e-06 1.217056137647887226e-06 3.457616628566029249e-07 4.742632881971076131e-07 1.285310275989104412e-07 1.398708064925813233e-07 9.890914043353404850e-07 7.977161658345721662e-06 2.401358142378740013e-05 7.205935617093928158e-07 2.154477215299266391e-06 1.217056137647887226e-06 3.457616628566029249e-07 4.742632881971076131e-07 1.285310275989104412e-07 1.398708064925813233e-07 9.890914043353404850e-07
4.500000000000000000e+04 7.457525498466566205e-05 8.382862142752856016e-05 5.052306732977740467e-06 2.772490461211418733e-06 5.238277663011103868e-05 3.271305104135535657e-06 5.494343440659577027e-06 4.097387318324763328e-06 7.265498425113037229e-06 3.958911747758975253e-06 7.457525498466566205e-05 8.382862142752856016e-05 5.052306732977740467e-06 2.772490461211418733e-06 5.238277663011103868e-05 3.271305104135535657e-06 5.494343440659577027e-06 4.097387318324763328e-06 7.265498425113037229e-06 3.958911747758975253e-06
4.600000000000000000e+04 9.157263775705359876e-06 6.244845280889421701e-05 1.164239733952854294e-06 4.834378614759771153e-06 3.510800979711348191e-06 4.040498424728866667e-07 3.444589253831509268e-07 1.146117014627634489e-07 1.479760385336703621e-07 7.214725883386563510e-07 9.157263775705359876e-06 6.244845280889421701e-05 1.164239733952854294e-06 4.834378614759771153e-06 3.510800979711348191e-06 4.040498424728866667e-07 3.444589253831509268e-07 1.146117014627634489e-07 1.479760385336703621e-07 7.214725883386563510e-07
4.700000000000000000e+04 6.766231763322139159e-06 1.724364847177639604e-05 6.589967824766063131e-07 9.281376378567074426e-07 3.064431439270265400e-06 4.252240728419565130e-07 2.569034336374897975e-07 6.200483682050617062e-08 4.391673655845806934e-07 7.375869017778313719e-07 6.766231763322139159e-06 1.724364847177639604e-05 6.589967824766063131e-07 9.281376378567074426e-07 3.064431439270265400e-06 4.252240728419565130e-07 2.569034336374897975e-07 6.200483682050617062e-08 4.391673655845806934e-07 7.375869017778313719e-07
4.800000000000000000e+04 2.047809903160668910e-05 5.392955426941625774e-05 2.247507154606864788e-06 4.204460765322437510e-06 4.344366516306763515e-06 6.599181006095022894e-07 2.673634753591613844e-07 6.159045540243823780e-08 1.014190502246492542e-06 9.227743476003524847e-07 2.047809903160668910e-05 5.392955426941625774e-05 2.247507154606864788e-06 4.204460765322437510e-06 4.344366516306763515e-06 6.599181006095022894e-07 2.673634753591613844e-07 6.159045540243823780e-08 1.014190502246492542e-06 9.227743476003524847e-07
4.900000000000000000e+04 9.694235814095009118e-06 1.886242898763157427e-05 2.235391320937196724e-06 3.334689381517819129e-06 3.022766122739994898e-06 2.297750370416906662e-06 2.006580928082257742e-07 3.734236884156416636e-07 3.082286070821282919e-07 1.139755113399587572e-06 9.694235814095009118e-06 1.886242898763157427e-05 2.235391320937196724e-06 3.334689381517819129e-06 3.022766122739994898e-06 2.297750370416906662e-06 2.006580928082257742e-07 3.734236884156416636e-07 3.082286070821282919e-07 1.139755113399587572e-06
5.000000000000000000e+04 1.514985524408984929e-05 4.626612280844710767e-05 1.578179035277571529e-05 1.606704427103977650e-05 2.650460601216764189e-06 5.745707767346175388e-07 2.161032170988619328e-07 8.116408594105450902e-07 1.923185209307121113e-06 1.234489218404632993e-06 1.514985524408984929e-05 4.626612280844710767e-05 1.578179035277571529e-05 1.606704427103977650e-05 2.650460601216764189e-06 5.745707767346175388e-07 2.161032170988619328e-07 8.116408594105450902e-07 1.923185209307121113e-06 1.234489218404632993e-06
5.100000000000000000e+04 5.422698905022116378e-06 1.423121102561708540e-05 6.253156357161060441e-07 7.033343649709422607e-07 1.472945996283669956e-06 1.687466948396831867e-07 1.026944715931676910e-07 5.713357964509668818e-08 2.266981056209260714e-07 6.286708185143652372e-07 5.422698905022116378e-06 1.423121102561708540e-05 6.253156357161060441e-07 7.033343649709422607e-07 1.472945996283669956e-06 1.687466948396831867e-07 1.026944715931676910e-07 5.713357964509668818e-08 2.266981056209260714e-07 6.286708185143652372e-07
5.200000000000000000e+04 1.052129664458334446e-05 6.070024392101913691e-05 3.210446720913751051e-06 1.039054131979355589e-05 2.241420042992103845e-05 5.955392339274112601e-07 1.382555865347967483e-06 2.439623585814842954e-06 1.054665631272655446e-06 1.693197418717318214e-06 1.052129664458334446e-05 6.070024392101913691e-05 3.210446720913751051e-06 1.039054131979355589e-05 2.241420042992103845e-05 5.955392339274112601e-07 1.382555865347967483e-06 2.439623585814842954e-06 1.054665631272655446e-06 1.693197418717318214e-06
5.300000000000000000e+04 1.777168108674231917e-05 1.142593464464880526e-04 6.488881354016484693e-06 1.606060868653003126e-05 5.005060302210040390e-06 4.618088951247045770e-07 2.067447667286614887e-06 1.985703761420154478e-07 3.424622434522461845e-07 1.090490059141302481e-06 1.777168108674231917e-05 1.142593464464880526e-04 6.488881354016484693e-06 1.606060868653003126e-05 5.005060302210040390e-06 4.618088951247045770e-07 2.067447667286614887e-06 1.985703761420154478e-07 3.424622434522461845e-07 1.090490059141302481e-06
5.400000000000000000e+04 5.899414645682554692e-06 5.693825005437247455e-05 1.882722017398918979e-06 4.171122327534249052e-06 2.136171588063007221e-06 6.998892331466777250e-06 9.916998351400252432e-07 5.512230018211994320e-06 2.883614911297627259e-07 3.556197725629317574e-06 5.899414645682554692e-06 5.693825005437247455e-05 1.882722017398918979e-06 4.171122327534249052e-06 2.136171588063007221e-06 6.998892331466777250e-06 9.916998351400252432e-07 5.512230018211994320e-06 2.883614911297627259e-07 3.556197725629317574e-06
5.500000000000000000e+04 7.714175444561988115e-05 8.103289292193949223e-05 9.912503628584090620e-06 7.805888344591949135e-06 7.649673534615430981e-06 2.206672206739312969e-06 2.400956020665034885e-07 4.420157040385674918e-07 4.193262839180533774e-07 1.438946583220968023e-06 7.714175444561988115e-05 8.103289292193949223e-05 9.912503628584090620e-06 7.805888344591949135e-06 7.649673534615430981e-06 2.206672206739312969e-06 2.400956020665034885e-07 4.420157040385674918e-07 4.193262839180533774e-07 1.438946583220968023e-06
5.600000000000000000e+04 7.006743544479832053e-05 4.334214099799282849e-05 5.929249255132162943e-06 8.315101695188786834e-06 1.255650295206578448e-05 1.489983390001725638e-07 1.080724700841528829e-06 2.334677674298291095e-06 4.226285000186180696e-06 2.240176854684250429e-06 7.006743544479832053e-05 4.334214099799282849e-05 5.929249255132162943e-06 8.315101695188786834e-06 1.255650295206578448e-05 1.489983390001725638e-07 1.080724700841528829e-06 2.334677674298291095e-06 4.226285000186180696e-06 2.240176854684250429e-06
5.700000000000000000e+04 5.680067715729819611e-06 1.890616658783983439e-05 2.886846459659864195e-06 4.001843080914113671e-06 2.539619117669644766e-06 4.101427748537389562e-07 5.846860631208983250e-07 6.974529043191068922e-08 1.226046890678844647e-07 8.717689183868060354e-07 5.680067715729819611e-06 1.890616658783983439e-05 2.886846459659864195e-06 4.001843080914113671e-06 2.539619117669644766e-06 4.101427748537389562e-07 5.846860631208983250e-07 6.974529043191068922e-08 1.226046890678844647e-07 8.717689183868060354e-07
5.800000000000000000e+04 9.509618394076824188e-06 5.488667738973163068e-05 2.270859567943261936e-06 6.461760676756966859e-06 5.108385266794357449e-06 5.317732529874774627e-07 2.429189180475077592e-06 9.344724105631030397e-08 1.144310999734443612e-06 1.422585114596586209e-06 9.509618394076824188e-06 5.488667738973163068e-05 2.270859567943261936e-06 6.461760676756966859e-06 5.108385266794357449e-06 5.317732529874774627e-07 2.429189180475077592e-06 9.344724105631030397e-08 1.144310999734443612e-06 1.422585114596586209e-06
5.900000000000000000e+04 5.412196969700744376e-06 2.921019586210604757e-05 9.755652854437357746e-07 2.768702643152209930e-06 1.344153361060307361e-06 1.262267090851310058e-07 2.839708486135350540e-07 2.713452396108095854e-08 6.203586622177681420e-08 6.364795126501121558e-07 5.412196969700744376e-06 2.921019586210604757e-05 9.755652854437357746e-07 2.768702643152209930e-06 1.344153361060307361e-06 1.262267090851310058e-07 2.839708486135350540e-07 2.713452396108095854e-08 6.203586622177681420e-08 6.364795126501121558e-07
6.000000000000000000e+04 8.274741958302911371e-06 2.577090526756364852e-05 1.261660713680612389e-06 3.325139687149203382e-06 3.002508492500055581e-06 1.406385621294248267e-07 2.498642004411522066e-07 6.252450930332997814e-07 1.425157307721747202e-07 8.153028261403960641e-07 8.274741958302911371e-06 2.577090526756364852e-05 1.261660713680612389e-06 3.325139687149203382e-06 3.002508492500055581e-06 1.406385621294248267e-07 2.498642004411522066e-07 6.252450930332997814e-07 1.425157307721747202e-07 8.153028261403960641e-07
6.100000000000000000e+04 1.856723247328773141e-05 1.699108543107286096e-05 1.845078941187239252e-06 2.438603587506804615e-06 1.287502527702599764e-06 2.955269451376807410e-07 3.949076869957934832e-07 1.391901776059967233e-07 6.981920108728445484e-08 7.002487336649210192e-07 1.856723247328773141e-05 1.699108543107286096e-05 1.845078941187239252e-06 2.438603587506804615e-06 1.287502527702599764e-06 2.955269451376807410e-07 3.949076869957934832e-07 1.391901776059967233e-07 6.981920108728445484e-08 7.002487336649210192e-07
6.200000000000000000e+04 3.703557467815699056e-06 1.474396867706673220e-05 6.419513738364912570e-07 7.172275218181312084e-07 8.388992682739626616e-07 4.536299513802077854e-07 7.217152386829184252e-08 2.208477951626264257e-07 1.107084628415577754e-07 6.819842042204982135e-07 3.703557467815699056e-06 1.474396867706673220e-05 6.419513738364912570e-07 7.172275218181312084e-07 8.388992682739626616e-07 4.536299513802077854e-07 7.217152386829184252e-08 2.208477951626264257e-07 1.107084628415577754e-07 6.819842042204982135e-07
6.300000000000000000e+04 3.653272869996726513e-06 1.633832471270579845e-05 7.013980507508676965e-07 1.758316898303746711e-06 2.926838533312547952e-06 1.592676568407114246e-07 1.653070512475096621e-06 1.508687006435138755e-07 1.081839968719577882e-06 1.380808726025861688e-06 3.653272869996726513e-06 1.633832471270579845e-05 7.013980507508676965e-07 1.758316898303746711e-06 2.926838533312547952e-06 1.592676568407114246e-07 1.653070512475096621e-06 1.508687006435138755e-07 1.081839968719577882e-06 1.380808726025861688e-06
6.400000000000000000e+04 9.998799214372411370e-06 2.097353535646107048e-05 5.895600679650669917e-06 1.064443767972989008e-05 7.395059583359397948e-06 3.316930019536812324e-07 1.248994635716371704e-06 2.345734174014069140e-06 4.693133917044178816e-07 1.401955387336784042e-06 9.998799214372411370e-06 2.097353535646107048e-05 5.895600679650669917e-06 1.064443767972989008e-05 7.395059583359397948e-06 3.316930019536812324e-07 1.248994635716371704e-06 2.345734174014069140e-06 4.693133917044178816e-07 1.401955387336784042e-06
6.500000000000000000e+04 7.248617293953429908e-06 2.936640339612495154e-05 6.526569904963253066e-06 1.055799202731577680e-05 1.019572209770558402e-06 2.280416140365559841e-07 2.905135261244140565e-07 1.350995404436616809e-07 4.952459562446165364e-07 7.154593504310469143e-07 7.248617293953429908e-06 2.936640339612495154e-05 6.526569904963253066e-06 1.055799202731577680e-05 1.019572209770558402e-06 2.280416140365559841e-07 2.905135261244140565e-07 1.350995404436616809e-07 4.952459562446165364e-07 7.154593504310469143e-07
6.600000000000000000e+04 5.241684448265004903e-06 2.610576666484121233e-05 7.448894052686227951e-07 1.531535076537693385e-06 1.111320329982845578e-06 1.207040867257092032e-07 4.022120378976978827e-07 2.594737091854426581e-09 7.604050438203557860e-07 7.573377729386265855e-07 5.241684448265004903e-06 2.610576666484121233e-05 7.448894052686227951e-07 1.531535076537693385e-06 1.111320329982845578e-06 1.207040867257092032e-07 4.022120378976978827e-07 2.594737091854426581e-09 7.604050438203557860e-07 7.573377729386265855e-07
6.700000000000000000e+04 1.303758290305268019e-05 3.685059709823690355e-05 1.221424008690519258e-05 2.027398477366659790e-05 9.328559826826676726e-07 3.586432342217449332e-07 1.702171402939711697e-06 4.213791839902114589e-07 2.018781799506541574e-07 1.061551301972940564e-06 1.303758290305268019e-05 3.685059709823690355e-05 1.221424008690519258e-05 2.027398477366659790e-05 9.328559826826676726e-07 3.586432342217449332e-07 1.702171402939711697e-06 4.213791839902114589e-07 2.018781799506541574e-07 1.061551301972940564e-06
6.800000000000000000e+04 1.747400710883084685e-05 2.358568781346548349e-05 2.395768206042703241e-06 2.839203034454840235e-06 4.465901838557329029e-06 4.599051521836372558e-07 3.664555379145895131e-07 1.935464766233963019e-08 1.204477257488179021e-06 9.373417242386494763e-07 1.747400710883084685e-05 2.358568781346548349e-05 2.395768206042703241e-06 2.839203034454840235e-06 4.465901838557329029e-06 4.599051521836372558e-07 3.664555379145895131e-07 1.935464766233963019e-08 1.204477257488179021e-06 9.373417242386494763e-07
6.900000000000000000e+04 2.471724474162328988e-05 1.972924474102910608e-05 2.991243718497571535e-06 1.175933334707224276e-06 1.923264608194585890e-05 6.028296866134041920e-07 7.980214036251709331e-07 1.506429839537304360e-06 1.102094188354385551e-06 1.296722757615498267e-06 2.471724474162328988e-05 1.972924474102910608e-05 2.991243718497571535e-06 1.175933334707224276e-06 1.923264608194585890e-05 6.028296866134041920e-07 7.980214036251709331e-07 1.506429839537304360e-06 1.102094188354385551e-06 1.296722757615498267e-06
7.000000000000000000e+04 3.618950358941219747e-06 2.440655953250825405e-05 5.309666448738425970e-07 1.541781216474191751e-06 5.589447937381919473e-06 9.278127777179179247e-07 8.113306648738216609e-07 2.042737712315556564e-08 9.536688594380393624e-07 1.114926476475375239e-06 3.618950358941219747e-06 2.440655953250825405e-05 5.309666448738425970e-07 1.541781216474191751e-06 5.589447937381919473e-06 9.278127777179179247e-07 8.113306648738216609e-07 2.042737712315556564e-08 9.536688594380393624e-07 1.114926476475375239e-06
7.100000000000000000e+04 1.726846676319837570e-05 1.085581698134774342e-05 4.425106453709304333e-06 6.415630650735693052e-06 1.071250721906835679e-06 2.652679143011482665e-07 1.032785448273898510e-07 1.252374346449869336e-07 6.639282901232945733e-07 5.961230726825306192e-07 1.726846676319837570e-05 1.085581698134774342e-05 4.425106453709304333e-06 6.415630650735693052e-06 1.071250721906835679e-06 2.652679143011482665e-07 1.032785448273898510e-07 1.252374346449869336e-07 6.639282901232945733e-07 5.961230726825306192e-07
7.200000000000000000e+04 1.121639525081263855e-05 1.019466981233563274e-05 2.696589490369660780e-06 4.981732672604266554e-06 8.464662073492945638e-07 2.013460260741339880e-07 2.045711511300396523e-07 1.576526216240381473e-07 2.255212763202507631e-07 5.644204748023184948e-07 1.121639525081263855e-05 1.019466981233563274e-05 2.696589490369660780e-06 4.981732672604266554e-06 8.464662073492945638e-07 2.013460260741339880e-07 2.045711511300396523e-07 1.576526216240381473e-07 2.255212763202507631e-07 5.644204748023184948e-07
7.300000000000000000e+04 4.555695340968668461e-06 1.298132156080100685e-05 3.563837253750534728e-06 3.250194367865333334e-06 1.916093424370046705e-06 3.522414715462218737e-07 1.196901138200701098e-07 7.100055654518655501e-08 2.924567183981707785e-07 4.165168832059862325e-07 4.555695340968668461e-06 1.298132156080100685e-05 3.563837253750534728e-06 3.250194367865333334e-06 1.916093424370046705e-06 3.522414715462218737e-07 1.196901138200701098e-07 7.100055654518655501e-08 2.924567183981707785e-07 4.165168832059862325e-07
7.400000000000000000e+04 9.251615665561985224e-06 2.072970528388395905e-05 7.139590707083698362e-06 9.562913874106016010e-06 3.273426500527421013e-06 4.490563298986671725e-07 9.733678325574146584e-07 1.815217984812989016e-07 1.957198776381119387e-07 8.152484838319651317e-07 9.251615665561985224e-06 2.072970528388395905e-05 7.139590707083698362e-06 9.562913874106016010e-06 3.273426500527421013e-06 4.490563298986671725e-07 9.733678325574146584e-07 1.815217984812989016e-07 1.957198776381119387e-07 8.152484838319651317e-07
7.500000000000000000e+04 3.135511724394746125e-05 3.256068157497793436e-05 3.230499351047910750e-05 3.845189348794519901e-05 6.874551218061242253e-06 7.427988180097599979e-07 4.694335018484707689e-07 5.438578227767720819e-07 9.579438483342528343e-06 3.148831638100091368e-06 3.135511724394746125e-05 3.256068157497793436e-05 3.230499351047910750e-05 3.845189348794519901e-05 6.874551218061242253e-06 7.427988180097599979e-07 4.694335018484707689e-07 5.438578227767720819e-07 9.579438483342528343e-06 3.148831638100091368e-06
7.600000000000000000e+04 2.663716259121429175e-06 8.842857823765370995e-06 7.800040862093737815e-07 6.524455216094793286e-07 1.673467181717569474e-06 2.829925449532311177e-07 1.115090455527933955e-07 1.958803785839791090e-08 1.365338704317764495e-07 3.998570150542946067e-07 2.663716259121429175e-06 8.842857823765370995e-06 7.800040862093737815e-07 6.524455216094793286e-07 1.673467181717569474e-06 2.829925449532311177e-07 1.115090455527933955e-07 1.958803785839791090e-08 1.365338704317764495e-07 3.998570150542946067e-07
7.700000000000000000e+04 3.778338623305899091e-06 1.160623560281237587e-05 2.631598590596695431e-06 2.092776185236289166e-06 4.046703907079063356e-06 3.714063439019810176e-07 1.032914624943259696e-07 2.479370095898048021e-07 4.190554818706004880e-07 4.069851513577305013e-07 3.778338623305899091e-06 1.160623560281237587e-05 2.631598590596695431e-06 2.092776185236289166e-06 4.046703907079063356e-06 3.714063439019810176e-07 1.032914624943259696e-07 2.479370095898048021e-07 4.190554818706004880e-07 4.069851513577305013e-07
7.800000000000000000e+04 2.956256503239274025e-05 1.450117724743904546e-05 3.537051270541269332e-06 4.237497705616988242e-06 9.533089723845478147e-06 3.122117050224915147e-06 1.738275045681803022e-06 3.221865370051091304e-07 8.311594683618750423e-07 1.445665930077666417e-06 2.956256503239274025e-05 1.450117724743904546e-05 3.537051270541269332e-06 4.237497705616988242e-06 9.533089723845478147e-06 3.122117050224915147e-06 1.738275045681803022e-06 3.221865370051091304e-07 8.311594683618750423e-07 1.445665930077666417e-06
7.900000000000000000e+04 6.348067472572438419e-06 1.148332376033067703e-05 4.758674549520947039e-06 4.174485184194054455e-06 2.765029876172775403e-06 3.744198409094678937e-07 2.874557765153440414e-07 1.433268153050448745e-07 2.510477372652530903e-07 4.032409037790785078e-07 6.348067472572438419e-06 1.148332376033067703e-05 4.758674549520947039e-06 4.174485184194054455e-06 2.765029876172775403e-06 3.744198409094678937e-07 2.874557765153440414e-07 1.433268153050448745e-07 2.510477372652530903e-07 4.032409037790785078e-07
8.000000000000000000e+04 2.466870682837907225e-06 7.448064479831373319e-06 5.223154175837407820e-07 4.055866895669169025e-07 3.617509037212585099e-06 6.861233146082668100e-07 3.326325099806126673e-07 6.862062473800278894e-09 4.224408769459842006e-07 6.585174219253531191e-07 2.466870682837907225e-06 7.448064479831373319e-06 5.223154175837407820e-07 4.055866895669169025e-07 3.617509037212585099e-06 6.861233146082668100e-07 3.326325099806126673e-07 6.862062473800278894e-09 4.224408769459842006e-07 6.585174219253531191e-07
8.100000000000000000e+04 9.662133379606530070e-06 3.100182584603317082e-05 4.131002697249641642e-06 3.247515451221261173e-06 1.281571258004987612e-06 2.633721578604308888e-07 3.318594394841056783e-07 3.527636636135866866e-07 1.449916908313753083e-06 8.788247214397415519e-07 9.662133379606530070e-06 3.100182584603317082e-05 4.131002697249641642e-06 3.247515451221261173e-06 1.281571258004987612e-06 2.633721578604308888e-07 3.318594394841056783e-07 3.527636636135866866e-07 1.449916908313753083e-06 8.788247214397415519e-07
8.200000000000000000e+04 2.133097950718365610e-06 6.240117272682255134e-06 4.525815313627390424e-07 3.294377677320881048e-07 7.333691769417782780e-07 9.425698266340987175e-08 6.113937445206829580e-08 5.872148989283232368e-09 1.625853940367960604e-07 3.795312011334317503e-07 2.133097950718365610e-06 6.240117272682255134e-06 4.525815313627390424e-07 3.294377677320881048e-07 7.333691769417782780e-07 9.425698266340987175e-08 6.113937445206829580e-08 5.872148989283232368e-09 1.625853940367960604e-07 3.795312011334317503e-07
8.300000000000000000e+04 1.531923953734803945e-05 1.041699761117342860e-05 3.503515472402796149e-06 3.760817207876243629e-06 4.710506800620350987e-06 1.372709107272385154e-06 1.664905425968754571e-06 1.085714274040583405e-07 7.165006081777391955e-07 1.102973101296811365e-06 1.531923953734803945e-05 1.041699761117342860e-05 3.503515472402796149e-06 3.760817207876243629e-06 4.710506800620350987e-06 1.372709107272385154e-06 1.664905425968754571e-06 1.085714274040583405e-07 7.165006081777391955e-07 1.102973101296811365e-06
8.400000000000000000e+04 3.067515308430301957e-06 1.140983749792212620e-05 1.549716444060322829e-06 2.272929805258172564e-06 2.099769972119247541e-06 1.141055577136285137e-06 1.657829642454089480e-07 2.333907076490504551e-07 1.513038228040386457e-07 7.157276513680699281e-07 3.067515308430301957e-06 1.140983749792212620e-05 1.549716444060322829e-06 2.272929805258172564e-06 2.099769972119247541e-06 1.141055577136285137e-06 1.657829642454089480e-07 2.333907076490504551e-07 1.513038228040386457e-07 7.157276513680699281e-07
8.500000000000000000e+04 9.390690138388890773e-06 6.426421805372228846e-06 2.578283101684064604e-06 3.685447154566645622e-06 1.397089704369136598e-06 2.189240575489748153e-07 7.020400261126269470e-08 2.484360628329795873e-08 3.397133525595563697e-07 4.895447887065529358e-07 9.390690138388890773e-06 6.426421805372228846e-06 2.578283101684064604e-06 3.685447154566645622e-06 1.397089704369136598e-06 2.189240575489748153e-07 7.020400261126269470e-08 2.484360628329795873e-08 3.397133525595563697e-07 4.895447887065529358e-07
8.600000000000000000e+04 3.376489530637627468e-06 6.737876447004964575e-06 6.181540470606705640e-07 5.070843371868249960e-07 5.779216394330433104e-07 7.487592057486835984e-08 8.775058546461877995e-08 8.541231721892472706e-09 2.137040269190038089e-07 4.131762807446648367e-07 3.376489530637627468e-06 6.737876447004964575e-06 6.181540470606705640e-07 5.070843371868249960e-07 5.779216394330433104e-07 7.487592057486835984e-08 8.775058546461877995e-08 8.541231721892472706e-09 2.137040269190038089e-07 4.131762807446648367e-07
8.700000000000000000e+04 9.828357178776059300e-06 1.538706237624865025e-05 1.291237913392251357e-05 1.226899348694132641e-05 4.279151653463486582e-06 9.733155366120627150e-07 8.010448482309584506e-08 1.576968742256212863e-07 1.520157979939540382e-06 9.710827271192101762e-07 9.828357178776059300e-06 1.538706237624865025e-05 1.291237913392251357e-05 1.226899348694132641e-05 4.279151653463486582e-06 9.733155366120627150e-07 8.010448482309584506e-08 1.576968742256212863e-07 1.520157979939540382e-06 9.710827271192101762e-07
8.800000000000000000e+04 1.957281028808210976e-06 4.940899088978767395e-06 5.957599000794289168e-07 4.863472327087947633e-07 5.107422680339368526e-07 7.228220511024119332e-08 1.295755414076893430e-08 7.353845088431398835e-09 1.284922035438285093e-07 3.371697232523729326e-07 1.957281028808210976e-06 4.940899088978767395e-06 5.957599000794289168e-07 4.863472327087947633e-07 5.107422680339368526e-07 7.228220511024119332e-08 1.295755414076893430e-08 7.353845088431398835e-09 1.284922035438285093e-07 3.371697232523729326e-07
8.900000000000000000e+04 2.263853275508154184e-06 1.346794306300580502e-05 1.368679704683017917e-06 2.198024048993829638e-06 6.577376552741043270e-06 5.296213316796638537e-07 5.550545552068797406e-07 1.348517741917021340e-07 5.298213636706350371e-07 5.390834303398150951e-07 2.263853275508154184e-06 1.346794306300580502e-05 1.368679704683017917e-06 2.198024048993829638e-06 6.577376552741043270e-06 5.296213316796638537e-07 5.550545552068797406e-07 1.348517741917021340e-07 5.298213636706350371e-07 5.390834303398150951e-07
9.000000000000000000e+04 3.088233370363013819e-06 1.234139381267596036e-05 1.227902771461231168e-06 1.542065547255333513e-06 7.358962648140732199e-07 1.216896947653367533e-07 4.743484538494158187e-08 1.217751872673034086e-07 1.103111557654301578e-07 3.543908064784773160e-07 3.088233370363013819e-06 1.234139381267596036e-05 1.227902771461231168e-06 1.542065547255333513e-06 7.358962648140732199e-07 1.216896947653367533e-07 4.743484538494158187e-08 1.217751872673034086e-07 1.103111557654301578e-07 3.543908064784773160e-07
9.100000000000000000e+04 4.503457603277638555e-06 4.732649176730774343e-05 3.422495638005784713e-06 7.740747605566866696e-06 3.525869033182971179e-06 1.763811354749122984e-07 7.610806846969353501e-07 2.582966658337682020e-07 1.293511786570888944e-07 4.670532973705121549e-07 4.503457603277638555e-06 4.732649176730774343e-05 3.422495638005784713e-06 7.740747605566866696e-06 3.525869033182971179e-06 1.763811354749122984e-07 7.610806846969353501e-07 2.582966658337682020e-07 1.293511786570888944e-07 4.670532973705121549e-07
9.200000000000000000e+04 1.873660607998317573e-06 8.662974323669914156e-06 1.038742539094528183e-06 1.573195390847104136e-06 9.706348009785870090e-07 8.390685479753301479e-08 3.299344086826749844e-07 3.624817068725860736e-08 1.576857613372339983e-07 4.295924327379907481e-07 1.873660607998317573e-06 8.662974323669914156e-06 1.038742539094528183e-06 1.573195390847104136e-06 9.706348009785870090e-07 8.390685479753301479e-08 3.299344086826749844e-07 3.624817068725860736e-08 1.576857613372339983e-07 4.295924327379907481e-07
9.300000000000000000e+04 2.085021378661622293e-06 4.895202891930239275e-06 5.163796572560386267e-07 2.912018430833995808e-07 8.162992912730260286e-07 6.931912821528385393e-08 2.873561655292178330e-08 3.423521022227760113e-08 1.049433535627031233e-07 3.319374854982015677e-07 2.085021378661622293e-06 4.895202891930239275e-06 5.163796572560386267e-07 2.912018430833995808e-07 8.162992912730260286e-07 6.931912821528385393e-08 2.873561655292178330e-08 3.423521022227760113e-08 1.049433535627031233e-07 3.319374854982015677e-07
9.400000000000000000e+04 1.860353108895651530e-06 4.342730790085624903e-06 4.414883392200863454e-07 3.703757727180345682e-07 2.084898596876882948e-06 1.478829290135763586e-07 8.535402429288296844e-08 3.582520591294269252e-08 2.454300727094960166e-07 3.656862190837273374e-07 1.860353108895651530e-06 4.342730790085624903e-06 4.414883392200863454e-07 3.703757727180345682e-07 2.084898596876882948e-06 1.478829290135763586e-07 8.535402429288296844e-08 3.582520591294269252e-08 2.454300727094960166e-07 3.656862190837273374e-07
9.500000000000000000e+04 3.481433623164775781e-06 1.052560037351213396e-05 5.835889851368847303e-07 8.642582542961463332e-07 3.209552687621908262e-06 1.749330635902879294e-07 3.797582337483618176e-07 5.882953146851832571e-08 7.146240363908873405e-07 6.144446160760708153e-07 3.481433623164775781e-06 1.052560037351213396e-05 5.835889851368847303e-07 8.642582542961463332e-07 3.209552687621908262e-06 1.749330635902879294e-07 3.797582337483618176e-07 5.882953146851832571e-08 7.146240363908873405e-07 6.144446160760708153e-07
9.600000000000000000e+04 1.773994313225557562e-06 5.715232418879168108e-06 3.705317794810980558e-07 3.636055510014557512e-07 1.289381543756462634e-06 1.044391879645445442e-07 3.513115487407958426e-08 4.482194526644889265e-08 1.322305678286284092e-07 2.876016083064314444e-07 1.773994313225557562e-06 5.715232418879168108e-06 3.705317794810980558e-07 3.636055510014557512e-07 1.289381543756462634e-06 1.044391879645445442e-07 3.513115487407958426e-08 4.482194526644889265e-08 1.322305678286284092e-07 2.876016083064314444e-07
9.700000000000000000e+04 8.175297807611059397e-06 1.493078798375790939e-05 2.648241661518113688e-06 5.695570962416240945e-06 8.684363820066209882e-06 5.634969397760869469e-07 5.080829623693716712e-07 1.736969181820313679e-07 2.277736939504393376e-06 1.004959585770848207e-06 8.175297807611059397e-06 1.493078798375790939e-05 2.648241661518113688e-06 5.695570962416240945e-06 8.684363820066209882e-06 5.634969397760869469e-07 5.080829623693716712e-07 1.736969181820313679e-07 2.277736939504393376e-06 1.004959585770848207e-06
9.800000000000000000e+04 7.830506547179538757e-06 7.201242624432779849e-06 1.524306412648002151e-06 2.317674443474970758e-06 1.009228071779944003e-06 2.373504202068943414e-07 5.136172944730788004e-07 4.692498691838409286e-07 1.236199551613026415e-07 6.367295668496808503e-07 7.830506547179538757e-06 7.201242624432779849e-06 1.524306412648002151e-06 2.317674443474970758e-06 1.009228071779944003e-06 2.373504202068943414e-07 5.136172944730788004e-07 4.692498691838409286e-07 1.236199551613026415e-07 6.367295668496808503e-07
9.900000000000000000e+04 1.415201609233918134e-06 3.591034328565001488e-06 3.372321657479915302e-07 2.397647165253147250e-07 5.596552909992169589e-07 5.945646464056153491e-08 1.927263326706452062e-08 7.196870654979647952e-09 9.016717683607566869e-08 2.918280870289891027e-07 1.415201609233918134e-06 3.591034328565001488e-06 3.372321657479915302e-07 2.397647165253147250e-07 5.596552909992169589e-07 5.945646464056153491e-08 1.927263326706452062e-08 7.196870654979647952e-09 9.016717683607566869e-08 2.918280870289891027e-07
1.000000000000000000e+05 1.795002162907621823e-06 3.982125690527027473e-06 5.254827897260838654e-07 3.461288997641531751e-07 1.709559001028537750e-06 6.281469921987081761e-08 7.200154783504331135e-08 2.605524400678405073e-07 1.505761417774920119e-07 3.453508838902052958e-07 1.795002162907621823e-06 3.982125690527027473e-06 5.254827897260838654e-07 3.461288997641531751e-07 1.709559001028537750e-06 6.281469921987081761e-08 7.200154783504331135e-08 2.605524400678405073e-07 1.505761417774920119e-07 3.453508838902052958e-07
1.010000000000000000e+05 1.072727081918856129e-05 8.670110219100024551e-06 1.209316451422637329e-06 1.231936494150431827e-06 3.698946557051385753e-06 7.328969786613015458e-07 5.474819317896617576e-07 6.277855391090270132e-08 4.237340931467770133e-07 6.570876962541660760e-07 1.072727081918856129e-05 8.670110219100024551e-06 1.209316451422637329e-06 1.231936494150431827e-06 3.698946557051385753e-06 7.328969786613015458e-07 5.474819317896617576e-07 6.277855391090270132e-08 4.237340931467770133e-07 6.570876962541660760e-07
1.020000000000000000e+05 8.619290383649058640e-06 5.066324320068815723e-06 1.862118438111792784e-06 4.927605345983465668e-07 1.126286065300519112e-06 3.747310017843119567e-07 1.902869684045072063e-07 1.131792259911890142e-07 4.357613931915693684e-07 5.350295850803377107e-07 8.619290383649058640e-06 5.066324320068815723e-06 1.862118438111792784e-06 4.927605345983465668e-07 1.126286065300519112e-06 3.747310017843119567e-07 1.902869684045072063e-07 1.131792259911890142e-07 4.357613931915693684e-07 5.350295850803377107e-07
1.030000000000000000e+05 2.096607022394891828e-05 2.849257361958734691e-05 2.194543958466965705e-05 3.286458377260714769e-05 6.456083610828500241e-06 2.779045416900771670e-06 1.315992903982987627e-06 5.755031224907725118e-07 1.565824391036585439e-06 1.587250267220952082e-06 2.096607022394891828e-05 2.849257361958734691e-05 2.194543958466965705e-05 3.286458377260714769e-05 6.456083610828500241e-06 2.779045416900771670e-06 1.315992903982987627e-06 5.755031224907725118e-07 1.565824391036585439e-06 1.587250267220952082e-06
1.040000000000000000e+05 1.399856955686118454e-05 5.546682132262503728e-06 5.685114956577308476e-06 8.584368515585083514e-06 1.299832661061373074e-06 1.312068462766546872e-07 5.055759544347893097e-08 2.270568586482113460e-07 1.490806766923924442e-06 7.198232765404100064e-07 1.399856955686118454e-05 5.546682132262503728e-06 5.685114956577308476e-06 8.584368515585083514e-06 1.299832661061373074e-06 1.312068462766546872e-07 5.055759544347893097e-08 2.270568586482113460e-07 1.490806766923924442e-06 7.198232765404100064e-07
1.050000000000000000e+05 1.346136969004874118e-06 3.600943045967142098e-06 2.809157138017326361e-07 2.930435130110708997e-07 5.481401217366510537e-07 5.861891239078431681e-08 2.691419886957646668e-08 7.674207935792765056e-09 1.094915234034488094e-07 2.717315226163918851e-07 1.346136969004874118e-06 3.600943045967142098e-06 2.809157138017326361e-07 2.930435130110708997e-07 5.481401217366510537e-07 5.861891239078431681e-08 2.691419886957646668e-08 7.674207935792765056e-09 1.094915234034488094e-07 2.717315226163918851e-07
1.060000000000000000e+05 2.919523922173539177e-06 5.572523150476627052e-06 1.374088583361299243e-06 1.966121089935768396e-06 5.306269486027304083e-07 6.478360603523469763e-08 1.560690421342769696e-08 1.703709173739298421e-08 3.735526092896179762e-07 3.110104103143385146e-07 2.919523922173539177e-06 5.572523150476627052e-06 1.374088583361299243e-06 1.966121089935768396e-06 5.306269486027304083e-07 6.478360603523469763e-08 1.560690421342769696e-08 1.703709173739298421e-08 3.735526092896179762e-07 3.110104103143385146e-07
1.070000000000000000e+05 2.781654529826482758e-06 5.591193257714621723e-05 9.041650628205388784e-07 4.189131686871405691e-06 4.213568445265991613e-06 1.002949488793092314e-06 2.141714276149286889e-06 3.328445359329634812e-07 2.224664740424486808e-06 1.701895826045074500e-06 2.781654529826482758e-06 5.591193257714621723e-05 9.041650628205388784e-07 4.189131686871405691e-06 4.213568445265991613e-06 1.002949488793092314e-06 2.141714276149286889e-06 3.328445359329634812e-07 2.224664740424486808e-06 1.701895826045074500e-06
1.080000000000000000e+05 5.811605205963132903e-06 5.744496775150764734e-06 2.653971932886634022e-06 3.298418050690088421e-06 6.349455361487343907e-07 2.025575440711691044e-07 4.201288206218123378e-08 1.942403144994386821e-07 7.317024142139416654e-07 5.825924063174170442e-07 5.811605205963132903e-06 5.744496775150764734e-06 2.653971932886634022e-06 3.298418050690088421e-06 6.349455361487343907e-07 2.025575440711691044e-07 4.201288206218123378e-08 1.942403144994386821e-07 7.317024142139416654e-07 5.825924063174170442e-07
1.090000000000000000e+05 8.387931302422657609e-06 2.622857209644280374e-05 3.195083991158753633e-06 4.385237389215035364e-06 1.053086748470377643e-06 7.425671810779022053e-08 5.317755267242318951e-07 5.483425269403596758e-08 1.299918181985049159e-07 3.944834645608352730e-07 8.387931302422657609e-06 2.622857209644280374e-05 3.195083991158753633e-06 4.385237389215035364e-06 1.053086748470377643e-06 7.425671810779022053e-08 5.317755267242318951e-07 5.483425269403596758e-08 1.299918181985049159e-07 3.944834645608352730e-07
1.100000000000000000e+05 5.398771463660523295e-06 3.071139190069516189e-06 1.244677378053893335e-06 1.606413547960983124e-06 6.007967954246851150e-07 8.008787943936113152e-08 1.712573549639273551e-08 6.960853227155894274e-08 2.508617740204499569e-07 3.250488873618451180e-07 5.398771463660523295e-06 3.071139190069516189e-06 1.244677378053893335e-06 1.606413547960983124e-06 6.007967954246851150e-07 8.008787943936113152e-08 1.712573549639273551e-08 6.960853227155894274e-08 2.508617740204499569e-07 3.250488873618451180e-07
1.110000000000000000e+05 7.012055903032887727e-06 6.976312761253211647e-06 1.345963937637861818e-06 5.575926707024336793e-07 5.228194368100957945e-06 3.908128007878985954e-07 1.788745578323869267e-07 1.427196565373378689e-07 2.171416468854658888e-07 3.159181574119429570e-07 7.012055903032887727e-06 6.976312761253211647e-06 1.345963937637861818e-06 5.575926707024336793e-07 5.228194368100957945e-06 3.908128007878985954e-07 1.788745578323869267e-07 1.427196565373378689e-07 2.171416468854658888e-07 3.159181574119429570e-07
1.120000000000000000e+05 1.907387741084676236e-05 5.881453762413002551e-05 4.767139671457698569e-06 3.544775154296075925e-06 1.383080598316155374e-05 5.245040597401384730e-07 2.631990980717091588e-07 7.308898943847452756e-07 4.048274035994836595e-07 5.450734192891104612e-07 1.907387741084676236e-05 5.881453762413002551e-05 4.767139671457698569e-06 3.544775154296075925e-06 1.383080598316155374e-05 5.245040597401384730e-07 2.631990980717091588e-07 7.308898943847452756e-07 4.048274035994836595e-07 5.450734192891104612e-07
1.130000000000000000e+05 7.677313078602310270e-06 1.055577195074874908e-05 8.418288416578434408e-06 1.347634133708197623e-05 6.178777880450070370e-07 2.599367405764496652e-07 2.529227458580862731e-07 1.172510977198726323e-07 9.475082833887427114e-07 4.042056502839841414e-07 7.677313078602310270e-06 1.055577195074874908e-05 8.418288416578434408e-06 1.347634133708197623e-05 6.178777880450070370e-07 2.599367405764496652e-07 2.529227458580862731e-07 1.172510977198726323e-07 9.475082833887427114e-07 4.042056502839841414e-07
1.140000000000000000e+05 3.447164772296673618e-06 1.906666693685110658e-05 6.371292329276911914e-07 1.484729523326677736e-06 1.069445829671167303e-06 5.460866603357317217e-08 3.786290960761107272e-07 3.223684430508910737e-09 6.809706292187911458e-07 5.360409431887092069e-07 3.447164772296673618e-06 1.906666693685110658e-05 6.371292329276911914e-07 1.484729523326677736e-06 1.069445829671167303e-06 5.460866603357317217e-08 3.786290960761107272e-07 3.223684430508910737e-09 6.809706292187911458e-07 5.360409431887092069e-07
1.150000000000000000e+05 1.836621322581777349e-06 4.988004093320341781e-06 7.142585900510312058e-07 5.543973884414299391e-07 2.720576503634219989e-06 8.810276597159827361e-08 3.543395621363742976e-07 2.136958840992519981e-07 2.588782876955519896e-07 4.067190957357524894e-07 1.836621322581777349e-06 4.988004093320341781e-06 7.142585900510312058e-07 5.543973884414299391e-07 2.720576503634219989e-06 8.810276597159827361e-08 3.543395621363742976e-07 2.136958840992519981e-07 2.588782876955519896e-07 4.067190957357524894e-07
1.160000000000000000e+05 1.346143335467786528e-06 3.090181735387886874e-06 9.194798167300177738e-07 9.341262057205312885e-07 1.094289132197445724e-06 8.821735519859430497e-08 3.513971336133181467e-08 3.443647855760900711e-08 1.254283574780856725e-07 2.756056005637219641e-07 1.346143335467786528e-06 3.090181735387886874e-06 9.194798167300177738e-07 9.341262057205312885e-07 1.094289132197445724e-06 8.821735519859430497e-08 3.513971336133181467e-08 3.443647855760900711e-08 1.254283574780856725e-07 2.756056005637219641e-07
1.170000000000000000e+05 1.023890831675089430e-06 2.798251898639136925e-06 2.068494922013996984e-07 3.148462894841941306e-07 6.208139780028432142e-07 4.135141651318008371e-08 4.398735953259347298e-08 4.282586729686954641e-08 9.943526180222761468e-08 2.461613064497214509e-07 1.023890831675089430e-06 2.798251898639136925e-06 2.068494922013996984e-07 3.148462894841941306e-07 6.208139780028432142e-07 4.135141651318008371e-08 4.398735953259347298e-08 4.282586729686954641e-08 9.943526180222761468e-08 2.461613064497214509e-07
1.180000000000000000e+05 2.647862629601149820e-06 3.197286787326447666e-06 4.075343156273447676e-07 2.453614058595121605e-07 2.816894266288727522e-06 4.740241479339601938e-07 1.440148054143719492e-07 5.958174398301707697e-09 2.385021957707067486e-07 3.558314745077950647e-07 2.647862629601149820e-06 3.197286787326447666e-06 4.075343156273447676e-07 2.453614058595121605e-07 2.816894266288727522e-06 4.740241479339601938e-07 1.440148054143719492e-07 5.958174398301707697e-09 2.385021957707067486e-07 3.558314745077950647e-07
1.190000000000000000e+05 6.666776698693865910e-06 1.583389166626147926e-05 1.137773779191775247e-06 3.540490297382348217e-06 8.050754445321217645e-07 2.019222193894165684e-07 1.289513473778924890e-08 1.495031369813659694e-07 4.706871834514458897e-07 4.906688673145254143e-07 6.666776698693865910e-06 1.583389166626147926e-05 1.137773779191775247e-06 3.540490297382348217e-06 8.050754445321217645e-07 2.019222193894165684e-07 1.289513473778924890e-08 1.495031369813659694e-07 4.706871834514458897e-07 4.906688673145254143e-07
1.200000000000000000e+05 4.378136509330943227e-06 5.183724169910419732e-06 1.408890398124640342e-06 2.230106474598869681e-06 2.072830739052733406e-06 1.120067523174839152e-07 1.890479524035981740e-07 3.520249691746357712e-08 1.128590724874811713e-06 5.238703693066781852e-07 4.378136509330943227e-06 5.183724169910419732e-06 1.408890398124640342e-06 2.230106474598869681e-06 2.072830739052733406e-06 1.120067523174839152e-07 1.890479524035981740e-07 3.520249691746357712e-08 1.128590724874811713e-06 5.238703693066781852e-07
1.210000000000000000e+05 1.090477439902315382e-06 9.725054951559286565e-06 2.811595436469360720e-07 8.842594638736045454e-07 6.055527705939312000e-07 4.067020498155216046e-08 1.817138581827748567e-07 5.048142348584860883e-09 1.808437843919818988e-07 2.977249380364810349e-07 1.090477439902315382e-06 9.725054951559286565e-06 2.811595436469360720e-07 8.842594638736045454e-07 6.055527705939312000e-07 4.067020498155216046e-08 1.817138581827748567e-07 5.048142348584860883e-09 1.808437843919818988e-07 2.977249380364810349e-07
1.220000000000000000e+05 4.129225089855026454e-06 3.966573058278299868e-05 1.481894287280738354e-06 3.862803623633226380e-06 2.969893102999776602e-06 1.024112279424116423e-07 1.441819222236517817e-06 6.358991413435433060e-07 7.630254117430013139e-07 9.477487310505239293e-07 4.129225089855026454e-06 3.966573058278299868e-05 1.481894287280738354e-06 3.862803623633226380e-06 2.969893102999776602e-06 1.024112279424116423e-07 1.441819222236517817e-06 6.358991413435433060e-07 7.630254117430013139e-07 9.477487310505239293e-07
1.230000000000000000e+05 4.570767487166449428e-06 3.440378122832044028e-06 6.492468855867628008e-07 7.987472940840234514e-07 1.486314772591867950e-06 3.653736868614032574e-08 4.628369865145032236e-08 1.378716234512467054e-07 1.965974121276303777e-07 2.757662400654226076e-07 4.570767487166449428e-06 3.440378122832044028e-06 6.492468855867628008e-07 7.987472940840234514e-07 1.486314772591867950e-06 3.653736868614032574e-08 4.628369865145032236e-08 1.378716234512467054e-07 1.965974121276303777e-07 2.757662400654226076e-07
1.240000000000000000e+05 1.215810357280133758e-06 5.559068995353300124e-06 9.031699619299615733e-07 1.818317855395434890e-06 3.065363443965907209e-06 5.189540388528257608e-07 8.995595521810173523e-07 1.686854389504333085e-08 4.199586385311704362e-07 5.412231871559924912e-07 1.215810357280133758e-06 5.559068995353300124e-06 9.031699619299615733e-07 1.818317855395434890e-06 3.065363443965907209e-06 5.189540388528257608e-07 8.995595521810173523e-07 1.686854389504333085e-08 4.199586385311704362e-07 5.412231871559924912e-07
1.250000000000000000e+05 1.478052013226260897e-06 3.024685838681762107e-06 4.950349534738052171e-07 7.457097126462031156e-07 1.207724039886670653e-06 1.355498255861675716e-07 1.411347341218061047e-07 7.178967198484542678e-09 1.219285223896804382e-07 2.531696736696176231e-07 1.478052013226260897e-06 3.024685838681762107e-06 4.950349534738052171e-07 7.457097126462031156e-07 1.207724039886670653e-06 1.355498255861675716e-07 1.411347341218061047e-07 7.178967198484542678e-09 1.219285223896804382e-07 2.531696736696176231e-07
1.260000000000000000e+05 5.626829988614190370e-06 1.163796259788796306e-04 6.115609266998944804e-06 2.076141390716657043e-05 3.674303798106848262e-06 2.085281778363423655e-07 3.690585117510636337e-06 7.076995416355202906e-07 5.984532549518917222e-07 1.392246531395358033e-06 5.626829988614190370e-06 1.163796259788796306e-04 6.115609266998944804e-06 2.076141390716657043e-05 3.674303798106848262e-06 2.085281778363423655e-07 3.690585117510636337e-06 7.076995416355202906e-07 5.984532549518917222e-07 1.392246531395358033e-06
1.270000000000000000e+05 8.748525033297482878e-06 4.906856702291406691e-06 1.313917096013028640e-06 6.713721631967928261e-07 1.075516365744988434e-06 8.486331353196874261e-07 9.874170103785218089e-08 4.548707579488109332e-07 3.172914944116200786e-07 5.456152507576916832e-07 8.748525033297482878e-06 4.906856702291406691e-06 1.313917096013028640e-06 6.713721631967928261e-07 1.075516365744988434e-06 8.486331353196874261e-07 9.874170103785218089e-08 4.548707579488109332e-07 3.172914944116200786e-07 5.456152507576916832e-07
1.280000000000000000e+05 9.532414537716249470e-07 1.743471443660382647e-06 1.413499433056131238e-07 1.567107972277881345e-07 7.965965096445870586e-07 5.189043505993140570e-08 2.095404916246934590e-08 1.482045419720634527e-08 9.456120153572555864e-08 2.143740402971161529e-07 9.532414537716249470e-07 1.743471443660382647e-06 1.413499433056131238e-07 1.567107972277881345e-07 7.965965096445870586e-07 5.189043505993140570e-08 2.095404916246934590e-08 1.482045419720634527e-08 9.456120153572555864e-08 2.143740402971161529e-07
1.290000000000000000e+05 4.037138751300517470e-06 1.930502094182884321e-06 1.024568177854234818e-06 1.789842599464464001e-06 6.811116577409848105e-07 4.138581388701823016e-08 1.927642756527347956e-08 5.145583159560374042e-08 3.222651514533936279e-07 3.035725057998206466e-07 4.037138751300517470e-06 1.930502094182884321e-06 1.024568177854234818e-06 1.789842599464464001e-06 6.811116577409848105e-07 4.138581388701823016e-08 1.927642756527347956e-08 5.145583159560374042e-08 3.222651514533936279e-07 3.035725057998206466e-07
1.300000000000000000e+05 2.677176325960317627e-06 7.801085303071886301e-06 5.482560254677082412e-07 4.029113824799424037e-06 1.274164560527424328e-06 1.464095618075589300e-07 1.941794351978387567e-07 1.010552264091302277e-08 1.891184524538402911e-07 3.190022255239455262e-07 2.677176325960317627e-06 7.801085303071886301e-06 5.482560254677082412e-07 4.029113824799424037e-06 1.274164560527424328e-06 1.464095618075589300e-07 1.941794351978387567e-07 1.010552264091302277e-08 1.891184524538402911e-07 3.190022255239455262e-07
1.310000000000000000e+05 1.315173790317203384e-06 5.069947292213328183e-06 5.493504886544542387e-07 4.857866429119894747e-07 2.871571950890938751e-06 1.531722517711386899e-07 6.565793597701485851e-08 9.835583369977030088e-08 1.453130806794433738e-07 2.775911980279488489e-07 1.315173790317203384e-06 5.069947292213328183e-06 5.493504886544542387e-07 4.857866429119894747e-07 2.871571950890938751e-06 1.531722517711386899e-07 6.565793597701485851e-08 9.835583369977030088e-08 1.453130806794433738e-07 2.775911980279488489e-07
1.320000000000000000e+05 1.795102321011654567e-06 1.715667622192995623e-06 2.566002308412862476e-07 3.304915878743486246e-07 4.273861122783273458e-07 4.314217605383419141e-08 1.000254101768405235e-08 3.818744076511393359e-08 8.629670134041589336e-08 2.513734784770349506e-07 1.795102321011654567e-06 1.715667622192995623e-06 2.566002308412862476e-07 3.304915878743486246e-07 4.273861122783273458e-07 4.314217605383419141e-08 1.000254101768405235e-08 3.818744076511393359e-08 8.629670134041589336e-08 2.513734784770349506e-07
1.330000000000000000e+05 1.068597953235439491e-06 2.400877974650938995e-06 2.185354475159329013e-07 6.560591714332986157e-07 5.076026354799978435e-07 2.921773933906024467e-08 3.411567206512700068e-08 1.609238253763578541e-08 7.696048243133191136e-08 2.195138364413651288e-07 1.068597953235439491e-06 2.400877974650938995e-06 2.185354475159329013e-07 6.560591714332986157e-07 5.076026354799978435e-07 2.921773933906024467e-08 3.411567206512700068e-08 1.609238253763578541e-08 7.696048243133191136e-08 2.195138364413651288e-07
1.340000000000000000e+05 4.274735601939028129e-06 3.567392923287115991e-06 1.054903577824006788e-06 4.411304530549386982e-07 3.410759973121457733e-06 1.877850621667676023e-07 3.471162983714748407e-07 1.250365357918781228e-07 3.761130926704936428e-07 3.906956180799170397e-07 4.274735601939028129e-06 3.567392923287115991e-06 1.054903577824006788e-06 4.411304530549386982e-07 3.410759973121457733e-06 1.877850621667676023e-07 3.471162983714748407e-07 1.250365357918781228e-07 3.761130926704936428e-07 3.906956180799170397e-07
1.350000000000000000e+05 8.847056847116618883e-07 2.901764446505694650e-06 2.863714030354458373e-07 4.874551109423919115e-07 8.430732236774929333e-07 1.033524412719089014e-07 7.522500311551993946e-08 5.247696055477035770e-09 9.224348218594968785e-08 2.418604481135844253e-07 8.847056847116618883e-07 2.901764446505694650e-06 2.863714030354458373e-07 4.874551109423919115e-07 8.430732236774929333e-07 1.033524412719089014e-07 7.522500311551993946e-08 5.247696055477035770e-09 9.224348218594968785e-08 2.418604481135844253e-07
1.360000000000000000e+05 5.320478521753102541e-06 2.961152404168387875e-06 9.496052939539367799e-07 1.041672931023640558e-06 2.147493205484352075e-06 5.813624852635257412e-07 1.455041314102345495e-07 6.272725272538082208e-08 1.266534610522285220e-07 4.203753007914201589e-07 5.320478521753102541e-06 2.961152404168387875e-06 9.496052939539367799e-07 1.041672931023640558e-06 2.147493205484352075e-06 5.813624852635257412e-07 1.455041314102345495e-07 6.272725272538082208e-08 1.266534610522285220e-07 4.203753007914201589e-07
1.370000000000000000e+05 1.688243719399906695e-05 2.737160002652672119e-06 2.097618562402203679e-06 2.264804606966208667e-06 7.678888209738943260e-07 2.529490359393093968e-07 9.280806523292994825e-08 2.743256288795237197e-07 1.536126745804722304e-07 4.221846836571785389e-07 1.688243719399906695e-05 2.737160002652672119e-06 2.097618562402203679e-06 2.264804606966208667e-06 7.678888209738943260e-07 2.529490359393093968e-07 9.280806523292994825e-08 2.743256288795237197e-07 1.536126745804722304e-07 4.221846836571785389e-07
1.380000000000000000e+05 7.530494258389808238e-06 3.466037924226839095e-06 8.812374403532885481e-07 5.956401878393080551e-07 2.247027396151679568e-06 8.321279096890066285e-07 1.579217467906346428e-07 1.922500700857199263e-07 1.368965598658178351e-07 5.069604185337084346e-07 7.530494258389808238e-06 3.466037924226839095e-06 8.812374403532885481e-07 5.956401878393080551e-07 2.247027396151679568e-06 8.321279096890066285e-07 1.579217467906346428e-07 1.922500700857199263e-07 1.368965598658178351e-07 5.069604185337084346e-07
1.390000000000000000e+05 9.687632882560137659e-07 8.359010280400980264e-06 1.861200900066251052e-07 5.955554343017865904e-07 5.028941814089193940e-07 2.980703683874708076e-08 1.898722779003492178e-08 1.673958083259208252e-09 9.767784092673537089e-08 2.132103702479071217e-07 9.687632882560137659e-07 8.359010280400980264e-06 1.861200900066251052e-07 5.955554343017865904e-07 5.028941814089193940e-07 2.980703683874708076e-08 1.898722779003492178e-08 1.673958083259208252e-09 9.767784092673537089e-08 2.132103702479071217e-07
1.400000000000000000e+05 7.984351213963236660e-06 2.012171989917987958e-06 1.084721702682145406e-06 1.931193537529907189e-06 1.200658061861759052e-06 4.444422074811882339e-08 5.309944484110928897e-08 5.867716978968928743e-08 5.302770773596421350e-07 4.119846721550857183e-07 7.984351213963236660e-06 2.012171989917987958e-06 1.084721702682145406e-06 1.931193537529907189e-06 1.200658061861759052e-06 4.444422074811882339e-08 5.309944484110928897e-08 5.867716978968928743e-08 5.302770773596421350e-07 4.119846721550857183e-07
1.410000000000000000e+05 3.718761718118912540e-06 5.366665845940588042e-06 8.041470209718681872e-07 1.675929411248944234e-06 1.064645289261534344e-06 5.590197247329342645e-07 6.422750971069035586e-07 2.316863145779279876e-07 2.086945585233479505e-07 5.519648311747005209e-07 3.718761718118912540e-06 5.366665845940588042e-06 8.041470209718681872e-07 1.675929411248944234e-06 1.064645289261534344e-06 5.590197247329342645e-07 6.422750971069035586e-07 2.316863145779279876e-07 2.086945585233479505e-07 5.519648311747005209e-07
1.420000000000000000e+05 1.652175683375389781e-06 2.461978738210746087e-06 6.372810616994684096e-07 2.205345253969426267e-06 4.654000349546549842e-07 3.646716493221902056e-07 8.330760437047501910e-08 1.877143773754141876e-07 1.174090087374679570e-07 2.782356034458643990e-07 1.652175683375389781e-06 2.461978738210746087e-06 6.372810616994684096e-07 2.205345253969426267e-06 4.654000349546549842e-07 3.646716493221902056e-07 8.330760437047501910e-08 1.877143773754141876e-07 1.174090087374679570e-07 2.782356034458643990e-07
1.430000000000000000e+05 8.543696594642824493e-07 1.594457671671989374e-06 2.160874430501280585e-07 2.279501956081730896e-07 3.923274221051542554e-07 3.937738668469137338e-08 4.395583275140779733e-08 4.433862166308699670e-09 7.418761072131019318e-08 2.031896855214654352e-07 8.543696594642824493e-07 1.594457671671989374e-06 2.160874430501280585e-07 2.279501956081730896e-07 3.923274221051542554e-07 3.937738668469137338e-08 4.395583275140779733e-08 4.433862166308699670e-09 7.418761072131019318e-08 2.031896855214654352e-07
1.440000000000000000e+05 1.643902760406490415e-05 1.698775122349616140e-05 2.487508254489512183e-06 3.111460046056890860e-06 1.588589725542988162e-06 3.160631578680295206e-08 3.783168551763083087e-07 1.125650825883894868e-07 1.490929889769176953e-06 7.939438546600285918e-07 1.643902760406490415e-05 1.698775122349616140e-05 2.487508254489512183e-06 3.111460046056890860e-06 1.588589725542988162e-06 3.160631578680295206e-08 3.783168551763083087e-07 1.125650825883894868e-07 1.490929889769176953e-06 7.939438546600285918e-07
1.450000000000000000e+05 8.242603826147387736e-07 1.092259822144114878e-06 1.234053286225389456e-07 1.307652723880892154e-07 3.544687388057354838e-07 2.377196040015405742e-08 2.360696527148320456e-08 3.392036207472415299e-09 6.543944408576862770e-08 1.918687928537110565e-07 8.242603826147387736e-07 1.092259822144114878e-06 1.234053286225389456e-07 1.307652723880892154e-07 3.544687388057354838e-07 2.377196040015405742e-08 2.360696527148320456e-08 3.392036207472415299e-09 6.543944408576862770e-08 1.918687928537110565e-07
1.460000000000000000e+05 1.011496624414576218e-05 6.414307790691964328e-06 1.264784827981202397e-06 4.758236116231273627e-07 4.474302386370254681e-06 2.337589677381401998e-07 2.715772495776036521e-07 1.524063577562628780e-07 3.551471650098392274e-07 3.571803404156526085e-07 1.011496624414576218e-05 6.414307790691964328e-06 1.264784827981202397e-06 4.758236116231273627e-07 4.474302386370254681e-06 2.337589677381401998e-07 2.715772495776036521e-07 1.524063577562628780e-07 3.551471650098392274e-07 3.571803404156526085e-07
1.470000000000000000e+05 8.498493571096332744e-07 1.223805611516581848e-06 3.846082563541131094e-07 5.126724431647744495e-07 3.637462668848456815e-07 4.121850594174247817e-08 2.853162506255557673e-08 1.528350246360332676e-08 1.805358067485940410e-07 2.492806743248365819e-07 8.498493571096332744e-07 1.223805611516581848e-06 3.846082563541131094e-07 5.126724431647744495e-07 3.637462668848456815e-07 4.121850594174247817e-08 2.853162506255557673e-08 1.528350246360332676e-08 1.805358067485940410e-07 2.492806743248365819e-07
1.480000000000000000e+05 7.009566047599946614e-07 9.961502200894756243e-07 1.103419080550338549e-07 1.018587099110845884e-07 3.588063464121660218e-07 2.388483721915690694e-08 9.136071454918237578e-09 1.480815692289638719e-09 5.726279184159466240e-08 1.807003400244866498e-07 7.009566047599946614e-07 9.961502200894756243e-07 1.103419080550338549e-07 1.018587099110845884e-07 3.588063464121660218e-07 2.388483721915690694e-08 9.136071454918237578e-09 1.480815692289638719e-09 5.726279184159466240e-08 1.807003400244866498e-07
1.490000000000000000e+05 7.618110657858778723e-07 1.031730107570183463e-06 1.204526682840878493e-07 1.035060606113802351e-07 4.146077685618365649e-07 2.655608355439653678e-08 1.667483040534989414e-08 2.619844785556324496e-09 7.107257005145584117e-08 1.845428130309301196e-07 7.618110657858778723e-07 1.031730107570183463e-06 1.204526682840878493e-07 1.035060606113802351e-07 4.146077685618365649e-07 2.655608355439653678e-08 1.667483040534989414e-08 2.619844785556324496e-09 7.107257005145584117e-08 1.845428130309301196e-07
1.500000000000000000e+05 6.953211482141341548e-07 9.734537798067322001e-07 1.122398671782320889e-07 1.076131539434754814e-07 3.568133593034872320e-07 2.359879935909248161e-08 8.504151161048412177e-09 1.341466049353812195e-09 6.278383324342939886e-08 1.969599168205604656e-07 6.953211482141341548e-07 9.734537798067322001e-07 1.122398671782320889e-07 1.076131539434754814e-07 3.568133593034872320e-07 2.359879935909248161e-08 8.504151161048412177e-09 1.341466049353812195e-09 6.278383324342939886e-08 1.969599168205604656e-07
