# x y true_fields pred_fields error_fields
1.111111119389533997e-01 1.111111119389533997e-01 5.199013277888298035e-03 1.834546960890293121e-02 1.250389814376831055e-01 2.070720046758651733e-01 1.798106543719768524e-02 6.730788946151733398e-01 3.371332585811614990e-01 8.666957616806030273e-01 2.853902578353881836e-01 6.472479552030563354e-03 1.809499226510524750e-02 1.565946191549301147e-01 2.037848681211471558e-01 1.215760223567485809e-02 8.056949973106384277e-01 1.947964131832122803e-01 5.408050417900085449e-01 3.881286680698394775e-01 1.273466274142265320e-03 -2.504773437976837158e-04 3.155563771724700928e-02 -3.287136554718017578e-03 -5.823463201522827148e-03 1.326161026954650879e-01 -1.423368453979492188e-01 -3.258907198905944824e-01 1.027384102344512939e-01
2.222222238779067993e-01 1.111111119389533997e-01 9.770948439836502075e-03 1.976666413247585297e-02 1.226828992366790771e-01 2.188857495784759521e-01 2.825987152755260468e-02 6.764907240867614746e-01 3.351877033710479736e-01 8.630257844924926758e-01 2.873768210411071777e-01 1.075438782572746277e-02 1.932368054986000061e-02 1.530806273221969604e-01 2.117023617029190063e-01 1.783578470349311829e-02 7.942780256271362305e-01 1.997720748186111450e-01 5.529574155807495117e-01 3.839706480503082275e-01 9.834393858909606934e-04 -4.429835826158523560e-04 3.039772808551788330e-02 -7.183387875556945801e-03 -1.042408682405948639e-02 1.177873015403747559e-01 -1.354156285524368286e-01 -3.100683689117431641e-01 9.659382700920104980e-02
3.333333432674407959e-01 1.111111119389533997e-01 1.316436287015676498e-02 2.072950266301631927e-02 1.121711805462837219e-01 2.217943072319030762e-01 3.496995195746421814e-02 6.753002405166625977e-01 3.329732418060302734e-01 8.579144477844238281e-01 2.882634401321411133e-01 1.372169330716133118e-02 1.992248184978961945e-02 1.398916095495223999e-01 2.089019566774368286e-01 2.254585549235343933e-02 7.703686356544494629e-01 2.069663554430007935e-01 5.698658823966979980e-01 3.767114281654357910e-01 5.573304370045661926e-04 -8.070208132266998291e-04 2.772042900323867798e-02 -1.289235055446624756e-02 -1.242409646511077881e-02 9.506839513778686523e-02 -1.260068863630294800e-01 -2.880485653877258301e-01 8.844798803329467773e-02
4.444444477558135986e-01 1.111111119389533997e-01 1.496996171772480011e-02 2.112803980708122253e-02 9.492533653974533081e-02 2.160123586654663086e-01 3.757469728589057922e-02 6.699374318122863770e-01 3.315275609493255615e-01 8.537524342536926270e-01 2.876039445400238037e-01 1.513377949595451355e-02 1.991067081689834595e-02 1.195387691259384155e-01 2.012000232934951782e-01 2.600755169987678528e-02 7.410894632339477539e-01 2.256524413824081421e-01 6.145799756050109863e-01 3.617845475673675537e-01 1.638177782297134399e-04 -1.217368990182876587e-03 2.461343258619308472e-02 -1.481233537197113037e-02 -1.156714558601379395e-02 7.115203142166137695e-02 -1.058751195669174194e-01 -2.391724586486816406e-01 7.418060302734375000e-02
5.555555820465087891e-01 1.111111119389533997e-01 1.496995985507965088e-02 2.095914073288440704e-02 7.373087853193283081e-02 2.037989944219589233e-01 3.596707433462142944e-02 6.622116565704345703e-01 3.315276801586151123e-01 8.523445725440979004e-01 2.854802906513214111e-01 1.496132835745811462e-02 1.942914724349975586e-02 9.496957063674926758e-02 1.930571943521499634e-01 2.824155613780021667e-02 7.169635295867919922e-01 2.562300860881805420e-01 6.868657469749450684e-01 3.403299152851104736e-01 -8.631497621536254883e-06 -1.529993489384651184e-03 2.123869210481643677e-02 -1.074180006980895996e-02 -7.725518196821212769e-03 5.475187301635742188e-02 -7.529759407043457031e-02 -1.654788255691528320e-01 5.484962463378906250e-02
6.666666865348815918e-01 1.111111119389533997e-01 1.316436100751161575e-02 2.030183561146259308e-02 5.216872319579124451e-02 1.884678602218627930e-01 3.032080642879009247e-02 6.557849049568176270e-01 3.329736888408660889e-01 8.543267250061035156e-01 2.828742265701293945e-01 1.332945749163627625e-02 1.866676472127437592e-02 7.058613002300262451e-02 1.882697194814682007e-01 2.789603546261787415e-02 7.132858037948608398e-01 2.985604703426361084e-01 7.860140204429626465e-01 3.163396418094635010e-01 1.650964841246604919e-04 -1.635070890188217163e-03 1.841740682721138000e-02 -1.981407403945922852e-04 -2.424770966172218323e-03 5.750089883804321289e-02 -3.441321849822998047e-02 -6.831270456314086914e-02 3.346541523933410645e-02
7.777777910232543945e-01 1.111111119389533997e-01 9.770944714546203613e-03 1.928033865988254547e-02 3.368616476655006409e-02 1.730692386627197266e-01 2.108961716294288635e-02 6.554397940635681152e-01 3.351891338825225830e-01 8.591177463531494141e-01 2.815416753292083740e-01 1.045605167746543884e-02 1.768863387405872345e-02 5.160970240831375122e-02 1.874528974294662476e-01 2.302669361233711243e-02 7.366195321083068848e-01 3.418316841125488281e-01 8.881168365478515625e-01 2.990557551383972168e-01 6.851069629192352295e-04 -1.591704785823822021e-03 1.792353764176368713e-02 1.438365876674652100e-02 1.937076449394226074e-03 8.117973804473876953e-02 6.642550230026245117e-03 2.899909019470214844e-02 1.751407980918884277e-02
8.888888955116271973e-01 1.111111119389533997e-01 5.199010483920574188e-03 1.802804507315158844e-02 2.020761743187904358e-02 1.589052528142929077e-01 9.134397841989994049e-03 6.599991917610168457e-01 3.371373116970062256e-01 8.642541170120239258e-01 2.817537784576416016e-01 6.604801863431930542e-03 1.646190322935581207e-02 3.997192159295082092e-02 1.881913095712661743e-01 1.334327831864356995e-02 7.739526629447937012e-01 3.730500340461730957e-01 9.642287492752075195e-01 2.923583984375000000e-01 1.405791379511356354e-03 -1.566141843795776367e-03 1.976430416107177734e-02 2.928605675697326660e-02 4.208880476653575897e-03 1.139534711837768555e-01 3.591272234916687012e-02 9.997463226318359375e-02 1.060461997985839844e-02
1.111111119389533997e-01 2.222222238779067993e-01 8.549579419195652008e-03 3.700836375355720520e-02 1.601393371820449829e-01 2.248333841562271118e-01 1.759892702102661133e-02 6.787198185920715332e-01 3.383609056472778320e-01 8.704370260238647461e-01 2.862552404403686523e-01 1.012304797768592834e-02 3.648573905229568481e-02 1.889936774969100952e-01 2.257768362760543823e-01 1.148609444499015808e-02 8.049426078796386719e-01 1.860396414995193481e-01 5.181967616081237793e-01 3.927052021026611328e-01 1.573468558490276337e-03 -5.226247012615203857e-04 2.885434031486511230e-02 9.434521198272705078e-04 -6.112832576036453247e-03 1.262227892875671387e-01 -1.523212641477584839e-01 -3.522402644157409668e-01 1.064499616622924805e-01
2.222222238779067993e-01 2.222222238779067993e-01 1.606795378029346466e-02 4.001965001225471497e-02 1.532635986804962158e-01 2.366030812263488770e-01 2.077314071357250214e-02 6.851307749748229980e-01 3.352167010307312012e-01 8.646354675292968750e-01 2.896665334701538086e-01 1.716047152876853943e-02 3.944135457277297974e-02 1.809944957494735718e-01 2.319039255380630493e-01 1.289983466267585754e-02 7.902812361717224121e-01 1.940150707960128784e-01 5.380172729492187500e-01 3.865346312522888184e-01 1.092517748475074768e-03 -5.782954394817352295e-04 2.773089706897735596e-02 -4.699155688285827637e-03 -7.873306050896644592e-03 1.051504611968994141e-01 -1.412016302347183228e-01 -3.266181945800781250e-01 9.686809778213500977e-02
3.333333432674407959e-01 2.222222238779067993e-01 2.164829708635807037e-02 4.188667237758636475e-02 1.330016851425170898e-01 2.344375848770141602e-01 2.123090066015720367e-02 6.828029751777648926e-01 3.313310146331787109e-01 8.555994629859924316e-01 2.911551296710968018e-01 2.216164395213127136e-02 4.099263250827789307e-02 1.576796919107437134e-01 2.221456021070480347e-01 1.342592015862464905e-02 7.613255977630615234e-01 2.020316720008850098e-01 5.568392276763916016e-01 3.780987858772277832e-01 5.133468657732009888e-04 -8.940398693084716797e-04 2.467800676822662354e-02 -1.229198276996612549e-02 -7.804980501532554626e-03 7.852262258529663086e-02 -1.292993426322937012e-01 -2.987602353096008301e-01 8.694365620613098145e-02
4.444444477558135986e-01 2.222222238779067993e-01 2.461753226816654205e-02 4.242497682571411133e-02 1.019695773720741272e-01 2.195290029048919678e-01 1.957229152321815491e-02 6.704893708229064941e-01 3.287535607814788818e-01 8.477110862731933594e-01 2.892805039882659912e-01 2.457815036177635193e-02 4.107569158077239990e-02 1.217416971921920776e-01 2.025704234838485718e-01 1.311898604035377502e-02 7.181178927421569824e-01 2.196254730224609375e-01 5.979213714599609375e-01 3.612295091152191162e-01 -3.938190639019012451e-05 -1.349285244941711426e-03 1.977211982011795044e-02 -1.695857942104339600e-02 -6.453305482864379883e-03 4.762852191925048828e-02 -1.091280877590179443e-01 -2.497897148132324219e-01 7.194900512695312500e-02
5.555555820465087891e-01 2.222222238779067993e-01 2.461753226816654205e-02 4.174938052892684937e-02 6.389926373958587646e-02 1.954201012849807739e-01 1.638724841177463531e-02 6.411066055297851562e-01 3.288202583789825439e-01 8.424340486526489258e-01 2.809948027133941650e-01 2.427173778414726257e-02 3.996866196393966675e-02 7.869319617748260498e-02 1.795476526021957397e-01 1.244926080107688904e-02 6.608175635337829590e-01 2.521070539951324463e-01 6.709916591644287109e-01 3.307673037052154541e-01 -3.457944840192794800e-04 -1.780718564987182617e-03 1.479393243789672852e-02 -1.587244868278503418e-02 -3.937987610697746277e-03 1.971095800399780273e-02 -7.671320438385009766e-02 -1.714423894882202148e-01 4.977250099182128906e-02
6.666666865348815918e-01 2.222222238779067993e-01 2.164829522371292114e-02 4.017600417137145996e-02 2.741012349724769592e-02 1.707857847213745117e-01 1.198695413768291473e-02 6.092614531517028809e-01 3.315677940845489502e-01 8.419670462608337402e-01 2.696755230426788330e-01 2.145999297499656677e-02 3.818661719560623169e-02 3.922223299741744995e-02 1.645897775888442993e-01 1.091379299759864807e-02 6.199768781661987305e-01 2.981613874435424805e-01 7.709025144577026367e-01 2.927604317665100098e-01 -1.883022487163543701e-04 -1.989386975765228271e-03 1.181210950016975403e-02 -6.196007132530212402e-03 -1.073161140084266663e-03 1.071542501449584961e-02 -3.340640664100646973e-02 -7.106453180313110352e-02 2.308490872383117676e-02
7.777777910232543945e-01 2.222222238779067993e-01 1.606794819235801697e-02 3.807435184717178345e-02 2.176783978939056396e-03 1.546825617551803589e-01 6.441341247409582138e-03 6.224513649940490723e-01 3.357439935207366943e-01 8.537335991859436035e-01 2.714055478572845459e-01 1.659257337450981140e-02 3.620005398988723755e-02 1.311909034848213196e-02 1.647235900163650513e-01 7.511783391237258911e-03 6.539923548698425293e-01 3.483694195747375488e-01 8.875199556350708008e-01 2.738200128078460693e-01 5.246251821517944336e-04 -1.874297857284545898e-03 1.094230636954307556e-02 1.004102826118469238e-02 1.070442143827676773e-03 3.154098987579345703e-02 1.262542605400085449e-02 3.378635644912719727e-02 2.414464950561523438e-03
8.888888955116271973e-01 2.222222238779067993e-01 8.549575693905353546e-03 3.573866188526153564e-02 -1.443383097648620605e-02 1.428913325071334839e-01 -1.595416542841121554e-04 6.499303579330444336e-01 3.394104242324829102e-01 8.672623634338378906e-01 2.776012122631072998e-01 1.021977886557579041e-02 3.427061438560485840e-02 5.849078297615051270e-05 1.705334931612014771e-01 2.135891467332839966e-03 7.232569456100463867e-01 3.872489929199218750e-01 9.858057498931884766e-01 2.728318274021148682e-01 1.670203171670436859e-03 -1.468047499656677246e-03 1.449232175946235657e-02 2.764216065406799316e-02 2.295433077961206436e-03 7.332658767700195312e-02 4.783856868743896484e-02 1.185433864593505859e-01 -4.769384860992431641e-03
1.111111119389533997e-01 3.333333432674407959e-01 9.873271919786930084e-03 5.598868429660797119e-02 1.754754185676574707e-01 2.310776114463806152e-01 1.698016747832298279e-02 6.830290555953979492e-01 3.194404244422912598e-01 8.290737271308898926e-01 2.976968288421630859e-01 1.163456961512565613e-02 5.542157590389251709e-02 2.014733403921127319e-01 2.325473576784133911e-01 1.082338765263557434e-02 8.132522106170654297e-01 1.616962999105453491e-01 4.549376666545867920e-01 4.067657887935638428e-01 1.761297695338726044e-03 -5.671083927154541016e-04 2.599792182445526123e-02 1.469746232032775879e-03 -6.156779825687408447e-03 1.302231550216674805e-01 -1.577441245317459106e-01 -3.741360604763031006e-01 1.090689599514007568e-01
2.222222238779067993e-01 3.333333432674407959e-01 1.855568028986454010e-02 6.075897067785263062e-02 1.680027097463607788e-01 2.445410341024398804e-01 1.293124724179506302e-02 6.916645169258117676e-01 3.205935060977935791e-01 8.330686092376708984e-01 2.992599606513977051e-01 1.943602785468101501e-02 6.028879433870315552e-02 1.940576881170272827e-01 2.382791489362716675e-01 8.052032440900802612e-03 7.933317422866821289e-01 1.749685257673263550e-01 4.889590442180633545e-01 3.972773253917694092e-01 8.803475648164749146e-04 -4.701763391494750977e-04 2.605497837066650391e-02 -6.261885166168212891e-03 -4.879214800894260406e-03 1.016672253608703613e-01 -1.456249803304672241e-01 -3.441095650196075439e-01 9.801736474037170410e-02
3.333333432674407959e-01 3.333333432674407959e-01 2.500000223517417908e-02 6.347151100635528564e-02 1.437417119741439819e-01 2.403262406587600708e-01 6.981687620282173157e-03 6.883466839790344238e-01 3.201491236686706543e-01 8.315324783325195312e-01 2.986643314361572266e-01 2.506585046648979187e-02 6.276796013116836548e-02 1.667358428239822388e-01 2.258841246366500854e-01 4.193399101495742798e-03 7.547364234924316406e-01 1.897549033164978027e-01 5.252458453178405762e-01 3.840111792087554932e-01 6.584823131561279297e-05 -7.035508751869201660e-04 2.299413084983825684e-02 -1.444211602210998535e-02 -2.788288518786430359e-03 6.638973951339721680e-02 -1.303942203521728516e-01 -3.062866330146789551e-01 8.534684777259826660e-02
4.444444477558135986e-01 3.333333432674407959e-01 2.842895314097404480e-02 6.389081478118896484e-02 1.052174940705299377e-01 2.194444239139556885e-01 9.852466173470020294e-04 6.672764420509338379e-01 3.204940855503082275e-01 8.287920951843261719e-01 2.929913103580474854e-01 2.785375341773033142e-02 6.270459294319152832e-02 1.213794052600860596e-01 2.004513293504714966e-01 6.763264536857604980e-05 6.942268610000610352e-01 2.126228660345077515e-01 5.787802934646606445e-01 3.610491752624511719e-01 -5.751997232437133789e-04 -1.186221837997436523e-03 1.616191118955612183e-02 -1.899309456348419189e-02 -9.176139719784259796e-04 2.695041894912719727e-02 -1.078712195158004761e-01 -2.500118017196655273e-01 6.805786490440368652e-02
5.555555820465087891e-01 3.333333432674407959e-01 2.842894941568374634e-02 6.237072870135307312e-02 5.445099622011184692e-02 1.841934621334075928e-01 -3.710692515596747398e-03 5.978924632072448730e-01 3.234179317951202393e-01 8.220330476760864258e-01 2.708525955677032471e-01 2.755699679255485535e-02 6.062744557857513428e-02 6.723596155643463135e-02 1.674578338861465454e-01 -3.389161080121994019e-03 5.893518328666687012e-01 2.498492002487182617e-01 6.567414402961730957e-01 3.142757415771484375e-01 -8.719526231288909912e-04 -1.743283122777938843e-03 1.278496533632278442e-02 -1.673562824726104736e-02 3.215314354747533798e-04 -8.540630340576171875e-03 -7.356873154640197754e-02 -1.652916073799133301e-01 4.342314600944519043e-02
6.666666865348815918e-01 3.333333432674407959e-01 2.500000037252902985e-02 5.962250754237174988e-02 7.967282086610794067e-03 1.517322510480880737e-01 -6.607891991734504700e-03 5.153606534004211426e-01 3.290734589099884033e-01 8.139718174934387207e-01 2.367630600929260254e-01 2.435531839728355408e-02 5.754010379314422607e-02 2.115814760327339172e-02 1.464124470949172974e-01 -5.739893764257431030e-03 4.909998476505279541e-01 3.003010153770446777e-01 7.483388781547546387e-01 2.459812909364700317e-01 -6.446819752454757690e-04 -2.082403749227523804e-03 1.319086551666259766e-02 -5.319803953170776367e-03 8.679982274770736694e-04 -2.436080574989318848e-02 -2.877244353294372559e-02 -6.563293933868408203e-02 9.218230843544006348e-03
7.777777910232543945e-01 3.333333432674407959e-01 1.855567470192909241e-02 5.638204142451286316e-02 -1.531005650758743286e-02 1.406071782112121582e-01 -8.009299635887145996e-03 5.608739852905273438e-01 3.359513282775878906e-01 8.401167392730712891e-01 2.503548562526702881e-01 1.873771473765373230e-02 5.441637337207794189e-02 -7.277619093656539917e-03 1.502987593412399292e-01 -7.033269852399826050e-03 5.516515374183654785e-01 3.555522263050079346e-01 8.780215382575988770e-01 2.347294241189956665e-01 1.820400357246398926e-04 -1.965668052434921265e-03 8.032437413930892944e-03 9.691581130027770996e-03 9.760297834873199463e-04 -9.222447872161865234e-03 1.960089802742004395e-02 3.790479898452758789e-02 -1.562543213367462158e-02
8.888888955116271973e-01 3.333333432674407959e-01 9.873267263174057007e-03 5.313185602426528931e-02 -2.971149981021881104e-02 1.345020532608032227e-01 -8.734902366995811462e-03 6.358060836791992188e-01 3.416403830051422119e-01 8.692317605018615723e-01 2.721444070339202881e-01 1.134861633181571960e-02 5.180462449789047241e-02 -2.133889123797416687e-02 1.613950580358505249e-01 -7.458668202161788940e-03 6.714633703231811523e-01 3.998514413833618164e-01 1.000881910324096680e+00 2.515670359134674072e-01 1.475349068641662598e-03 -1.327231526374816895e-03 8.372608572244644165e-03 2.689300477504730225e-02 1.276234164834022522e-03 3.565728664398193359e-02 5.821105837821960449e-02 1.316501498222351074e-01 -2.057737112045288086e-02
1.111111119389533997e-01 4.444444477558135986e-01 9.356226772069931030e-03 7.528643310070037842e-02 1.741465926170349121e-01 2.356242686510086060e-01 1.949526928365230560e-02 6.921546459197998047e-01 3.257948458194732666e-01 8.448314666748046875e-01 2.965696752071380615e-01 1.105326786637306213e-02 7.483348250389099121e-02 1.945651322603225708e-01 2.346799820661544800e-01 1.399572566151618958e-02 8.112174868583679199e-01 1.870579421520233154e-01 5.211189985275268555e-01 3.929347693920135498e-01 1.697041094303131104e-03 -4.529505968093872070e-04 2.041853964328765869e-02 -9.442865848541259766e-04 -5.499543622136116028e-03 1.190628409385681152e-01 -1.387369036674499512e-01 -3.237124681472778320e-01 9.636509418487548828e-02
2.222222238779067993e-01 4.444444477558135986e-01 1.758395321667194366e-02 8.198460936546325684e-02 1.687992513179779053e-01 2.498263120651245117e-01 8.009478449821472168e-03 7.019767165184020996e-01 3.180404305458068848e-01 8.289345502853393555e-01 3.031904101371765137e-01 1.802962645888328552e-02 8.177801966667175293e-02 1.876129359006881714e-01 2.402825951576232910e-01 6.050363183021545410e-03 7.836497426033020020e-01 1.890287101268768311e-01 5.248827338218688965e-01 3.883678913116455078e-01 4.456732422113418579e-04 -2.065896987915039062e-04 1.881368458271026611e-02 -9.543716907501220703e-03 -1.959115266799926758e-03 8.167302608489990234e-02 -1.290117204189300537e-01 -3.040518164634704590e-01 8.517748117446899414e-02
3.333333432674407959e-01 4.444444477558135986e-01 2.369079552590847015e-02 8.548400551080703735e-02 1.459837704896926880e-01 2.439892441034317017e-01 -4.369670525193214417e-03 6.983936429023742676e-01 3.119868338108062744e-01 8.146530389785766602e-01 3.055888712406158447e-01 2.315619960427284241e-02 8.513952046632766724e-02 1.630245298147201538e-01 2.270541042089462280e-01 -2.776550129055976868e-03 7.410919666290283203e-01 1.927835196256637573e-01 5.322024226188659668e-01 3.803111612796783447e-01 -5.345959216356277466e-04 -3.444850444793701172e-04 1.704075932502746582e-02 -1.693513989448547363e-02 1.593120396137237549e-03 4.269832372665405273e-02 -1.192033141851425171e-01 -2.824506163597106934e-01 7.472229003906250000e-02
4.444444477558135986e-01 4.444444477558135986e-01 2.694017812609672546e-02 8.552554994821548462e-02 1.087772920727729797e-01 2.203150093555450439e-01 -1.457812078297138214e-02 6.791164278984069824e-01 3.088845014572143555e-01 8.046584129333496094e-01 3.025231659412384033e-01 2.582367882132530212e-02 8.467119187116622925e-02 1.219499111175537109e-01 1.999595463275909424e-01 -1.067875325679779053e-02 6.839787960052490234e-01 2.081933170557022095e-01 5.670463442802429199e-01 3.618265390396118164e-01 -1.116499304771423340e-03 -8.543580770492553711e-04 1.317261904478073120e-02 -2.035546302795410156e-02 3.899367526173591614e-03 4.862368106842041016e-03 -1.006911844015121460e-01 -2.376120686531066895e-01 5.930337309837341309e-02
5.555555820465087891e-01 4.444444477558135986e-01 2.694017626345157623e-02 8.282317221164703369e-02 6.188413500785827637e-02 1.858423054218292236e-01 -2.082047425210475922e-02 6.313620805740356445e-01 3.126539289951324463e-01 8.050701022148132324e-01 2.874779701232910156e-01 2.571548148989677429e-02 8.128452301025390625e-02 7.077330350875854492e-02 1.686319410800933838e-01 -1.658502593636512756e-02 6.039844155311584473e-01 2.437551319599151611e-01 6.445557475090026855e-01 3.221378922462463379e-01 -1.224694773554801941e-03 -1.538649201393127441e-03 8.889168500900268555e-03 -1.721036434173583984e-02 4.235448315739631653e-03 -2.737766504287719727e-02 -6.889879703521728516e-02 -1.605143547058105469e-01 3.465992212295532227e-02
6.666666865348815918e-01 4.444444477558135986e-01 2.369079366326332092e-02 7.864134013652801514e-02 1.822815090417861938e-02 1.551354378461837769e-01 -2.253338508307933807e-02 5.789321064949035645e-01 3.225668668746948242e-01 8.161254525184631348e-01 2.650485634803771973e-01 2.286608144640922546e-02 7.663340121507644653e-02 2.544843032956123352e-02 1.486218422651290894e-01 -1.937026157975196838e-02 5.371076464653015137e-01 2.967772483825683594e-01 7.518535852432250977e-01 2.666968107223510742e-01 -8.247122168540954590e-04 -2.007938921451568604e-03 7.220279425382614136e-03 -6.513595581054687500e-03 3.163123503327369690e-03 -4.182446002960205078e-02 -2.578961849212646484e-02 -6.427186727523803711e-02 1.648247241973876953e-03
7.777777910232543945e-01 4.444444477558135986e-01 1.758394762873649597e-02 7.420340180397033691e-02 -9.247064590454101562e-03 1.410590857267379761e-01 -2.025571092963218689e-02 6.016888618469238281e-01 3.354475498199462891e-01 8.486351370811462402e-01 2.649296820163726807e-01 1.762501522898674011e-02 7.227297872304916382e-02 -4.260014742612838745e-03 1.509716063737869263e-01 -1.835653558373451233e-02 5.774505734443664551e-01 3.561405539512634277e-01 8.862288594245910645e-01 2.442122101783752441e-01 4.106760025024414062e-05 -1.930423080921173096e-03 4.987049847841262817e-03 9.912520647048950195e-03 1.899175345897674561e-03 -2.423828840255737305e-02 2.069300413131713867e-02 3.759372234344482422e-02 -2.071747183799743652e-02
8.888888955116271973e-01 4.444444477558135986e-01 9.356222115457057953e-03 7.020761817693710327e-02 -2.641450613737106323e-02 1.355322897434234619e-01 -1.568151824176311493e-02 6.472718119621276855e-01 3.475084304809570312e-01 8.842749595642089844e-01 2.723071575164794922e-01 1.054808124899864197e-02 6.901370733976364136e-02 -1.999829337000846863e-02 1.629397124052047729e-01 -1.418384537100791931e-02 6.875436305999755859e-01 4.070838987827301025e-01 1.019952297210693359e+00 2.527545094490051270e-01 1.191859133541584015e-03 -1.193910837173461914e-03 6.416212767362594604e-03 2.740742266178131104e-02 1.497672870755195618e-03 4.027181863784790039e-02 5.957546830177307129e-02 1.356773376464843750e-01 -1.955264806747436523e-02
1.111111119389533997e-01 5.555555820465087891e-01 7.484979461878538132e-03 9.490160644054412842e-02 1.968583166599273682e-01 2.933504283428192139e-01 3.163376078009605408e-02 8.685744404792785645e-01 4.256051778793334961e-01 1.097547769546508789e+00 2.893967032432556152e-01 8.686993271112442017e-03 9.464635699987411499e-02 1.919478625059127808e-01 2.887513637542724609e-01 3.068152442574501038e-02 9.010953307151794434e-01 3.888433873653411865e-01 1.019835948944091797e+00 3.113710582256317139e-01 1.202013809233903885e-03 -2.552494406700134277e-04 -4.910454154014587402e-03 -4.599064588546752930e-03 -9.522363543510437012e-04 3.252089023590087891e-02 -3.676179051399230957e-02 -7.771182060241699219e-02 2.197435498237609863e-02
2.222222238779067993e-01 5.555555820465087891e-01 1.406716089695692062e-02 1.036965698003768921e-01 1.937155425548553467e-01 3.167869150638580322e-01 8.819379843771457672e-03 8.783982992172241211e-01 4.245930016040802002e-01 1.097022533416748047e+00 2.918517589569091797e-01 1.398001238703727722e-02 1.038041636347770691e-01 1.828627437353134155e-01 3.040017783641815186e-01 9.233403950929641724e-03 8.677206039428710938e-01 3.865855634212493896e-01 1.009795904159545898e+00 3.060443699359893799e-01 -8.714850991964340210e-05 1.075938344001770020e-04 -1.085279881954193115e-02 -1.278513669967651367e-02 4.140241071581840515e-04 -1.067769527435302734e-02 -3.800743818283081055e-02 -8.722662925720214844e-02 1.419261097908020020e-02
3.333333432674407959e-01 5.555555820465087891e-01 1.895263418555259705e-02 1.079241782426834106e-01 1.704490035772323608e-01 3.135376274585723877e-01 -1.588157005608081818e-02 8.749706149101257324e-01 4.220660030841827393e-01 1.090804815292358398e+00 2.922206819057464600e-01 1.796567067503929138e-02 1.079804450273513794e-01 1.580096632242202759e-01 2.933577895164489746e-01 -1.282700151205062866e-02 8.240668773651123047e-01 3.770145475864410400e-01 9.813814163208007812e-01 3.015166223049163818e-01 -9.869635105133056641e-04 5.626678466796875000e-05 -1.243934035301208496e-02 -2.017983794212341309e-02 3.054568544030189514e-03 -5.090373754501342773e-02 -4.505145549774169922e-02 -1.094233989715576172e-01 9.295940399169921875e-03
4.444444477558135986e-01 5.555555820465087891e-01 2.155214175581932068e-02 1.073291972279548645e-01 1.333785653114318848e-01 2.815499007701873779e-01 -3.393103182315826416e-02 8.595285415649414062e-01 4.003461897373199463e-01 1.039627909660339355e+00 2.984111905097961426e-01 2.020887657999992371e-02 1.068411543965339661e-01 1.243355870246887207e-01 2.588680386543273926e-01 -2.925318852066993713e-02 7.797584533691406250e-01 3.560322225093841553e-01 9.270082116127014160e-01 3.018599748611450195e-01 -1.343265175819396973e-03 -4.880428314208984375e-04 -9.042978286743164062e-03 -2.268186211585998535e-02 4.677843302488327026e-03 -7.977008819580078125e-02 -4.431396722793579102e-02 -1.126196980476379395e-01 3.448784351348876953e-03
5.555555820465087891e-01 5.555555820465087891e-01 2.155213989317417145e-02 1.031067222356796265e-01 8.897254616022109985e-02 2.394276857376098633e-01 -4.232584685087203979e-02 8.372817039489746094e-01 3.883102238178253174e-01 1.008954763412475586e+00 2.991606593132019043e-01 2.038234099745750427e-02 1.018231064081192017e-01 8.654311299324035645e-02 2.237436026334762573e-01 -3.796859458088874817e-02 7.475423812866210938e-01 3.555157780647277832e-01 9.206068515777587891e-01 2.947481572628021240e-01 -1.169798895716667175e-03 -1.283615827560424805e-03 -2.429433166980743408e-03 -1.568408310413360596e-02 4.357252269983291626e-03 -8.973932266235351562e-02 -3.279444575309753418e-02 -8.834791183471679688e-02 -4.412502050399780273e-03
6.666666865348815918e-01 5.555555820465087891e-01 1.895263232290744781e-02 9.723251312971115112e-02 4.707835614681243896e-02 2.011566609144210815e-01 -4.143312573432922363e-02 8.187743425369262695e-01 3.856348693370819092e-01 9.999201893806457520e-01 2.964599132537841797e-01 1.835752651095390320e-02 9.538411349058151245e-02 4.964729025959968567e-02 1.969685703516006470e-01 -3.873173892498016357e-02 7.390834093093872070e-01 3.771598637104034424e-01 9.669917821884155273e-01 2.819389700889587402e-01 -5.951058119535446167e-04 -1.848399639129638672e-03 2.568934112787246704e-03 -4.188090562820434570e-03 2.701386809349060059e-03 -7.969093322753906250e-02 -8.475005626678466797e-03 -3.292840719223022461e-02 -1.452094316482543945e-02
7.777777910232543945e-01 5.555555820465087891e-01 1.406715530902147293e-02 9.153844416141510010e-02 1.599524915218353271e-02 1.755046993494033813e-01 -3.328879177570343018e-02 8.177821636199951172e-01 3.862319588661193848e-01 1.001093149185180664e+00 2.959739565849304199e-01 1.425163075327873230e-02 8.971556276082992554e-02 2.137296274304389954e-02 1.856885701417922974e-01 -3.235888108611106873e-02 7.812644839286804199e-01 4.111523926258087158e-01 1.049374103546142578e+00 2.761376798152923584e-01 1.844754442572593689e-04 -1.822881400585174561e-03 5.377713590860366821e-03 1.018387079238891602e-02 9.299106895923614502e-04 -3.651767969131469727e-02 2.492043375968933105e-02 4.828095436096191406e-02 -1.983627676963806152e-02
8.888888955116271973e-01 5.555555820465087891e-01 7.484976202249526978e-03 8.696596324443817139e-02 -1.536905765533447266e-03 1.643528044223785400e-01 -2.204570733010768890e-02 8.309124708175659180e-01 3.875875174999237061e-01 1.006296873092651367e+00 2.981542646884918213e-01 8.406590670347213745e-03 8.585339039564132690e-02 4.843104630708694458e-03 1.909951567649841309e-01 -2.159824594855308533e-02 8.953217267990112305e-01 4.439508914947509766e-01 1.142941236495971680e+00 2.872382700443267822e-01 9.216144680976867676e-04 -1.112572848796844482e-03 6.380010396242141724e-03 2.664235234260559082e-02 4.474613815546035767e-04 6.440925598144531250e-02 5.636337399482727051e-02 1.366443634033203125e-01 -1.091599464416503906e-02
1.111111119389533997e-01 6.666666865348815918e-01 4.936635494232177734e-03 1.148342117667198181e-01 1.977649331092834473e-01 3.202438354492187500e-01 4.330871626734733582e-02 1.011513113975524902e+00 4.430852234363555908e-01 1.159894824028015137e+00 3.088845312595367432e-01 5.322877317667007446e-03 1.147806569933891296e-01 1.797804981470108032e-01 3.158757090568542480e-01 4.829165711998939514e-02 9.914344549179077148e-01 4.645605385303497314e-01 1.205407381057739258e+00 2.973630726337432861e-01 3.862418234348297119e-04 -5.355477333068847656e-05 -1.798443496227264404e-02 -4.368126392364501953e-03 4.982940852642059326e-03 -2.007865905761718750e-02 2.147531509399414062e-02 4.551255702972412109e-02 -1.152145862579345703e-02
2.222222238779067993e-01 6.666666865348815918e-01 9.277840144932270050e-03 1.258948594331741333e-01 2.003410160541534424e-01 3.561111688613891602e-01 1.360484957695007324e-02 1.020152211189270020e+00 4.657174050807952881e-01 1.212624073028564453e+00 3.018883764743804932e-01 8.737262338399887085e-03 1.262475103139877319e-01 1.794179230928421021e-01 3.434227108955383301e-01 1.612031087279319763e-02 9.745483398437500000e-01 4.635527133941650391e-01 1.200340509414672852e+00 2.947184741497039795e-01 -5.405778065323829651e-04 3.526508808135986328e-04 -2.092309296131134033e-02 -1.268845796585083008e-02 2.515461295843124390e-03 -4.560387134552001953e-02 -2.164691686630249023e-03 -1.228356361389160156e-02 -7.169902324676513672e-03
3.333333432674407959e-01 6.666666865348815918e-01 1.250000018626451492e-02 1.307920217514038086e-01 1.814370900392532349e-01 3.623705804347991943e-01 -2.258942835032939911e-02 1.017151594161987305e+00 4.888442158699035645e-01 1.264033913612365723e+00 2.928800880908966064e-01 1.138108596205711365e-02 1.311497539281845093e-01 1.617726981639862061e-01 3.409826755523681641e-01 -1.941693201661109924e-02 9.288763999938964844e-01 4.788423478603363037e-01 1.225877642631530762e+00 2.800429463386535645e-01 -1.118914224207401276e-03 3.577321767807006836e-04 -1.966439187526702881e-02 -2.138790488243103027e-02 3.172496333718299866e-03 -8.827519416809082031e-02 -1.000186800956726074e-02 -3.815627098083496094e-02 -1.283714175224304199e-02
4.444444477558135986e-01 6.666666865348815918e-01 1.421447470784187317e-02 1.293017268180847168e-01 1.529332250356674194e-01 3.227280974388122559e-01 -4.736566543579101562e-02 1.003909587860107422e+00 4.453314244747161865e-01 1.163894295692443848e+00 3.067730665206909180e-01 1.302723214030265808e-02 1.290767490863800049e-01 1.321206092834472656e-01 3.012952804565429688e-01 -4.679745808243751526e-02 8.746744990348815918e-01 4.459002315998077393e-01 1.143402457237243652e+00 2.821280360221862793e-01 -1.187242567539215088e-03 -2.249777317047119141e-04 -2.081261575222015381e-02 -2.143281698226928711e-02 5.682073533535003662e-04 -1.292350888252258301e-01 5.688071250915527344e-04 -2.049183845520019531e-02 -2.464503049850463867e-02
5.555555820465087891e-01 6.666666865348815918e-01 1.421447470784187317e-02 1.232213601469993591e-01 1.144358813762664795e-01 2.746795415878295898e-01 -5.768366158008575439e-02 9.865901470184326172e-01 4.258495569229125977e-01 1.116856217384338379e+00 3.113272190093994141e-01 1.341470703482627869e-02 1.221351474523544312e-01 9.564916789531707764e-02 2.584628760814666748e-01 -5.983892455697059631e-02 8.306552767753601074e-01 4.446919560432434082e-01 1.132059574127197266e+00 2.728581428527832031e-01 -7.997676730155944824e-04 -1.086212694644927979e-03 -1.878671348094940186e-02 -1.621666550636291504e-02 -2.155262976884841919e-03 -1.559348702430725098e-01 1.884239912033081055e-02 1.520335674285888672e-02 -3.846907615661621094e-02
6.666666865348815918e-01 6.666666865348815918e-01 1.249999832361936569e-02 1.153960153460502625e-01 7.625566422939300537e-02 2.336207181215286255e-01 -5.551856011152267456e-02 9.732995033264160156e-01 4.271129071712493896e-01 1.117826700210571289e+00 3.085846602916717529e-01 1.232148334383964539e-02 1.137231811881065369e-01 6.103794649243354797e-02 2.292186766862869263e-01 -5.805036053061485291e-02 8.225925564765930176e-01 4.669771790504455566e-01 1.178015828132629395e+00 2.613205313682556152e-01 -1.785149797797203064e-04 -1.672834157943725586e-03 -1.521771773695945740e-02 -4.402041435241699219e-03 -2.531800419092178345e-03 -1.507069468498229980e-01 3.986427187919616699e-02 6.018912792205810547e-02 -4.726412892341613770e-02
7.777777910232543945e-01 6.666666865348815918e-01 9.277836419641971588e-03 1.083871573209762573e-01 4.844866320490837097e-02 2.071126997470855713e-01 -4.270091280341148376e-02 9.703375697135925293e-01 4.307163655757904053e-01 1.125603675842285156e+00 3.066645860671997070e-01 9.652372449636459351e-03 1.067002788186073303e-01 3.781764581799507141e-02 2.171242684125900269e-01 -4.510812833905220032e-02 8.858367800712585449e-01 4.910813868045806885e-01 1.243464350700378418e+00 2.660471200942993164e-01 3.745360299944877625e-04 -1.686878502368927002e-03 -1.063101738691329956e-02 1.001156866550445557e-02 -2.407215535640716553e-03 -8.450078964233398438e-02 6.036502122879028320e-02 1.178606748580932617e-01 -4.061746597290039062e-02
8.888888955116271973e-01 6.666666865348815918e-01 4.936633165925741196e-03 1.034068763256072998e-01 3.489273041486740112e-02 1.985883116722106934e-01 -2.583448775112628937e-02 9.790291190147399902e-01 4.327132999897003174e-01 1.131446838378906250e+00 3.073862493038177490e-01 5.495484918355941772e-03 1.022845506668090820e-01 2.883874252438545227e-02 2.234084457159042358e-01 -2.725726738572120667e-02 1.038805961608886719e+00 5.106381177902221680e-01 1.316242575645446777e+00 2.888212203979492188e-01 5.588517524302005768e-04 -1.122325658798217773e-03 -6.053987890481948853e-03 2.482013404369354248e-02 -1.422779634594917297e-03 5.977684259414672852e-02 7.792481780052185059e-02 1.847957372665405273e-01 -1.856502890586853027e-02
1.111111119389533997e-01 7.777777910232543945e-01 2.442736178636550903e-03 1.350842267274856567e-01 1.655221432447433472e-01 3.092311918735504150e-01 5.742374435067176819e-02 1.011966705322265625e+00 4.419253170490264893e-01 1.157310366630554199e+00 3.093958497047424316e-01 2.058822661638259888e-03 1.351542174816131592e-01 1.507173478603363037e-01 3.067229092121124268e-01 6.432047486305236816e-02 9.825716018676757812e-01 4.694107472896575928e-01 1.214783430099487305e+00 2.939448952674865723e-01 -3.839135169982910156e-04 6.999075412750244141e-05 -1.480479538440704346e-02 -2.508282661437988281e-03 6.896730512380599976e-03 -2.939510345458984375e-02 2.748543024063110352e-02 5.747306346893310547e-02 -1.545095443725585938e-02
2.222222238779067993e-01 7.777777910232543945e-01 4.590842407196760178e-03 1.485794633626937866e-01 1.743043512105941772e-01 3.503247797489166260e-01 2.336815744638442993e-02 1.018378853797912598e+00 4.652641415596008301e-01 1.211321353912353516e+00 3.017566204071044922e-01 3.842186182737350464e-03 1.489759087562561035e-01 1.578193455934524536e-01 3.369114696979522705e-01 2.712172642350196838e-02 9.726041555404663086e-01 4.656684994697570801e-01 1.204735636711120605e+00 2.935549914836883545e-01 -7.486562244594097137e-04 3.964453935623168945e-04 -1.648500561714172363e-02 -1.341331005096435547e-02 3.753568977117538452e-03 -4.577469825744628906e-02 4.043579101562500000e-04 -6.585717201232910156e-03 -8.201628923416137695e-03
3.333333432674407959e-01 7.777777910232543945e-01 6.185225211083889008e-03 1.540875136852264404e-01 1.646952480077743530e-01 3.607938587665557861e-01 -1.963832601904869080e-02 1.016152024269104004e+00 4.893527328968048096e-01 1.264995217323303223e+00 2.925187349319458008e-01 5.251582711935043335e-03 1.544963121414184570e-01 1.506846398115158081e-01 3.392782211303710938e-01 -1.536162570118904114e-02 9.434193968772888184e-01 4.810890555381774902e-01 1.233582019805908203e+00 2.820725142955780029e-01 -9.336424991488456726e-04 4.087984561920166016e-04 -1.401060819625854492e-02 -2.151563763618469238e-02 4.276700317859649658e-03 -7.273262739181518555e-02 -8.263677358627319336e-03 -3.141319751739501953e-02 -1.044622063636779785e-02
4.444444477558135986e-01 7.777777910232543945e-01 7.033578585833311081e-03 1.514431536197662354e-01 1.477824300527572632e-01 3.235862851142883301e-01 -5.039503425359725952e-02 1.006327986717224121e+00 4.481666982173919678e-01 1.170708894729614258e+00 3.061087727546691895e-01 6.238605827093124390e-03 1.512422710657119751e-01 1.314065903425216675e-01 3.049015402793884277e-01 -4.911930486559867859e-02 9.076024889945983887e-01 4.484362304210662842e-01 1.155072689056396484e+00 2.878893911838531494e-01 -7.949727587401866913e-04 -2.008825540542602539e-04 -1.637583971023559570e-02 -1.868474483489990234e-02 1.275729387998580933e-03 -9.872549772262573242e-02 2.695322036743164062e-04 -1.563620567321777344e-02 -1.821938157081604004e-02
5.555555820465087891e-01 7.777777910232543945e-01 7.033577654510736465e-03 1.431671082973480225e-01 1.202568635344505310e-01 2.772948145866394043e-01 -6.293251365423202515e-02 9.935035109519958496e-01 4.298925399780273438e-01 1.127109527587890625e+00 3.109200596809387207e-01 6.657954305410385132e-03 1.421249210834503174e-01 1.032313257455825806e-01 2.634112536907196045e-01 -6.575354933738708496e-02 8.700686693191528320e-01 4.498883485794067383e-01 1.151240229606628418e+00 2.794733047485351562e-01 -3.756233491003513336e-04 -1.042187213897705078e-03 -1.702553778886795044e-02 -1.388356089591979980e-02 -2.821035683155059814e-03 -1.234348416328430176e-01 1.999580860137939453e-02 2.413070201873779297e-02 -3.144675493240356445e-02
6.666666865348815918e-01 7.777777910232543945e-01 6.185224745422601700e-03 1.331318467855453491e-01 9.227018058300018311e-02 2.380437552928924561e-01 -5.949009954929351807e-02 9.836792945861816406e-01 4.314952790737152100e-01 1.129353761672973633e+00 3.086514174938201904e-01 6.296705454587936401e-03 1.315958052873611450e-01 7.531331479549407959e-02 2.340594083070755005e-01 -6.409825384616851807e-02 8.528250455856323242e-01 4.790357947349548340e-01 1.210466027259826660e+00 2.634399533271789551e-01 1.114807091653347015e-04 -1.536041498184204102e-03 -1.695686578750610352e-02 -3.984346985816955566e-03 -4.608154296875000000e-03 -1.308542490005493164e-01 4.754051566123962402e-02 8.111226558685302734e-02 -4.521146416664123535e-02
7.777777910232543945e-01 7.777777910232543945e-01 4.590841010212898254e-03 1.247495487332344055e-01 7.339872419834136963e-02 2.147665023803710938e-01 -4.335199296474456787e-02 9.814524650573730469e-01 4.356179833412170410e-01 1.138424038887023926e+00 3.066770136356353760e-01 4.947241395711898804e-03 1.231941655278205872e-01 5.715714767575263977e-02 2.236220985651016235e-01 -4.884606227278709412e-02 9.018968343734741211e-01 5.111058950424194336e-01 1.289694070816040039e+00 2.616700530052185059e-01 3.564003854990005493e-04 -1.555383205413818359e-03 -1.624157652258872986e-02 8.855596184730529785e-03 -5.494069308042526245e-03 -7.955563068389892578e-02 7.548791170120239258e-02 1.512700319290161133e-01 -4.500696063041687012e-02
8.888888955116271973e-01 7.777777910232543945e-01 2.442735247313976288e-03 1.195303574204444885e-01 6.669191271066665649e-02 2.114276736974716187e-01 -2.360690571367740631e-02 9.878647923469543457e-01 4.392125904560089111e-01 1.147565484046936035e+00 3.063896000385284424e-01 2.493958920240402222e-03 1.182738915085792542e-01 5.130045488476753235e-02 2.322709411382675171e-01 -2.796394005417823792e-02 1.043157100677490234e+00 5.361129045486450195e-01 1.373110055923461914e+00 2.806163132190704346e-01 5.122367292642593384e-05 -1.256465911865234375e-03 -1.539145782589912415e-02 2.084326744079589844e-02 -4.357034340500831604e-03 5.529230833053588867e-02 9.690031409263610840e-02 2.255445718765258789e-01 -2.577328681945800781e-02
1.111111119389533997e-01 8.888888955116271973e-01 6.498763104900717735e-04 1.556516736745834351e-01 1.421992927789688110e-01 3.006437122821807861e-01 7.424833625555038452e-02 1.006410717964172363e+00 4.378705918788909912e-01 1.147231936454772949e+00 3.100126385688781738e-01 -6.390735507011413574e-05 1.556839048862457275e-01 1.359520852565765381e-01 3.018147051334381104e-01 8.267544209957122803e-02 9.847513437271118164e-01 4.711184203624725342e-01 1.218965411186218262e+00 2.936931848526000977e-01 -7.137836655601859093e-04 3.223121166229248047e-05 -6.247207522392272949e-03 1.170992851257324219e-03 8.427105844020843506e-03 -2.165937423706054688e-02 3.324782848358154297e-02 7.173347473144531250e-02 -1.631945371627807617e-02
2.222222238779067993e-01 8.888888955116271973e-01 1.221367856487631798e-03 1.717504113912582397e-01 1.578019708395004272e-01 3.406964838504791260e-01 3.605251386761665344e-02 1.009822607040405273e+00 4.435868859291076660e-01 1.160792708396911621e+00 3.084163963794708252e-01 5.529187619686126709e-04 1.718477904796600342e-01 1.486217826604843140e-01 3.288583755493164062e-01 4.099777713418006897e-02 9.840992093086242676e-01 4.457049369812011719e-01 1.161729812622070312e+00 3.032498955726623535e-01 -6.684490945190191269e-04 9.737908840179443359e-05 -9.180188179016113281e-03 -1.183810830116271973e-02 4.945263266563415527e-03 -2.572339773178100586e-02 2.118051052093505859e-03 9.371042251586914062e-04 -5.166500806808471680e-03
3.333333432674407959e-01 8.888888955116271973e-01 1.645544543862342834e-03 1.778106987476348877e-01 1.575502306222915649e-01 3.484951555728912354e-01 -1.024960912764072418e-02 1.008637666702270508e+00 4.493914842605590820e-01 1.173842072486877441e+00 3.060350418090820312e-01 1.018341630697250366e-03 1.778632849454879761e-01 1.493333280086517334e-01 3.302711844444274902e-01 -7.030855864286422729e-03 9.747264385223388672e-01 4.380151331424713135e-01 1.142856121063232422e+00 3.045851588249206543e-01 -6.272029131650924683e-04 5.258619785308837891e-05 -8.216902613639831543e-03 -1.822397112846374512e-02 3.218753263354301453e-03 -3.391122817993164062e-02 -1.137635111808776855e-02 -3.098595142364501953e-02 -1.449882984161376953e-03
4.444444477558135986e-01 8.888888955116271973e-01 1.871244283393025398e-03 1.737534850835800171e-01 1.451618671417236328e-01 3.204237520694732666e-01 -4.671724140644073486e-02 1.003410339355468750e+00 4.370261728763580322e-01 1.144866466522216797e+00 3.098374307155609131e-01 1.401316374540328979e-03 1.732086688280105591e-01 1.372628062963485718e-01 3.031519353389739990e-01 -4.502016678452491760e-02 9.593969583511352539e-01 4.279320240020751953e-01 1.117626309394836426e+00 3.058456778526306152e-01 -4.699279088526964188e-04 -5.448162555694580078e-04 -7.899060845375061035e-03 -1.727181673049926758e-02 1.697074621915817261e-03 -4.401338100433349609e-02 -9.094148874282836914e-03 -2.724015712738037109e-02 -3.991752862930297852e-03
5.555555820465087891e-01 8.888888955116271973e-01 1.871244050562381744e-03 1.629439592361450195e-01 1.239729300141334534e-01 2.779396772384643555e-01 -6.291540712118148804e-02 9.965866804122924805e-01 4.318402409553527832e-01 1.132013082504272461e+00 3.106849789619445801e-01 1.675080507993698120e-03 1.617121845483779907e-01 1.151201575994491577e-01 2.662901282310485840e-01 -6.331661343574523926e-02 9.359616637229919434e-01 4.372887611389160156e-01 1.135091662406921387e+00 2.978742718696594238e-01 -1.961635425686836243e-04 -1.231774687767028809e-03 -8.852772414684295654e-03 -1.164954900741577148e-02 -4.012063145637512207e-04 -6.062501668930053711e-02 5.448520183563232422e-03 3.078579902648925781e-03 -1.281070709228515625e-02
6.666666865348815918e-01 8.888888955116271973e-01 1.645544311031699181e-03 1.504400074481964111e-01 1.034293621778488159e-01 2.392389923334121704e-01 -5.823873355984687805e-02 9.913594126701354980e-01 4.329733848571777344e-01 1.133851408958435059e+00 3.093776702880859375e-01 1.707535237073898315e-03 1.489623486995697021e-01 9.293226897716522217e-02 2.375607043504714966e-01 -6.115246191620826721e-02 9.225776791572570801e-01 4.640803635120391846e-01 1.192318677902221680e+00 2.846037447452545166e-01 6.199092604219913483e-05 -1.477658748626708984e-03 -1.049709320068359375e-02 -1.678287982940673828e-03 -2.913728356361389160e-03 -6.878173351287841797e-02 3.110697865486145020e-02 5.846726894378662109e-02 -2.477392554283142090e-02
7.777777910232543945e-01 8.888888955116271973e-01 1.221367507241666317e-03 1.406256109476089478e-01 9.131317585706710815e-02 2.177510559558868408e-01 -3.910619020462036133e-02 9.901744723320007324e-01 4.351855814456939697e-01 1.138731122016906738e+00 3.083282113075256348e-01 1.292821019887924194e-03 1.391741484403610229e-01 7.988290488719940186e-02 2.272079437971115112e-01 -4.449002072215080261e-02 9.589368700981140137e-01 4.962537586688995361e-01 1.269731044769287109e+00 2.793162167072296143e-01 7.145351264625787735e-05 -1.451462507247924805e-03 -1.143027096986770630e-02 9.456887841224670410e-03 -5.383830517530441284e-03 -3.123760223388671875e-02 6.106817722320556641e-02 1.309999227523803711e-01 -2.901199460029602051e-02
8.888888955116271973e-01 8.888888955116271973e-01 6.498760194517672062e-04 1.353364288806915283e-01 9.004023671150207520e-02 2.180640250444412231e-01 -1.764380745589733124e-02 9.935863614082336426e-01 4.371336996555328369e-01 1.143678426742553711e+00 3.081564903259277344e-01 2.204142510890960693e-04 1.337943077087402344e-01 7.759670913219451904e-02 2.348442226648330688e-01 -2.247844263911247253e-02 1.071523547172546387e+00 5.222256779670715332e-01 1.347730398178100586e+00 2.903716564178466797e-01 -4.294617683626711369e-04 -1.542121171951293945e-03 -1.244352757930755615e-02 1.678019762039184570e-02 -4.834635183215141296e-03 7.793718576431274414e-02 8.509197831153869629e-02 2.040519714355468750e-01 -1.778483390808105469e-02
