# x y true_fields pred_fields error_fields
1.111111119389533997e-01 1.111111119389533997e-01 5.199013277888298035e-03 1.834546960890293121e-02 1.250389814376831055e-01 2.070720046758651733e-01 1.798106543719768524e-02 6.730788946151733398e-01 3.371332585811614990e-01 8.666957616806030273e-01 2.853902578353881836e-01 5.789116490632295609e-03 1.804598420858383179e-02 1.293991506099700928e-01 1.888908445835113525e-01 1.315372437238693237e-02 6.820325851440429688e-01 2.337734401226043701e-01 6.294082999229431152e-01 3.461929857730865479e-01 5.901032127439975739e-04 -2.994854003190994263e-04 4.360169172286987305e-03 -1.818116009235382080e-02 -4.827341064810752869e-03 8.953690528869628906e-03 -1.033598184585571289e-01 -2.372874617576599121e-01 6.080272793769836426e-02
2.222222238779067993e-01 1.111111119389533997e-01 9.770948439836502075e-03 1.976666413247585297e-02 1.226828992366790771e-01 2.188857495784759521e-01 2.825987152755260468e-02 6.764907240867614746e-01 3.351877033710479736e-01 8.630257844924926758e-01 2.873768210411071777e-01 1.000312715768814087e-02 1.937387697398662567e-02 1.255140900611877441e-01 1.978334039449691772e-01 2.153376489877700806e-02 6.584049463272094727e-01 2.456455528736114502e-01 6.554253697395324707e-01 3.340875506401062012e-01 2.321787178516387939e-04 -3.927871584892272949e-04 2.831190824508666992e-03 -2.105234563350677490e-02 -6.726106628775596619e-03 -1.808577775955200195e-02 -8.954215049743652344e-02 -2.076004147529602051e-01 4.671072959899902344e-02
3.333333432674407959e-01 1.111111119389533997e-01 1.316436287015676498e-02 2.072950266301631927e-02 1.121711805462837219e-01 2.217943072319030762e-01 3.496995195746421814e-02 6.753002405166625977e-01 3.329732418060302734e-01 8.579144477844238281e-01 2.882634401321411133e-01 1.322744227945804596e-02 2.042703889310359955e-02 1.115397736430168152e-01 1.965095251798629761e-01 2.726348116993904114e-02 6.333767175674438477e-01 2.580397129058837891e-01 6.815623044967651367e-01 3.206538259983062744e-01 6.307940930128097534e-05 -3.024637699127197266e-04 -6.314069032669067383e-04 -2.528478205204010010e-02 -7.706470787525177002e-03 -4.192352294921875000e-02 -7.493352890014648438e-02 -1.763521432876586914e-01 3.239038586616516113e-02
4.444444477558135986e-01 1.111111119389533997e-01 1.496996171772480011e-02 2.112803980708122253e-02 9.492533653974533081e-02 2.160123586654663086e-01 3.757469728589057922e-02 6.699374318122863770e-01 3.315275609493255615e-01 8.537524342536926270e-01 2.876039445400238037e-01 1.496409811079502106e-02 2.075308188796043396e-02 9.037094563245773315e-02 1.837667673826217651e-01 2.882834896445274353e-02 5.954177379608154297e-01 2.603285014629364014e-01 6.816428899765014648e-01 3.091975450515747070e-01 -5.863606929779052734e-06 -3.749579191207885742e-04 -4.554390907287597656e-03 -3.224559128284454346e-02 -8.746348321437835693e-03 -7.451969385147094727e-02 -7.119905948638916016e-02 -1.721095442771911621e-01 2.159360051155090332e-02
5.555555820465087891e-01 1.111111119389533997e-01 1.496995985507965088e-02 2.095914073288440704e-02 7.373087853193283081e-02 2.037989944219589233e-01 3.596707433462142944e-02 6.622116565704345703e-01 3.315276801586151123e-01 8.523445725440979004e-01 2.854802906513214111e-01 1.494432054460048676e-02 2.037262171506881714e-02 6.454309821128845215e-02 1.620314568281173706e-01 2.673288807272911072e-02 5.363296270370483398e-01 2.530757188796997070e-01 6.560395956039428711e-01 2.961329817771911621e-01 -2.563931047916412354e-05 -5.865190178155899048e-04 -9.187780320644378662e-03 -4.176753759384155273e-02 -9.234186261892318726e-03 -1.258820295333862305e-01 -7.845196127891540527e-02 -1.963049769401550293e-01 1.065269112586975098e-02
6.666666865348815918e-01 1.111111119389533997e-01 1.316436100751161575e-02 2.030183561146259308e-02 5.216872319579124451e-02 1.884678602218627930e-01 3.032080642879009247e-02 6.557849049568176270e-01 3.329736888408660889e-01 8.543267250061035156e-01 2.828742265701293945e-01 1.316162198781967163e-02 1.966032944619655609e-02 3.833094239234924316e-02 1.382768601179122925e-01 2.243771404027938843e-02 4.651499688625335693e-01 2.490274608135223389e-01 6.339498162269592285e-01 2.728511095046997070e-01 -2.739019691944122314e-06 -6.415061652660369873e-04 -1.383778080344200134e-02 -5.019100010395050049e-02 -7.883092388510704041e-03 -1.906349360942840576e-01 -8.394622802734375000e-02 -2.203769087791442871e-01 -1.002311706542968750e-02
7.777777910232543945e-01 1.111111119389533997e-01 9.770944714546203613e-03 1.928033865988254547e-02 3.368616476655006409e-02 1.730692386627197266e-01 2.108961716294288635e-02 6.554397940635681152e-01 3.351891338825225830e-01 8.591177463531494141e-01 2.815416753292083740e-01 9.823549538850784302e-03 1.870763115584850311e-02 1.683785766363143921e-02 1.238474845886230469e-01 1.616418361663818359e-02 4.150298833847045898e-01 2.638522386550903320e-01 6.531458497047424316e-01 2.377113252878189087e-01 5.260482430458068848e-05 -5.727075040340423584e-04 -1.684830710291862488e-02 -4.922175407409667969e-02 -4.925433546304702759e-03 -2.404099106788635254e-01 -7.133689522743225098e-02 -2.059718966484069824e-01 -4.383035004138946533e-02
8.888888955116271973e-01 1.111111119389533997e-01 5.199010483920574188e-03 1.802804507315158844e-02 2.020761743187904358e-02 1.589052528142929077e-01 9.134397841989994049e-03 6.599991917610168457e-01 3.371373116970062256e-01 8.642541170120239258e-01 2.817537784576416016e-01 5.263001192361116409e-03 1.728183403611183167e-02 2.192579209804534912e-03 1.225764006376266479e-01 7.038626819849014282e-03 4.142619967460632324e-01 2.977285087108612061e-01 7.205635309219360352e-01 2.101015299558639526e-01 6.399070844054222107e-05 -7.462110370397567749e-04 -1.801503822207450867e-02 -3.632885217666625977e-02 -2.095771022140979767e-03 -2.457371950149536133e-01 -3.940880298614501953e-02 -1.436905860900878906e-01 -7.165224850177764893e-02
1.111111119389533997e-01 2.222222238779067993e-01 8.549579419195652008e-03 3.700836375355720520e-02 1.601393371820449829e-01 2.248333841562271118e-01 1.759892702102661133e-02 6.787198185920715332e-01 3.383609056472778320e-01 8.704370260238647461e-01 2.862552404403686523e-01 8.929766714572906494e-03 3.671674430370330811e-02 1.615279912948608398e-01 2.071311175823211670e-01 1.213870570063591003e-02 6.898333430290222168e-01 2.281322479248046875e-01 6.164429187774658203e-01 3.510647714138031006e-01 3.801872953772544861e-04 -2.916194498538970947e-04 1.388654112815856934e-03 -1.770226657390594482e-02 -5.460221320390701294e-03 1.111352443695068359e-02 -1.102286577224731445e-01 -2.539941072463989258e-01 6.480953097343444824e-02
2.222222238779067993e-01 2.222222238779067993e-01 1.606795378029346466e-02 4.001965001225471497e-02 1.532635986804962158e-01 2.366030812263488770e-01 2.077314071357250214e-02 6.851307749748229980e-01 3.352167010307312012e-01 8.646354675292968750e-01 2.896665334701538086e-01 1.622405648231506348e-02 3.976096212863922119e-02 1.546908020973205566e-01 2.158896625041961670e-01 1.631424576044082642e-02 6.682295203208923340e-01 2.427785694599151611e-01 6.496585607528686523e-01 3.379652202129364014e-01 1.561027020215988159e-04 -2.586878836154937744e-04 1.427203416824340820e-03 -2.071341872215270996e-02 -4.458894953131675720e-03 -1.690125465393066406e-02 -9.243813157081604004e-02 -2.149769067764282227e-01 4.829868674278259277e-02
3.333333432674407959e-01 2.222222238779067993e-01 2.164829708635807037e-02 4.188667237758636475e-02 1.330016851425170898e-01 2.344375848770141602e-01 2.123090066015720367e-02 6.828029751777648926e-01 3.313310146331787109e-01 8.555994629859924316e-01 2.911551296710968018e-01 2.179167605936527252e-02 4.156664013862609863e-02 1.328899860382080078e-01 2.099179178476333618e-01 1.762920245528221130e-02 6.467697620391845703e-01 2.539774477481842041e-01 6.737425327301025391e-01 3.263826966285705566e-01 1.433789730072021484e-04 -3.200322389602661133e-04 -1.116991043090820312e-04 -2.451966702938079834e-02 -3.601698204874992371e-03 -3.603321313858032227e-02 -7.735356688499450684e-02 -1.818569302558898926e-01 3.522756695747375488e-02
4.444444477558135986e-01 2.222222238779067993e-01 2.461753226816654205e-02 4.242497682571411133e-02 1.019695773720741272e-01 2.195290029048919678e-01 1.957229152321815491e-02 6.704893708229064941e-01 3.287535607814788818e-01 8.477110862731933594e-01 2.892805039882659912e-01 2.473167888820171356e-02 4.191932082176208496e-02 9.844704717397689819e-02 1.878641396760940552e-01 1.601552218198776245e-02 6.068361401557922363e-01 2.522540688514709473e-01 6.646646857261657715e-01 3.174508213996887207e-01 1.141466200351715088e-04 -5.056560039520263672e-04 -3.522530198097229004e-03 -3.166486322879791260e-02 -3.556769341230392456e-03 -6.365323066711425781e-02 -7.649949193000793457e-02 -1.830464005470275879e-01 2.817031741142272949e-02
5.555555820465087891e-01 2.222222238779067993e-01 2.461753226816654205e-02 4.174938052892684937e-02 6.389926373958587646e-02 1.954201012849807739e-01 1.638724841177463531e-02 6.411066055297851562e-01 3.288202583789825439e-01 8.424340486526489258e-01 2.809948027133941650e-01 2.461072802543640137e-02 4.108024388551712036e-02 5.590888857841491699e-02 1.525103598833084106e-01 1.288986578583717346e-02 5.171846151351928711e-01 2.433793693780899048e-01 6.311369538307189941e-01 2.966113686561584473e-01 -6.804242730140686035e-06 -6.691366434097290039e-04 -7.990375161170959473e-03 -4.290974140167236328e-02 -3.497382625937461853e-03 -1.239219903945922852e-01 -8.544088900089263916e-02 -2.112970948219299316e-01 1.561656594276428223e-02
6.666666865348815918e-01 2.222222238779067993e-01 2.164829522371292114e-02 4.017600417137145996e-02 2.741012349724769592e-02 1.707857847213745117e-01 1.198695413768291473e-02 6.092614531517028809e-01 3.315677940845489502e-01 8.419670462608337402e-01 2.696755230426788330e-01 2.151324599981307983e-02 3.948767483234405518e-02 1.413195580244064331e-02 1.162253171205520630e-01 9.332450106739997864e-03 3.894505500793457031e-01 2.417094707489013672e-01 6.008285284042358398e-01 2.428734153509140015e-01 -1.350492238998413086e-04 -6.883293390274047852e-04 -1.327816769480705261e-02 -5.456046760082244873e-02 -2.654504030942916870e-03 -2.198109030723571777e-01 -8.985832333564758301e-02 -2.411385178565979004e-01 -2.680210769176483154e-02
7.777777910232543945e-01 2.222222238779067993e-01 1.606794819235801697e-02 3.807435184717178345e-02 2.176783978939056396e-03 1.546825617551803589e-01 6.441341247409582138e-03 6.224513649940490723e-01 3.357439935207366943e-01 8.537335991859436035e-01 2.714055478572845459e-01 1.592142879962921143e-02 3.741308301687240601e-02 -1.670698076486587524e-02 1.011092960834503174e-01 4.812527447938919067e-03 3.032790422439575195e-01 2.627080678939819336e-01 6.115453839302062988e-01 1.639258712530136108e-01 -1.465193927288055420e-04 -6.612688302993774414e-04 -1.888376474380493164e-02 -5.357326567173004150e-02 -1.628813799470663071e-03 -3.191723227500915527e-01 -7.303592562675476074e-02 -2.421882152557373047e-01 -1.074796766042709351e-01
8.888888955116271973e-01 2.222222238779067993e-01 8.549575693905353546e-03 3.573866188526153564e-02 -1.443383097648620605e-02 1.428913325071334839e-01 -1.595416542841121554e-04 6.499303579330444336e-01 3.394104242324829102e-01 8.672623634338378906e-01 2.776012122631072998e-01 8.518360555171966553e-03 3.504231944680213928e-02 -3.383664041757583618e-02 1.039930135011672974e-01 -1.270838081836700439e-03 2.929687201976776123e-01 3.041025400161743164e-01 6.777911186218261719e-01 1.144121140241622925e-01 -3.121513873338699341e-05 -6.963424384593963623e-04 -1.940280944108963013e-02 -3.889831900596618652e-02 -1.111296471208333969e-03 -3.569616377353668213e-01 -3.530788421630859375e-02 -1.894712448120117188e-01 -1.631890982389450073e-01
1.111111119389533997e-01 3.333333432674407959e-01 9.873271919786930084e-03 5.598868429660797119e-02 1.754754185676574707e-01 2.310776114463806152e-01 1.698016747832298279e-02 6.830290555953979492e-01 3.194404244422912598e-01 8.290737271308898926e-01 2.976968288421630859e-01 1.004159823060035706e-02 5.568244308233261108e-02 1.772213578224182129e-01 2.119743525981903076e-01 1.140236482024192810e-02 6.919692754745483398e-01 1.952620297670364380e-01 5.354236960411071777e-01 3.710387051105499268e-01 1.683263108134269714e-04 -3.062412142753601074e-04 1.745939254760742188e-03 -1.910325884819030762e-02 -5.577802658081054688e-03 8.940219879150390625e-03 -1.241783946752548218e-01 -2.936500310897827148e-01 7.334187626838684082e-02
2.222222238779067993e-01 3.333333432674407959e-01 1.855568028986454010e-02 6.075897067785263062e-02 1.680027097463607788e-01 2.445410341024398804e-01 1.293124724179506302e-02 6.916645169258117676e-01 3.205935060977935791e-01 8.330686092376708984e-01 2.992599606513977051e-01 1.872657611966133118e-02 6.053306162357330322e-02 1.705881059169769287e-01 2.214227169752120972e-01 1.044568791985511780e-02 6.783003211021423340e-01 2.166998386383056641e-01 5.875322818756103516e-01 3.556361496448516846e-01 1.708958297967910767e-04 -2.259090542793273926e-04 2.585396170616149902e-03 -2.311831712722778320e-02 -2.485559321939945221e-03 -1.336419582366943359e-02 -1.038936674594879150e-01 -2.455363273620605469e-01 5.637618899345397949e-02
3.333333432674407959e-01 3.333333432674407959e-01 2.500000223517417908e-02 6.347151100635528564e-02 1.437417119741439819e-01 2.403262406587600708e-01 6.981687620282173157e-03 6.883466839790344238e-01 3.201491236686706543e-01 8.315324783325195312e-01 2.986643314361572266e-01 2.526209503412246704e-02 6.307663023471832275e-02 1.454041898250579834e-01 2.134917229413986206e-01 6.775215268135070801e-03 6.581133604049682617e-01 2.329599410295486450e-01 6.251195669174194336e-01 3.416889905929565430e-01 2.620927989482879639e-04 -3.948807716369628906e-04 1.662477850914001465e-03 -2.683451771736145020e-02 -2.064723521471023560e-04 -3.023332357406616211e-02 -8.718918263912200928e-02 -2.064129114151000977e-01 4.302465915679931641e-02
4.444444477558135986e-01 3.333333432674407959e-01 2.842895314097404480e-02 6.389081478118896484e-02 1.052174940705299377e-01 2.194444239139556885e-01 9.852466173470020294e-04 6.672764420509338379e-01 3.204940855503082275e-01 8.287920951843261719e-01 2.929913103580474854e-01 2.866267971694469452e-02 6.329764425754547119e-02 1.025490388274192810e-01 1.860953122377395630e-01 2.182848751544952393e-03 6.087185740470886230e-01 2.356683313846588135e-01 6.261937022209167480e-01 3.285486698150634766e-01 2.337265759706497192e-04 -5.931705236434936523e-04 -2.668455243110656738e-03 -3.334911167621612549e-02 1.197602134197950363e-03 -5.855786800384521484e-02 -8.482575416564941406e-02 -2.025983929634094238e-01 3.555735945701599121e-02
5.555555820465087891e-01 3.333333432674407959e-01 2.842894941568374634e-02 6.237072870135307312e-02 5.445099622011184692e-02 1.841934621334075928e-01 -3.710692515596747398e-03 5.978924632072448730e-01 3.234179317951202393e-01 8.220330476760864258e-01 2.708525955677032471e-01 2.847615070641040802e-02 6.172599643468856812e-02 4.835116118192672729e-02 1.410285681486129761e-01 -1.411654055118560791e-03 4.759411513805389404e-01 2.305371314287185669e-01 5.954669713973999023e-01 2.914773821830749512e-01 4.720129072666168213e-05 -6.447322666645050049e-04 -6.099835038185119629e-03 -4.316489398479461670e-02 2.299038460478186607e-03 -1.219513118267059326e-01 -9.288080036640167236e-02 -2.265660762786865234e-01 2.062478661537170410e-02
6.666666865348815918e-01 3.333333432674407959e-01 2.500000037252902985e-02 5.962250754237174988e-02 7.967282086610794067e-03 1.517322510480880737e-01 -6.607891991734504700e-03 5.153606534004211426e-01 3.290734589099884033e-01 8.139718174934387207e-01 2.367630600929260254e-01 2.481908351182937622e-02 5.898098647594451904e-02 -8.333101868629455566e-04 9.928901493549346924e-02 -3.874562680721282959e-03 2.837526500225067139e-01 2.337667644023895264e-01 5.502063632011413574e-01 1.768274903297424316e-01 -1.809168606996536255e-04 -6.415210664272308350e-04 -8.800592273473739624e-03 -5.244323611259460449e-02 2.733329311013221741e-03 -2.316080033779144287e-01 -9.530669450759887695e-02 -2.637654542922973633e-01 -5.993556976318359375e-02
7.777777910232543945e-01 3.333333432674407959e-01 1.855567470192909241e-02 5.638204142451286316e-02 -1.531005650758743286e-02 1.406071782112121582e-01 -8.009299635887145996e-03 5.608739852905273438e-01 3.359513282775878906e-01 8.401167392730712891e-01 2.503548562526702881e-01 1.825289428234100342e-02 5.567336827516555786e-02 -3.222585469484329224e-02 8.777320384979248047e-02 -6.175983697175979614e-03 2.039286494255065918e-01 2.585511505603790283e-01 5.452299714088439941e-01 5.439481139183044434e-02 -3.027804195880889893e-04 -7.086731493473052979e-04 -1.691579818725585938e-02 -5.283397436141967773e-02 1.833315938711166382e-03 -3.569453358650207520e-01 -7.740017771720886230e-02 -2.948867678642272949e-01 -1.959600448608398438e-01
8.888888955116271973e-01 3.333333432674407959e-01 9.873267263174057007e-03 5.313185602426528931e-02 -2.971149981021881104e-02 1.345020532608032227e-01 -8.734902366995811462e-03 6.358060836791992188e-01 3.416403830051422119e-01 8.692317605018615723e-01 2.721444070339202881e-01 9.579315781593322754e-03 5.244407057762145996e-02 -4.850716143846511841e-02 9.493932127952575684e-02 -8.153261616826057434e-03 2.213890254497528076e-01 3.041852712631225586e-01 6.258977651596069336e-01 2.881002239882946014e-02 -2.939514815807342529e-04 -6.877854466438293457e-04 -1.879566162824630737e-02 -3.956273198127746582e-02 5.816407501697540283e-04 -4.144170582294464111e-01 -3.745511174201965332e-02 -2.433339953422546387e-01 -2.433343827724456787e-01
1.111111119389533997e-01 4.444444477558135986e-01 9.356226772069931030e-03 7.528643310070037842e-02 1.741465926170349121e-01 2.356242686510086060e-01 1.949526928365230560e-02 6.921546459197998047e-01 3.257948458194732666e-01 8.448314666748046875e-01 2.965696752071380615e-01 9.408250451087951660e-03 7.495905458927154541e-02 1.761970818042755127e-01 2.133819907903671265e-01 1.415215805172920227e-02 6.952437162399291992e-01 1.916278302669525146e-01 5.265101194381713867e-01 3.737828433513641357e-01 5.202367901802062988e-05 -3.273785114288330078e-04 2.050489187240600586e-03 -2.224227786064147949e-02 -5.343111231923103333e-03 3.089070320129394531e-03 -1.341670155525207520e-01 -3.183213472366333008e-01 7.721316814422607422e-02
2.222222238779067993e-01 4.444444477558135986e-01 1.758395321667194366e-02 8.198460936546325684e-02 1.687992513179779053e-01 2.498263120651245117e-01 8.009478449821472168e-03 7.019767165184020996e-01 3.180404305458068848e-01 8.289345502853393555e-01 3.031904101371765137e-01 1.767179183661937714e-02 8.174672722816467285e-02 1.719872057437896729e-01 2.242404073476791382e-01 6.244266405701637268e-03 6.920467615127563477e-01 2.024134844541549683e-01 5.532966852188110352e-01 3.667486906051635742e-01 8.783861994743347168e-05 -2.378821372985839844e-04 3.187954425811767578e-03 -2.558590471744537354e-02 -1.765212044119834900e-03 -9.929955005645751953e-03 -1.156269460916519165e-01 -2.756378650665283203e-01 6.355828046798706055e-02
3.333333432674407959e-01 4.444444477558135986e-01 2.369079552590847015e-02 8.548400551080703735e-02 1.459837704896926880e-01 2.439892441034317017e-01 -4.369670525193214417e-03 6.983936429023742676e-01 3.119868338108062744e-01 8.146530389785766602e-01 3.055888712406158447e-01 2.379137650132179260e-02 8.503551036119461060e-02 1.483053863048553467e-01 2.148710489273071289e-01 -3.401832655072212219e-03 6.715426445007324219e-01 2.127990573644638062e-01 5.774073600769042969e-01 3.566962778568267822e-01 1.005809754133224487e-04 -4.484951496124267578e-04 2.321615815162658691e-03 -2.911819517612457275e-02 9.678378701210021973e-04 -2.685099840164184570e-02 -9.918777644634246826e-02 -2.372456789016723633e-01 5.110740661621093750e-02
4.444444477558135986e-01 4.444444477558135986e-01 2.694017812609672546e-02 8.552554994821548462e-02 1.087772920727729797e-01 2.203150093555450439e-01 -1.457812078297138214e-02 6.791164278984069824e-01 3.088845014572143555e-01 8.046584129333496094e-01 3.025231659412384033e-01 2.697111852467060089e-02 8.491949737071990967e-02 1.064172536134719849e-01 1.850268542766571045e-01 -1.113830320537090302e-02 6.189639568328857422e-01 2.147368490695953369e-01 5.774341821670532227e-01 3.445159196853637695e-01 3.094039857387542725e-05 -6.060525774955749512e-04 -2.360038459300994873e-03 -3.528815507888793945e-02 3.439817577600479126e-03 -6.015247106552124023e-02 -9.414765238761901855e-02 -2.272242307662963867e-01 4.199275374412536621e-02
5.555555820465087891e-01 4.444444477558135986e-01 2.694017626345157623e-02 8.282317221164703369e-02 6.188413500785827637e-02 1.858423054218292236e-01 -2.082047425210475922e-02 6.313620805740356445e-01 3.126539289951324463e-01 8.050701022148132324e-01 2.874779701232910156e-01 2.683472260832786560e-02 8.225145936012268066e-02 5.369018018245697021e-02 1.400858014822006226e-01 -1.516811177134513855e-02 5.049405097961425781e-01 2.141765058040618896e-01 5.629373192787170410e-01 3.141901791095733643e-01 -1.054536551237106323e-04 -5.717128515243530273e-04 -8.193954825401306152e-03 -4.575650393962860107e-02 5.652362480759620667e-03 -1.264215707778930664e-01 -9.847742319107055664e-02 -2.421327829360961914e-01 2.671220898628234863e-02
6.666666865348815918e-01 4.444444477558135986e-01 2.369079366326332092e-02 7.864134013652801514e-02 1.822815090417861938e-02 1.551354378461837769e-01 -2.253338508307933807e-02 5.789321064949035645e-01 3.225668668746948242e-01 8.161254525184631348e-01 2.650485634803771973e-01 2.344724163413047791e-02 7.804996520280838013e-02 6.594263017177581787e-03 1.007941216230392456e-01 -1.655545830726623535e-02 3.490841984748840332e-01 2.245871871709823608e-01 5.547856688499450684e-01 2.351232469081878662e-01 -2.435520291328430176e-04 -5.913749337196350098e-04 -1.163388788700103760e-02 -5.434131622314453125e-02 5.977926775813102722e-03 -2.298479080200195312e-01 -9.797967970371246338e-02 -2.613397836685180664e-01 -2.992531657218933105e-02
7.777777910232543945e-01 4.444444477558135986e-01 1.758394762873649597e-02 7.420340180397033691e-02 -9.247064590454101562e-03 1.410590857267379761e-01 -2.025571092963218689e-02 6.016888618469238281e-01 3.354475498199462891e-01 8.486351370811462402e-01 2.649296820163726807e-01 1.725038141012191772e-02 7.344587147235870361e-02 -2.524802833795547485e-02 8.941778540611267090e-02 -1.627665013074874878e-02 2.585233151912689209e-01 2.556387782096862793e-01 5.767961740493774414e-01 1.281468719244003296e-01 -3.335662186145782471e-04 -7.575303316116333008e-04 -1.600096374750137329e-02 -5.164130032062530518e-02 3.979060798883438110e-03 -3.431655466556549072e-01 -7.980877161026000977e-02 -2.718389630317687988e-01 -1.367828100919723511e-01
8.888888955116271973e-01 4.444444477558135986e-01 9.356222115457057953e-03 7.020761817693710327e-02 -2.641450613737106323e-02 1.355322897434234619e-01 -1.568151824176311493e-02 6.472718119621276855e-01 3.475084304809570312e-01 8.842749595642089844e-01 2.723071575164794922e-01 8.934997022151947021e-03 6.949620693922042847e-02 -4.344177991151809692e-02 9.721307456493377686e-02 -1.354482769966125488e-02 2.717396020889282227e-01 3.048708438873291016e-01 6.656692624092102051e-01 9.172351658344268799e-02 -4.212250933051109314e-04 -7.114112377166748047e-04 -1.702727377414703369e-02 -3.831921517848968506e-02 2.136690542101860046e-03 -3.755322098731994629e-01 -4.263758659362792969e-02 -2.186056971549987793e-01 -1.805836409330368042e-01
1.111111119389533997e-01 5.555555820465087891e-01 7.484979461878538132e-03 9.490160644054412842e-02 1.968583166599273682e-01 2.933504283428192139e-01 3.163376078009605408e-02 8.685744404792785645e-01 4.256051778793334961e-01 1.097547769546508789e+00 2.893967032432556152e-01 7.439252454787492752e-03 9.455873072147369385e-02 1.967762410640716553e-01 2.654785215854644775e-01 2.342486754059791565e-02 8.516168594360351562e-01 2.979968786239624023e-01 8.006079792976379395e-01 3.433160781860351562e-01 -4.572700709104537964e-05 -3.428757190704345703e-04 -8.207559585571289062e-05 -2.787190675735473633e-02 -8.208893239498138428e-03 -1.695758104324340820e-02 -1.276082992553710938e-01 -2.969397902488708496e-01 5.391937494277954102e-02
2.222222238779067993e-01 5.555555820465087891e-01 1.406716089695692062e-02 1.036965698003768921e-01 1.937155425548553467e-01 3.167869150638580322e-01 8.819379843771457672e-03 8.783982992172241211e-01 4.245930016040802002e-01 1.097022533416748047e+00 2.918517589569091797e-01 1.396204717457294464e-02 1.034355759620666504e-01 1.937623620033264160e-01 2.855432331562042236e-01 6.220351904630661011e-03 8.580470085144042969e-01 3.093520402908325195e-01 8.284907341003417969e-01 3.390743434429168701e-01 -1.051137223839759827e-04 -2.609938383102416992e-04 4.681944847106933594e-05 -3.124368190765380859e-02 -2.599027939140796661e-03 -2.035129070281982422e-02 -1.152409613132476807e-01 -2.685317993164062500e-01 4.722258448600769043e-02
3.333333432674407959e-01 5.555555820465087891e-01 1.895263418555259705e-02 1.079241782426834106e-01 1.704490035772323608e-01 3.135376274585723877e-01 -1.588157005608081818e-02 8.749706149101257324e-01 4.220660030841827393e-01 1.090804815292358398e+00 2.922206819057464600e-01 1.871150359511375427e-02 1.074797958135604858e-01 1.697565913200378418e-01 2.792466282844543457e-01 -1.214664801955223083e-02 8.392754197120666504e-01 3.167655467987060547e-01 8.441010117530822754e-01 3.323750495910644531e-01 -2.411305904388427734e-04 -4.443824291229248047e-04 -6.924122571945190430e-04 -3.429099917411804199e-02 3.734922036528587341e-03 -3.569519519805908203e-02 -1.053004562854766846e-01 -2.467038035392761230e-01 4.015436768531799316e-02
4.444444477558135986e-01 5.555555820465087891e-01 2.155214175581932068e-02 1.073291972279548645e-01 1.333785653114318848e-01 2.815499007701873779e-01 -3.393103182315826416e-02 8.595285415649414062e-01 4.003461897373199463e-01 1.039627909660339355e+00 2.984111905097961426e-01 2.119991183280944824e-02 1.067799031734466553e-01 1.308331191539764404e-01 2.423300594091415405e-01 -2.480209618806838989e-02 7.893650531768798828e-01 2.970195114612579346e-01 7.917525172233581543e-01 3.328292369842529297e-01 -3.522299230098724365e-04 -5.492940545082092285e-04 -2.545446157455444336e-03 -3.921984136104583740e-02 9.128935635089874268e-03 -7.016348838806152344e-02 -1.033266782760620117e-01 -2.478753924369812012e-01 3.441804647445678711e-02
5.555555820465087891e-01 5.555555820465087891e-01 2.155213989317417145e-02 1.031067222356796265e-01 8.897254616022109985e-02 2.394276857376098633e-01 -4.232584685087203979e-02 8.372817039489746094e-01 3.883102238178253174e-01 1.008954763412475586e+00 2.991606593132019043e-01 2.117099240422248840e-02 1.026005148887634277e-01 8.372836560010910034e-02 1.932016462087631226e-01 -2.987061440944671631e-02 7.090991735458374023e-01 2.823628783226013184e-01 7.478272318840026855e-01 3.242306709289550781e-01 -3.811474889516830444e-04 -5.062073469161987305e-04 -5.244180560111999512e-03 -4.622603952884674072e-02 1.245523244142532349e-02 -1.281825304031372070e-01 -1.059473454952239990e-01 -2.611275315284729004e-01 2.507001161575317383e-02
6.666666865348815918e-01 5.555555820465087891e-01 1.895263232290744781e-02 9.723251312971115112e-02 4.707835614681243896e-02 2.011566609144210815e-01 -4.143312573432922363e-02 8.187743425369262695e-01 3.856348693370819092e-01 9.999201893806457520e-01 2.964599132537841797e-01 1.861387491226196289e-02 9.664158523082733154e-02 3.732233494520187378e-02 1.490777879953384399e-01 -2.971967682242393494e-02 6.111260652542114258e-01 2.817846834659576416e-01 7.327349185943603516e-01 3.001680970191955566e-01 -3.387574106454849243e-04 -5.909278988838195801e-04 -9.756021201610565186e-03 -5.207887291908264160e-02 1.171344891190528870e-02 -2.076482772827148438e-01 -1.038501858711242676e-01 -2.671852707862854004e-01 3.708183765411376953e-03
7.777777910232543945e-01 5.555555820465087891e-01 1.406715530902147293e-02 9.153844416141510010e-02 1.599524915218353271e-02 1.755046993494033813e-01 -3.328879177570343018e-02 8.177821636199951172e-01 3.862319588661193848e-01 1.001093149185180664e+00 2.959739565849304199e-01 1.376140862703323364e-02 9.071979671716690063e-02 2.859435975551605225e-03 1.264256089925765991e-01 -2.572467923164367676e-02 5.414081811904907227e-01 2.995050251483917236e-01 7.586254477500915527e-01 2.664653360843658447e-01 -3.057466819882392883e-04 -8.186474442481994629e-04 -1.313581317663192749e-02 -4.907909035682678223e-02 7.564112544059753418e-03 -2.763739824295043945e-01 -8.672693371772766113e-02 -2.424677014350891113e-01 -2.950862050056457520e-02
8.888888955116271973e-01 5.555555820465087891e-01 7.484976202249526978e-03 8.696596324443817139e-02 -1.536905765533447266e-03 1.643528044223785400e-01 -2.204570733010768890e-02 8.309124708175659180e-01 3.875875174999237061e-01 1.006296873092651367e+00 2.981542646884918213e-01 7.057041395455598831e-03 8.621419221162796021e-02 -1.573390513658523560e-02 1.275361329317092896e-01 -1.777547597885131836e-02 5.628198981285095215e-01 3.329749405384063721e-01 8.343798518180847168e-01 2.529168725013732910e-01 -4.279348067939281464e-04 -7.517710328102111816e-04 -1.419699937105178833e-02 -3.681667149066925049e-02 4.270231351256370544e-03 -2.680925726890563965e-01 -5.461257696151733398e-02 -1.719170212745666504e-01 -4.523739218711853027e-02
1.111111119389533997e-01 6.666666865348815918e-01 4.936635494232177734e-03 1.148342117667198181e-01 1.977649331092834473e-01 3.202438354492187500e-01 4.330871626734733582e-02 1.011513113975524902e+00 4.430852234363555908e-01 1.159894824028015137e+00 3.088845312595367432e-01 4.730592016130685806e-03 1.144898086786270142e-01 1.895861327648162842e-01 2.865174114704132080e-01 3.666555136442184448e-02 9.446870088577270508e-01 3.484502136707305908e-01 9.308961033821105957e-01 3.357664048671722412e-01 -2.060434781014919281e-04 -3.444030880928039551e-04 -8.178800344467163086e-03 -3.372642397880554199e-02 -6.643164902925491333e-03 -6.682610511779785156e-02 -9.463500976562500000e-02 -2.289987206459045410e-01 2.688187360763549805e-02
2.222222238779067993e-01 6.666666865348815918e-01 9.277840144932270050e-03 1.258948594331741333e-01 2.003410160541534424e-01 3.561111688613891602e-01 1.360484957695007324e-02 1.020152211189270020e+00 4.657174050807952881e-01 1.212624073028564453e+00 3.018883764743804932e-01 8.995501324534416199e-03 1.256058514118194580e-01 1.920613050460815430e-01 3.197430372238159180e-01 1.180312782526016235e-02 9.608420729637145996e-01 3.729037642478942871e-01 9.905648231506347656e-01 3.281776607036590576e-01 -2.823388203978538513e-04 -2.890080213546752930e-04 -8.279711008071899414e-03 -3.636813163757324219e-02 -1.801721751689910889e-03 -5.931013822555541992e-02 -9.281364083290100098e-02 -2.220592498779296875e-01 2.628928422927856445e-02
3.333333432674407959e-01 6.666666865348815918e-01 1.250000018626451492e-02 1.307920217514038086e-01 1.814370900392532349e-01 3.623705804347991943e-01 -2.258942835032939911e-02 1.017151594161987305e+00 4.888442158699035645e-01 1.264033913612365723e+00 2.928800880908966064e-01 1.203220523893833160e-02 1.303972601890563965e-01 1.738260090351104736e-01 3.216733336448669434e-01 -1.565026491880416870e-02 9.448087811470031738e-01 3.960871398448944092e-01 1.042570829391479492e+00 3.160878419876098633e-01 -4.677949473261833191e-04 -3.947615623474121094e-04 -7.611081004142761230e-03 -4.069724678993225098e-02 6.939163431525230408e-03 -7.234281301498413086e-02 -9.275707602500915527e-02 -2.214630842208862305e-01 2.320775389671325684e-02
4.444444477558135986e-01 6.666666865348815918e-01 1.421447470784187317e-02 1.293017268180847168e-01 1.529332250356674194e-01 3.227280974388122559e-01 -4.736566543579101562e-02 1.003909587860107422e+00 4.453314244747161865e-01 1.163894295692443848e+00 3.067730665206909180e-01 1.363423280417919159e-02 1.288400590419769287e-01 1.428791582584381104e-01 2.787574231624603271e-01 -3.536567464470863342e-02 9.016330838203430176e-01 3.496958613395690918e-01 9.289859533309936523e-01 3.282771110534667969e-01 -5.802419036626815796e-04 -4.616677761077880859e-04 -1.005406677722930908e-02 -4.397067427635192871e-02 1.199999079108238220e-02 -1.022765040397644043e-01 -9.563556313514709473e-02 -2.349083423614501953e-01 2.150404453277587891e-02
5.555555820465087891e-01 6.666666865348815918e-01 1.421447470784187317e-02 1.232213601469993591e-01 1.144358813762664795e-01 2.746795415878295898e-01 -5.768366158008575439e-02 9.865901470184326172e-01 4.258495569229125977e-01 1.116856217384338379e+00 3.113272190093994141e-01 1.367160677909851074e-02 1.227341368794441223e-01 1.038376465439796448e-01 2.252320647239685059e-01 -4.369243234395980835e-02 8.439370989799499512e-01 3.251186013221740723e-01 8.643603324890136719e-01 3.293000161647796631e-01 -5.428679287433624268e-04 -4.872232675552368164e-04 -1.059823483228683472e-02 -4.944747686386108398e-02 1.399122923612594604e-02 -1.426530480384826660e-01 -1.007309556007385254e-01 -2.524958848953247070e-01 1.797279715538024902e-02
6.666666865348815918e-01 6.666666865348815918e-01 1.249999832361936569e-02 1.153960153460502625e-01 7.625566422939300537e-02 2.336207181215286255e-01 -5.551856011152267456e-02 9.732995033264160156e-01 4.271129071712493896e-01 1.117826700210571289e+00 3.085846602916717529e-01 1.209571957588195801e-02 1.147489398717880249e-01 6.495928019285202026e-02 1.840670704841613770e-01 -4.256207495927810669e-02 7.850701808929443359e-01 3.254778385162353516e-01 8.578791618347167969e-01 3.178763389587402344e-01 -4.042787477374076843e-04 -6.470754742622375488e-04 -1.129638403654098511e-02 -4.955364763736724854e-02 1.295648515224456787e-02 -1.882293224334716797e-01 -1.016350686550140381e-01 -2.599475383758544922e-01 9.291678667068481445e-03
7.777777910232543945e-01 6.666666865348815918e-01 9.277836419641971588e-03 1.083871573209762573e-01 4.844866320490837097e-02 2.071126997470855713e-01 -4.270091280341148376e-02 9.703375697135925293e-01 4.307163655757904053e-01 1.125603675842285156e+00 3.066645860671997070e-01 8.963800966739654541e-03 1.075133085250854492e-01 3.730817884206771851e-02 1.623378545045852661e-01 -3.407297283411026001e-02 7.565780282020568848e-01 3.395811319351196289e-01 8.861621618270874023e-01 3.047871887683868408e-01 -3.140354529023170471e-04 -8.738487958908081055e-04 -1.114048436284065247e-02 -4.477484524250030518e-02 8.627939969301223755e-03 -2.137595415115356445e-01 -9.113523364067077637e-02 -2.394415140151977539e-01 -1.877397298812866211e-03
8.888888955116271973e-01 6.666666865348815918e-01 4.936633165925741196e-03 1.034068763256072998e-01 3.489273041486740112e-02 1.985883116722106934e-01 -2.583448775112628937e-02 9.790291190147399902e-01 4.327132999897003174e-01 1.131446838378906250e+00 3.073862493038177490e-01 4.464112687855958939e-03 1.026150733232498169e-01 2.449818700551986694e-02 1.638602018356323242e-01 -2.090026065707206726e-02 8.071983456611633301e-01 3.651461601257324219e-01 9.519034028053283691e-01 3.034552931785583496e-01 -4.725204780697822571e-04 -7.918030023574829102e-04 -1.039454340934753418e-02 -3.472810983657836914e-02 4.934227094054222107e-03 -1.718307733535766602e-01 -6.756713986396789551e-02 -1.795434355735778809e-01 -3.930956125259399414e-03
1.111111119389533997e-01 7.777777910232543945e-01 2.442736178636550903e-03 1.350842267274856567e-01 1.655221432447433472e-01 3.092311918735504150e-01 5.742374435067176819e-02 1.011966705322265625e+00 4.419253170490264893e-01 1.157310366630554199e+00 3.093958497047424316e-01 2.042852807790040970e-03 1.347550302743911743e-01 1.463723778724670410e-01 2.695783674716949463e-01 5.167031660676002502e-02 8.835174441337585449e-01 3.805149197578430176e-01 9.982372522354125977e-01 3.116925954818725586e-01 -3.998833708465099335e-04 -3.291964530944824219e-04 -1.914976537227630615e-02 -3.965282440185546875e-02 -5.753427743911743164e-03 -1.284492611885070801e-01 -6.141039729118347168e-02 -1.590731143951416016e-01 2.296745777130126953e-03
2.222222238779067993e-01 7.777777910232543945e-01 4.590842407196760178e-03 1.485794633626937866e-01 1.743043512105941772e-01 3.503247797489166260e-01 2.336815744638442993e-02 1.018378853797912598e+00 4.652641415596008301e-01 1.211321353912353516e+00 3.017566204071044922e-01 4.248176235705614090e-03 1.482333242893218994e-01 1.542671620845794678e-01 3.060053586959838867e-01 2.112320251762866974e-02 9.087744355201721191e-01 3.930475115776062012e-01 1.030568003654479980e+00 3.109967410564422607e-01 -3.426661714911460876e-04 -3.461390733718872070e-04 -2.003718912601470947e-02 -4.431942105293273926e-02 -2.244954928755760193e-03 -1.096044182777404785e-01 -7.221662998199462891e-02 -1.807533502578735352e-01 9.240120649337768555e-03
3.333333432674407959e-01 7.777777910232543945e-01 6.185225211083889008e-03 1.540875136852264404e-01 1.646952480077743530e-01 3.607938587665557861e-01 -1.963832601904869080e-02 1.016152024269104004e+00 4.893527328968048096e-01 1.264995217323303223e+00 2.925187349319458008e-01 5.748764146119356155e-03 1.537277102470397949e-01 1.480549275875091553e-01 3.100485801696777344e-01 -1.314962655305862427e-02 9.025493264198303223e-01 4.082129597663879395e-01 1.064197421073913574e+00 3.034830689430236816e-01 -4.364610649645328522e-04 -3.598034381866455078e-04 -1.664032042026519775e-02 -5.074527859687805176e-02 6.488699465990066528e-03 -1.136026978492736816e-01 -8.113977313041687012e-02 -2.007977962493896484e-01 1.096433401107788086e-02
4.444444477558135986e-01 7.777777910232543945e-01 7.033578585833311081e-03 1.514431536197662354e-01 1.477824300527572632e-01 3.235862851142883301e-01 -5.039503425359725952e-02 1.006327986717224121e+00 4.481666982173919678e-01 1.170708894729614258e+00 3.061087727546691895e-01 6.523702759295701981e-03 1.510380506515502930e-01 1.309323310852050781e-01 2.736582756042480469e-01 -3.832925856113433838e-02 8.748040199279785156e-01 3.602664768695831299e-01 9.503412246704101562e-01 3.189420700073242188e-01 -5.098758265376091003e-04 -4.051029682159423828e-04 -1.685009896755218506e-02 -4.992800951004028320e-02 1.206577569246292114e-02 -1.315239667892456055e-01 -8.790022134780883789e-02 -2.203676700592041016e-01 1.283329725265502930e-02
5.555555820465087891e-01 7.777777910232543945e-01 7.033577654510736465e-03 1.431671082973480225e-01 1.202568635344505310e-01 2.772948145866394043e-01 -6.293251365423202515e-02 9.935035109519958496e-01 4.298925399780273438e-01 1.127109527587890625e+00 3.109200596809387207e-01 6.546471733599901199e-03 1.426418423652648926e-01 1.043913885951042175e-01 2.271500676870346069e-01 -4.938125610351562500e-02 8.373992443084716797e-01 3.382890224456787109e-01 8.944250345230102539e-01 3.219835460186004639e-01 -4.871059209108352661e-04 -5.252659320831298828e-04 -1.586547493934631348e-02 -5.014474689960479736e-02 1.355125755071640015e-02 -1.561042666435241699e-01 -9.160351753234863281e-02 -2.326844930648803711e-01 1.106348633766174316e-02
6.666666865348815918e-01 7.777777910232543945e-01 6.185224745422601700e-03 1.331318467855453491e-01 9.227018058300018311e-02 2.380437552928924561e-01 -5.949009954929351807e-02 9.836792945861816406e-01 4.314952790737152100e-01 1.129353761672973633e+00 3.086514174938201904e-01 5.780254025012254715e-03 1.324118524789810181e-01 7.734303921461105347e-02 1.912171542644500732e-01 -4.763171076774597168e-02 8.037861585617065430e-01 3.403431773185729980e-01 8.947439193725585938e-01 3.144730627536773682e-01 -4.049707204103469849e-04 -7.199943065643310547e-04 -1.492714136838912964e-02 -4.682660102844238281e-02 1.185838878154754639e-02 -1.798931360244750977e-01 -9.115210175514221191e-02 -2.346098423004150391e-01 5.821645259857177734e-03
7.777777910232543945e-01 7.777777910232543945e-01 4.590841010212898254e-03 1.247495487332344055e-01 7.339872419834136963e-02 2.147665023803710938e-01 -4.335199296474456787e-02 9.814524650573730469e-01 4.356179833412170410e-01 1.138424038887023926e+00 3.066770136356353760e-01 4.199319053441286087e-03 1.238693594932556152e-01 5.970808118581771851e-02 1.740015149116516113e-01 -3.615421056747436523e-02 7.995524406433105469e-01 3.509460985660552979e-01 9.184590578079223633e-01 3.085472583770751953e-01 -3.915219567716121674e-04 -8.801892399787902832e-04 -1.369064301252365112e-02 -4.076498746871948242e-02 7.197782397270202637e-03 -1.819000244140625000e-01 -8.467188477516174316e-02 -2.199649810791015625e-01 1.870244741439819336e-03
8.888888955116271973e-01 7.777777910232543945e-01 2.442735247313976288e-03 1.195303574204444885e-01 6.669191271066665649e-02 2.114276736974716187e-01 -2.360690571367740631e-02 9.878647923469543457e-01 4.392125904560089111e-01 1.147565484046936035e+00 3.063896000385284424e-01 1.823567319661378860e-03 1.187162548303604126e-01 5.421995371580123901e-02 1.786879152059555054e-01 -2.055222913622856140e-02 8.570036888122558594e-01 3.708720505237579346e-01 9.723528623580932617e-01 3.109006881713867188e-01 -6.191679276525974274e-04 -8.141025900840759277e-04 -1.247195899486541748e-02 -3.273975849151611328e-02 3.054676577448844910e-03 -1.308611035346984863e-01 -6.834053993225097656e-02 -1.752126216888427734e-01 4.511088132858276367e-03
1.111111119389533997e-01 8.888888955116271973e-01 6.498763104900717735e-04 1.556516736745834351e-01 1.421992927789688110e-01 3.006437122821807861e-01 7.424833625555038452e-02 1.006410717964172363e+00 4.378705918788909912e-01 1.147231936454772949e+00 3.100126385688781738e-01 1.229238696396350861e-04 1.553476750850677490e-01 1.164203360676765442e-01 2.588165402412414551e-01 6.907314062118530273e-02 8.310436010360717773e-01 4.000238478183746338e-01 1.034142971038818359e+00 2.926015555858612061e-01 -5.269524408504366875e-04 -3.039985895156860352e-04 -2.577895671129226685e-02 -4.182717204093933105e-02 -5.175195634365081787e-03 -1.753671169281005859e-01 -3.784674406051635742e-02 -1.130889654159545898e-01 -1.741108298301696777e-02
2.222222238779067993e-01 8.888888955116271973e-01 1.221367856487631798e-03 1.717504113912582397e-01 1.578019708395004272e-01 3.406964838504791260e-01 3.605251386761665344e-02 1.009822607040405273e+00 4.435868859291076660e-01 1.160792708396911621e+00 3.084163963794708252e-01 8.697998709976673126e-04 1.712624132633209229e-01 1.310698390007019043e-01 2.914761900901794434e-01 3.323539346456527710e-02 8.597407341003417969e-01 3.847322762012481689e-01 1.004377841949462891e+00 3.052944540977478027e-01 -3.515679854899644852e-04 -4.879981279373168945e-04 -2.673213183879852295e-02 -4.922029376029968262e-02 -2.817120403051376343e-03 -1.500818729400634766e-01 -5.885460972785949707e-02 -1.564148664474487305e-01 -3.121942281723022461e-03
3.333333432674407959e-01 8.888888955116271973e-01 1.645544543862342834e-03 1.778106987476348877e-01 1.575502306222915649e-01 3.484951555728912354e-01 -1.024960912764072418e-02 1.008637666702270508e+00 4.493914842605590820e-01 1.173842072486877441e+00 3.060350418090820312e-01 1.296438742429018021e-03 1.773731559514999390e-01 1.337750256061553955e-01 2.927050590515136719e-01 -7.230635732412338257e-03 8.648706078529357910e-01 3.723608553409576416e-01 9.768864512443542480e-01 3.117470741271972656e-01 -3.491058014333248138e-04 -4.375427961349487305e-04 -2.377520501613616943e-02 -5.579009652137756348e-02 3.018973395228385925e-03 -1.437670588493347168e-01 -7.703062891960144043e-02 -1.969556212425231934e-01 5.712032318115234375e-03
4.444444477558135986e-01 8.888888955116271973e-01 1.871244283393025398e-03 1.737534850835800171e-01 1.451618671417236328e-01 3.204237520694732666e-01 -4.671724140644073486e-02 1.003410339355468750e+00 4.370261728763580322e-01 1.144866466522216797e+00 3.098374307155609131e-01 1.472153235226869583e-03 1.733046025037765503e-01 1.245823726058006287e-01 2.647764980792999268e-01 -3.709445521235466003e-02 8.563661575317382812e-01 3.487666249275207520e-01 9.212377667427062988e-01 3.207079768180847168e-01 -3.990910481661558151e-04 -4.488825798034667969e-04 -2.057949453592300415e-02 -5.564725399017333984e-02 9.622786194086074829e-03 -1.470441818237304688e-01 -8.825954794883728027e-02 -2.236286997795104980e-01 1.087054610252380371e-02
5.555555820465087891e-01 8.888888955116271973e-01 1.871244050562381744e-03 1.629439592361450195e-01 1.239729300141334534e-01 2.779396772384643555e-01 -6.291540712118148804e-02 9.965866804122924805e-01 4.318402409553527832e-01 1.132013082504272461e+00 3.106849789619445801e-01 1.434829551726579666e-03 1.623456627130508423e-01 1.058686003088951111e-01 2.266010940074920654e-01 -4.978120326995849609e-02 8.402841091156005859e-01 3.404034078121185303e-01 8.997169733047485352e-01 3.215450942516326904e-01 -4.364144988358020782e-04 -5.982965230941772461e-04 -1.810432970523834229e-02 -5.133858323097229004e-02 1.313420385122299194e-02 -1.563025712966918945e-01 -9.143683314323425293e-02 -2.322961091995239258e-01 1.086011528968811035e-02
6.666666865348815918e-01 8.888888955116271973e-01 1.645544311031699181e-03 1.504400074481964111e-01 1.034293621778488159e-01 2.392389923334121704e-01 -5.823873355984687805e-02 9.913594126701354980e-01 4.329733848571777344e-01 1.133851408958435059e+00 3.093776702880859375e-01 1.184009481221437454e-03 1.497098356485366821e-01 8.681460469961166382e-02 1.955125182867050171e-01 -4.626801609992980957e-02 8.240201473236083984e-01 3.457141518592834473e-01 9.098950028419494629e-01 3.159642815589904785e-01 -4.615348298102617264e-04 -7.301717996597290039e-04 -1.661475747823715210e-02 -4.372647404670715332e-02 1.197071745991706848e-02 -1.673392653465270996e-01 -8.725923299789428711e-02 -2.239564061164855957e-01 6.586611270904541016e-03
7.777777910232543945e-01 8.888888955116271973e-01 1.221367507241666317e-03 1.406256109476089478e-01 9.131317585706710815e-02 2.177510559558868408e-01 -3.910619020462036133e-02 9.901744723320007324e-01 4.351855814456939697e-01 1.138731122016906738e+00 3.083282113075256348e-01 6.891232915222644806e-04 1.398508548736572266e-01 7.610046118497848511e-02 1.817501038312911987e-01 -3.159823268651962280e-02 8.271784186363220215e-01 3.565882146358489990e-01 9.353570938110351562e-01 3.115366101264953613e-01 -5.322442157194018364e-04 -7.747560739517211914e-04 -1.521271467208862305e-02 -3.600095212459564209e-02 7.507957518100738525e-03 -1.629960536956787109e-01 -7.859736680984497070e-02 -2.033740282058715820e-01 3.208398818969726562e-03
8.888888955116271973e-01 8.888888955116271973e-01 6.498760194517672062e-04 1.353364288806915283e-01 9.004023671150207520e-02 2.180640250444412231e-01 -1.764380745589733124e-02 9.935863614082336426e-01 4.371336996555328369e-01 1.143678426742553711e+00 3.081564903259277344e-01 -8.933944627642631531e-05 1.345360577106475830e-01 7.572566717863082886e-02 1.876249462366104126e-01 -1.469947025179862976e-02 8.739808797836303711e-01 3.743416965007781982e-01 9.827196598052978516e-01 3.125970363616943359e-01 -7.392154657281935215e-04 -8.003711700439453125e-04 -1.431456953287124634e-02 -3.043907880783081055e-02 2.944337204098701477e-03 -1.196054816246032715e-01 -6.279200315475463867e-02 -1.609587669372558594e-01 4.440546035766601562e-03
