# 预测结果数据
# 注意: PINN问题，无δ参数
# 列: x, y, ux_pred, uy_pred, Sxx_pred, Syy_pred, Sxy_pred, ux_true, uy_true, Sxx_true, Syy_true, Sxy_true
3.745404e-01	9.507134e-01	-1.122607e-01	7.713452e-01	1.940248e+00	5.658315e+00	1.452726e+00	-1.087348e-01	7.543164e-01	1.799369e+00	5.660213e+00	1.587057e+00
7.319934e-01	5.986583e-01	-1.114094e-01	9.586389e-02	1.261427e+01	7.511600e+00	-1.081251e-01	-1.075180e-01	9.581394e-02	1.253127e+01	7.225921e+00	-8.028238e-02
1.560193e-01	1.559952e-01	2.627131e-01	-7.123202e-04	-4.930509e+00	-2.593840e+00	7.321825e-01	2.620686e-01	2.787676e-04	-4.906121e+00	-2.442338e+00	7.724608e-01
5.808449e-02	8.661754e-01	3.905866e-01	1.047722e-01	-1.342474e+00	-5.374340e-02	-3.784697e-01	3.812653e-01	1.021458e-01	-1.358840e+00	2.814454e-02	-4.700568e-01
6.011148e-01	7.080722e-01	-6.415412e-01	2.397109e-01	7.341146e+00	5.798656e+00	5.807949e-01	-6.389560e-01	2.387917e-01	7.269010e+00	5.657958e+00	6.455064e-01
2.058545e-02	9.699089e-01	1.079814e-01	5.198272e-02	4.543513e-03	2.797046e-01	-1.459363e-02	9.360462e-02	5.719147e-02	8.286774e-02	3.952288e-01	-1.635340e-01
8.324420e-01	2.123397e-01	3.046020e-01	2.930358e-03	6.801425e+00	3.603353e+00	5.703924e-01	3.063435e-01	1.021396e-03	6.774075e+00	3.415899e+00	6.082752e-01
1.818256e-01	1.834051e-01	2.273062e-01	-1.255199e-03	-6.255724e+00	-3.269612e+00	5.254532e-01	2.263067e-01	6.117451e-04	-6.214598e+00	-3.087286e+00	5.486190e-01
3.042426e-01	5.247564e-01	-3.295533e-01	6.707485e-02	-1.135663e+01	-5.154113e+00	1.193738e-01	-3.332465e-01	6.193493e-02	-1.133567e+01	-4.959680e+00	1.095152e-01
4.319452e-01	2.912295e-01	-7.191530e-01	6.129578e-03	-4.058226e+00	-1.963182e+00	-8.338318e-01	-7.211610e-01	7.029740e-03	-4.033360e+00	-1.871851e+00	-8.693023e-01
6.118526e-01	1.394946e-01	-3.234833e-01	2.487019e-03	3.501614e+00	1.867336e+00	-1.029034e+00	-3.237905e-01	3.555049e-04	3.456816e+00	1.743699e+00	-1.085523e+00
2.921451e-01	3.663621e-01	-2.363151e-01	1.344593e-02	-1.095127e+01	-5.425805e+00	-1.360945e-01	-2.389925e-01	1.430899e-02	-1.091885e+01	-5.225082e+00	-1.503799e-01
4.560701e-01	7.851754e-01	-6.010813e-01	3.877783e-01	-1.796949e-01	2.753711e+00	1.181861e+00	-6.011620e-01	3.764589e-01	-2.219563e-01	2.765772e+00	1.262148e+00
1.996744e-01	5.142344e-01	3.140042e-01	4.481538e-02	-1.164277e+01	-5.559449e+00	7.177517e-02	3.106512e-01	4.104414e-02	-1.161215e+01	-5.327182e+00	6.709325e-02
5.924144e-01	4.645132e-02	-1.238151e-01	1.158074e-03	1.002142e+00	5.591849e-01	-1.198198e+00	-1.215808e-01	4.460933e-06	1.002805e+00	5.019785e-01	-1.299389e+00
6.075446e-01	1.705248e-01	-3.978561e-01	3.274277e-03	4.082082e+00	2.181019e+00	-1.004625e+00	-3.982889e-01	7.977670e-04	4.030814e+00	2.043477e+00	-1.054355e+00
6.505246e-02	9.488847e-01	1.566045e-01	1.660635e-01	-1.935023e-01	8.997409e-01	-1.051057e-01	1.467226e-01	1.645280e-01	-1.050287e-01	9.878315e-01	-1.759301e-01
9.656311e-01	8.083968e-01	5.486663e-01	4.340525e-02	1.757702e+00	1.271696e+00	-1.832305e+00	5.530906e-01	4.602240e-02	1.752394e+00	1.217780e+00	-1.931573e+00
3.046142e-01	9.767291e-02	-1.003449e-01	-1.932070e-03	-3.595657e+00	-1.887076e+00	-4.837030e-01	-1.016285e-01	7.439758e-05	-3.571404e+00	-1.781132e+00	-5.037351e-01
6.842327e-01	4.401526e-01	-3.970306e-01	3.299721e-02	1.159348e+01	6.444239e+00	-1.442665e-01	-3.944913e-01	3.141993e-02	1.159137e+01	6.223989e+00	-1.501493e-01
1.220390e-01	4.951769e-01	7.232233e-01	2.378948e-02	-8.556730e+00	-4.157781e+00	1.162514e-01	7.200564e-01	2.249043e-02	-8.536245e+00	-3.995609e+00	1.047240e-01
3.438945e-02	9.093196e-01	2.843333e-01	7.321532e-02	-4.575262e-01	1.319345e-01	-3.340094e-01	2.745078e-01	7.372182e-02	-4.328924e-01	2.699955e-01	-4.047379e-01
2.587804e-01	6.625219e-01	-4.330313e-02	1.504005e-01	-1.012770e+01	-3.985217e+00	2.525291e-01	-4.810870e-02	1.399398e-01	-1.010211e+01	-3.783720e+00	2.503399e-01
3.117115e-01	5.200680e-01	-3.736475e-01	6.560214e-02	-1.116244e+01	-5.061295e+00	1.117957e-01	-3.773502e-01	6.072479e-02	-1.114333e+01	-4.871087e+00	1.014967e-01
5.467101e-01	1.848551e-01	-5.246633e-01	2.723768e-03	2.046161e+00	1.135286e+00	-1.193873e+00	-5.251826e-01	1.155135e-03	2.019512e+00	1.047249e+00	-1.257389e+00
9.695837e-01	7.751323e-01	6.322624e-01	3.223057e-02	1.723942e+00	1.179898e+00	-1.648280e+00	6.373137e-01	3.444274e-02	1.727203e+00	1.130209e+00	-1.737578e+00
9.394981e-01	8.948266e-01	2.987616e-01	1.159726e-01	2.112085e+00	1.909848e+00	-2.236856e+00	3.012716e-01	1.211313e-01	2.054243e+00	1.839333e+00	-2.368727e+00
5.978998e-01	9.218734e-01	-2.002049e-01	6.888799e-01	4.904148e+00	6.925283e+00	8.221762e-01	-1.984464e-01	6.883543e-01	4.748776e+00	6.854533e+00	9.009725e-01
8.849332e-02	1.959835e-01	4.901364e-01	-2.026960e-03	-3.840623e+00	-1.992388e+00	1.041504e+00	4.905326e-01	4.048826e-04	-3.822295e+00	-1.898752e+00	1.091408e+00
4.522819e-02	3.253307e-01	8.202873e-01	-1.185820e-03	-2.996079e+00	-1.507640e+00	7.941474e-01	8.189636e-01	1.586342e-03	-2.986432e+00	-1.463959e+00	8.039042e-01
3.886775e-01	2.713495e-01	-5.736656e-01	2.940252e-03	-6.060004e+00	-3.045382e+00	-7.480503e-01	-5.761178e-01	5.093273e-03	-6.016160e+00	-2.895459e+00	-7.881214e-01
8.287368e-01	3.567536e-01	4.217312e-01	9.853199e-03	1.007187e+01	5.377774e+00	2.831875e-01	4.275130e-01	8.300948e-03	1.005164e+01	5.165427e+00	3.025572e-01
2.809350e-01	5.426960e-01	-1.877698e-01	7.302649e-02	-1.175277e+01	-5.330616e+00	1.335371e-01	-1.914136e-01	6.699752e-02	-1.172518e+01	-5.121870e+00	1.271160e-01
1.409249e-01	8.021964e-01	3.771691e-01	1.840270e-01	-4.808088e+00	-1.193737e+00	-1.932441e-01	3.684880e-01	1.774104e-01	-4.779461e+00	-1.062795e+00	-2.205715e-01
7.455149e-02	9.868859e-01	4.763627e-02	2.236620e-01	4.687193e-01	1.629955e+00	1.049181e-01	3.675085e-02	2.201386e-01	6.585810e-01	1.667674e+00	4.891992e-02
7.722442e-01	1.987163e-01	8.091384e-02	3.672078e-03	7.337027e+00	3.868701e+00	1.471694e-01	8.142930e-02	1.022921e-03	7.294232e+00	3.678002e+00	1.757042e-01
5.523106e-03	8.154608e-01	5.559839e-01	8.971766e-03	-1.871538e-01	-8.923108e-02	-5.538542e-01	5.474824e-01	7.672269e-03	-2.012118e-01	-4.415485e-02	-6.188477e-01
7.068569e-01	7.290067e-01	-2.051659e-01	2.231202e-01	1.043091e+01	7.252757e+00	-2.394864e-02	-2.014073e-01	2.248697e-01	1.034074e+01	7.021134e+00	8.722901e-03
7.712698e-01	7.404550e-02	3.150648e-02	5.026609e-04	2.934037e+00	1.582444e+00	1.646725e-01	3.071672e-02	1.978919e-05	2.872145e+00	1.437676e+00	2.036274e-01
3.584660e-01	1.158698e-01	-2.226197e-01	-2.427265e-03	-3.500210e+00	-1.817170e+00	-8.716608e-01	-2.242874e-01	1.627256e-04	-3.468986e+00	-1.726067e+00	-9.245893e-01
8.631027e-01	6.232979e-01	5.976568e-01	6.111892e-02	9.278345e+00	5.346963e+00	-5.843736e-01	6.039944e-01	6.292965e-02	9.222765e+00	5.217157e+00	-6.025493e-01
3.308983e-01	6.355922e-02	-9.600544e-02	-1.841947e-03	-2.204356e+00	-1.156723e+00	-7.183017e-01	-9.653684e-02	1.407051e-05	-2.176563e+00	-1.086953e+00	-7.492914e-01
3.109827e-01	3.251837e-01	-3.162729e-01	7.365540e-03	-9.873363e+00	-4.939561e+00	-2.827519e-01	-3.188794e-01	9.267679e-03	-9.827146e+00	-4.742574e+00	-2.967233e-01
7.296057e-01	6.375571e-01	-1.198850e-01	1.237665e-01	1.219010e+01	7.494048e+00	-1.150394e-01	-1.160429e-01	1.240726e-01	1.209599e+01	7.215630e+00	-8.732060e-02
8.872120e-01	4.722150e-01	7.485443e-01	1.661547e-02	8.317903e+00	4.524411e+00	1.917854e-02	7.563388e-01	1.725225e-02	8.293486e+00	4.365951e+00	3.071550e-02
1.195950e-01	7.132444e-01	5.784857e-01	9.994896e-02	-6.214361e+00	-2.430010e+00	-2.867657e-01	5.727780e-01	9.496202e-02	-6.192180e+00	-2.297244e+00	-3.345429e-01
7.607845e-01	5.612771e-01	6.180131e-02	6.830128e-02	1.285422e+01	7.402135e+00	-1.599832e-01	6.645837e-02	6.775948e-02	1.278883e+01	7.118757e+00	-1.342528e-01
7.709666e-01	4.937956e-01	1.261759e-01	4.010506e-02	1.280547e+01	7.138369e+00	-8.945683e-02	1.313316e-01	3.918273e-02	1.277252e+01	6.862361e+00	-6.621991e-02
5.227328e-01	4.275412e-01	-9.620708e-01	3.698070e-02	2.053111e+00	1.571207e+00	-3.539905e-01	-9.642818e-01	3.332754e-02	2.054474e+00	1.494947e+00	-3.546249e-01
2.542008e-02	1.078922e-01	3.260832e-01	-1.475498e-03	-6.749240e-01	-3.887608e-01	1.411642e+00	3.282681e-01	1.080999e-05	-6.641228e-01	-3.314603e-01	1.462780e+00
3.143012e-02	6.364101e-01	8.958000e-01	1.801379e-02	-2.143190e+00	-9.807637e-01	-3.609015e-01	8.918928e-01	1.617105e-02	-2.140931e+00	-9.180068e-01	-3.836368e-01
3.143564e-01	5.085707e-01	-3.896365e-01	6.023081e-02	-1.112690e+01	-5.085421e+00	8.622381e-02	-3.932905e-01	5.583844e-02	-1.110957e+01	-4.896014e+00	7.450756e-02
9.075657e-01	2.492927e-01	5.862399e-01	2.867177e-03	4.892402e+00	2.605748e+00	8.844488e-01	5.898502e-01	1.105860e-03	4.882320e+00	2.467776e+00	9.248486e-01
4.103831e-01	7.555506e-01	-5.858589e-01	3.255312e-01	-2.985787e+00	9.297056e-01	1.035831e+00	-5.874231e-01	3.130472e-01	-3.002411e+00	9.847739e-01	1.097697e+00
2.287987e-01	7.698075e-02	3.253508e-02	1.683980e-04	-2.998687e+00	-1.633392e+00	1.813543e-01	3.180881e-02	2.312431e-05	-2.981675e+00	-1.489035e+00	2.026002e-01
2.897519e-01	1.612220e-01	-1.180696e-01	-2.243683e-03	-5.937680e+00	-3.076499e+00	-3.250181e-01	-1.199102e-01	5.335144e-04	-5.893723e+00	-2.927006e+00	-3.388707e-01
9.296967e-01	8.081198e-01	5.080545e-01	8.869667e-02	3.523597e+00	2.534842e+00	-1.726423e+00	5.125389e-01	9.343114e-02	3.508254e+00	2.447820e+00	-1.823384e+00
6.334035e-01	8.714598e-01	-2.657598e-01	5.250711e-01	6.201437e+00	6.782212e+00	5.274704e-01	-2.627957e-01	5.268379e-01	6.089114e+00	6.671836e+00	5.973835e-01
8.036715e-01	1.865707e-01	1.823974e-01	2.890423e-03	6.612391e+00	3.498813e+00	3.926819e-01	1.830188e-01	7.008308e-04	6.574483e+00	3.309780e+00	4.314308e-01
8.925582e-01	5.393422e-01	7.670392e-01	2.643998e-02	8.036175e+00	4.449522e+00	-2.740626e-01	7.747041e-01	2.802219e-02	8.001356e+00	4.312416e+00	-2.765921e-01
8.074396e-01	8.960905e-01	1.097716e-01	3.582910e-01	5.489113e+00	5.214237e+00	-1.272099e+00	1.132364e-01	3.666945e-01	5.406973e+00	5.158782e+00	-1.358455e+00
3.180038e-01	1.100527e-01	-1.389162e-01	-2.215311e-03	-3.898720e+00	-2.032261e+00	-5.840126e-01	-1.404367e-01	1.233598e-04	-3.871309e+00	-1.928929e+00	-6.122902e-01
2.279357e-01	4.271079e-01	1.373115e-01	2.281745e-02	-1.193378e+01	-5.870173e+00	1.001349e-01	1.345829e-01	2.184446e-02	-1.191632e+01	-5.651291e+00	8.870815e-02
8.180141e-01	8.607299e-01	1.717405e-01	2.894281e-01	6.291706e+00	5.256976e+00	-1.224969e+00	1.756065e-01	2.969834e-01	6.225733e+00	5.183086e+00	-1.314749e+00
6.953117e-03	5.107473e-01	9.998912e-01	1.397207e-03	-5.340277e-01	-2.273867e-01	7.500103e-02	9.984764e-01	1.486343e-03	-5.368682e-01	-2.509733e-01	5.389105e-02
4.174112e-01	2.221084e-01	-5.558803e-01	3.131181e-04	-3.997829e+00	-2.029350e+00	-9.819986e-01	-5.579298e-01	2.352200e-03	-3.961917e+00	-1.917416e+00	-1.044224e+00
1.198661e-01	3.376155e-01	6.378235e-01	3.342226e-03	-7.469094e+00	-3.801126e+00	5.766978e-01	6.366537e-01	4.777741e-03	-7.443640e+00	-3.636912e+00	5.785587e-01
9.429088e-01	3.232033e-01	7.898741e-01	4.220441e-03	3.780993e+00	2.022406e+00	7.247818e-01	7.955945e-01	1.946664e-03	3.772602e+00	1.922439e+00	7.586987e-01
5.187905e-01	7.030185e-01	-7.987092e-01	2.500872e-01	2.614193e+00	3.404563e+00	8.476583e-01	-7.978138e-01	2.438428e-01	2.576606e+00	3.369410e+00	9.061520e-01
3.636299e-01	9.717811e-01	-6.416416e-02	8.284433e-01	2.655355e+00	6.257781e+00	1.456770e+00	-5.797601e-02	8.112142e-01	2.498224e+00	6.257735e+00	1.606528e+00
9.624463e-01	2.517828e-01	6.875092e-01	4.856423e-03	2.097929e+00	1.114274e+00	1.024767e+00	6.913536e-01	4.730404e-04	2.096370e+00	1.059458e+00	1.067609e+00
4.972485e-01	3.008787e-01	-8.089105e-01	9.591416e-03	-6.719342e-02	1.650426e-01	-9.007565e-01	-8.105155e-01	8.195015e-03	-6.715344e-02	1.298449e-01	-9.195305e-01
2.848409e-01	3.688787e-02	-2.530712e-02	-2.669543e-04	-1.451925e+00	-8.006681e-01	-3.327992e-01	-2.511057e-02	1.444424e-06	-1.418184e+00	-7.088568e-01	-3.388366e-01
6.095641e-01	5.026790e-01	-7.730555e-01	6.269784e-02	8.472265e+00	5.084043e+00	-1.450211e-02	-7.722290e-01	6.010511e-02	8.461551e+00	4.948193e+00	-2.363507e-02
5.147965e-02	2.786469e-01	7.287400e-01	-2.282068e-03	-3.063057e+00	-1.558963e+00	9.390570e-01	7.279807e-01	9.707503e-04	-3.052770e+00	-1.505482e+00	9.635559e-01
9.082651e-01	2.395624e-01	5.698425e-01	2.672389e-03	4.706656e+00	2.507903e+00	9.139885e-01	5.731087e-01	9.361184e-04	4.696991e+00	2.371941e+00	9.563398e-01
1.448956e-01	4.894528e-01	6.164610e-01	2.684982e-02	-9.736582e+00	-4.742561e+00	1.199596e-01	6.130887e-01	2.523161e-02	-9.712676e+00	-4.547034e+00	1.128916e-01
9.856495e-01	2.420558e-01	6.826477e-01	5.980089e-03	7.795935e-01	3.932925e-01	1.089817e+00	6.864408e-01	1.547147e-04	7.824572e-01	3.950636e-01	1.128083e+00
6.721352e-01	7.616191e-01	-3.235322e-01	2.864466e-01	9.154745e+00	7.003915e+00	2.138956e-01	-3.199592e-01	2.884617e-01	9.066910e+00	6.805943e+00	2.686000e-01
2.376381e-01	7.282159e-01	6.450576e-02	2.029556e-01	-8.403116e+00	-2.793186e+00	2.647655e-01	5.849091e-02	1.909794e-01	-8.395018e+00	-2.623969e+00	2.441548e-01
3.677834e-01	6.323056e-01	-6.135973e-01	1.545175e-01	-7.580465e+00	-2.520981e+00	5.088431e-01	-6.169121e-01	1.462559e-01	-7.564076e+00	-2.394204e+00	5.290240e-01
6.335294e-01	5.357746e-01	-6.658537e-01	7.668431e-02	9.882146e+00	5.941947e+00	6.372049e-02	-6.639986e-01	7.525573e-02	9.851851e+00	5.768695e+00	6.500050e-02
9.029058e-02	8.353018e-01	4.265394e-01	1.401783e-01	-2.689981e+00	-4.531294e-01	-3.483838e-01	4.171493e-01	1.362468e-01	-2.687706e+00	-3.651874e-01	-4.171768e-01
3.207804e-01	1.865191e-01	-2.356991e-01	-2.017662e-03	-6.301694e+00	-3.237183e+00	-5.336143e-01	-2.379091e-01	1.023478e-03	-6.251356e+00	-3.092754e+00	-5.620250e-01
4.077606e-02	5.908928e-01	9.308250e-01	1.689251e-02	-2.940965e+00	-1.365437e+00	-2.082997e-01	9.281881e-01	1.557404e-02	-2.950068e+00	-1.316893e+00	-2.381000e-01
6.775640e-01	1.658880e-02	-2.649152e-02	8.161813e-04	6.463974e-01	3.332771e-01	-6.351770e-01	-2.289834e-02	6.424835e-08	5.879829e-01	2.940147e-01	-6.895499e-01
5.120931e-01	2.264963e-01	-6.501811e-01	3.580883e-03	6.778564e-01	4.476278e-01	-1.137510e+00	-6.511312e-01	2.629850e-03	6.693645e-01	4.043483e-01	-1.186359e+00
6.451725e-01	1.743671e-01	-3.182885e-01	3.498390e-03	5.253268e+00	2.775168e+00	-7.897176e-01	-3.187572e-01	8.299123e-04	5.194625e+00	2.625870e+00	-8.213706e-01
6.909374e-01	3.867356e-01	-3.421413e-01	2.071626e-02	1.117315e+01	6.088472e+00	-2.057517e-01	-3.399252e-01	1.846428e-02	1.116833e+01	5.870629e+00	-2.182798e-01
9.367291e-01	1.375217e-01	3.857551e-01	3.727227e-04	2.050497e+00	1.125740e+00	1.242151e+00	3.860676e-01	7.062763e-05	2.039185e+00	1.022674e+00	1.314670e+00
3.410667e-01	1.134743e-01	-1.873400e-01	-2.381012e-03	-3.711612e+00	-1.927396e+00	-7.548735e-01	-1.889673e-01	1.455603e-04	-3.681837e+00	-1.833222e+00	-7.969444e-01
9.246928e-01	8.773386e-01	3.313832e-01	1.329575e-01	2.841134e+00	2.424954e+00	-2.080642e+00	3.345864e-01	1.388660e-01	2.785673e+00	2.342522e+00	-2.200406e+00
2.579421e-01	6.599838e-01	-3.894049e-02	1.478284e-01	-1.019146e+01	-4.035604e+00	2.453822e-01	-4.371233e-02	1.374637e-01	-1.016546e+01	-3.833029e+00	2.431559e-01
8.172215e-01	5.552007e-01	3.976279e-01	5.194767e-02	1.171737e+01	6.608269e+00	-2.537427e-01	4.037704e-01	5.161083e-02	1.166198e+01	6.388741e+00	-2.364197e-01
5.296505e-01	2.418528e-01	-6.758370e-01	5.112723e-03	1.676383e+00	9.896898e-01	-1.082744e+00	-6.768603e-01	3.406572e-03	1.659537e+00	9.142802e-01	-1.119578e+00
9.310358e-02	8.972149e-01	2.732803e-01	1.900717e-01	-1.367598e+00	5.130851e-01	-1.788401e-01	2.645611e-01	1.868495e-01	-1.368909e+00	5.650756e-01	-2.672488e-01
9.004172e-01	6.331012e-01	7.339048e-01	4.651816e-02	7.077711e+00	4.093873e+00	-7.237358e-01	7.407192e-01	4.944460e-02	7.037953e+00	3.987571e+00	-7.571217e-01
3.390301e-01	3.492099e-01	-4.693967e-01	1.177724e-02	-9.367479e+00	-4.635075e+00	-3.533190e-01	-4.722325e-01	1.300984e-02	-9.329034e+00	-4.440986e+00	-3.689627e-01
7.259552e-01	8.971094e-01	-5.133450e-02	4.851764e-01	6.229304e+00	6.422529e+00	-4.164706e-01	-4.780608e-02	4.912592e-01	6.136533e+00	6.353880e+00	-4.389150e-01
8.870857e-01	7.798749e-01	4.791944e-01	1.229409e-01	5.901196e+00	4.012788e+00	-1.375157e+00	4.838514e-01	1.284849e-01	5.879466e+00	3.928237e+00	-1.462868e+00
6.420314e-01	8.414079e-02	-1.642663e-01	1.559570e-03	2.588773e+00	1.370819e+00	-9.008251e-01	-1.639558e-01	4.521442e-05	2.558401e+00	1.282425e+00	-9.515296e-01
1.616294e-01	8.985534e-01	1.724700e-01	3.261684e-01	-1.949449e+00	1.070090e+00	1.436515e-01	1.651765e-01	3.169713e-01	-1.934933e+00	1.149078e+00	1.084375e-01
6.064288e-01	9.198033e-03	-2.857983e-02	1.048401e-03	2.470340e-01	1.454426e-01	-1.121784e+00	-2.266962e-02	6.761419e-09	2.250996e-01	1.125542e-01	-1.231965e+00
1.014723e-01	6.635014e-01	7.040845e-01	6.455190e-02	-6.156307e+00	-2.643528e+00	-2.779381e-01	6.998510e-01	6.074129e-02	-6.148605e+00	-2.525023e+00	-3.311103e-01
5.062574e-03	1.608087e-01	4.817194e-01	-1.371309e-03	-1.977098e-01	-1.338180e-01	1.330726e+00	4.837337e-01	1.063509e-05	-1.931611e-01	-9.618372e-02	1.374927e+00
5.487337e-01	6.918948e-01	-7.868742e-01	2.307550e-01	4.477045e+00	4.246133e+00	7.384653e-01	-7.854047e-01	2.264906e-01	4.429652e+00	4.178916e+00	7.943100e-01
6.519610e-01	2.242699e-01	-3.738959e-01	5.511001e-03	6.742977e+00	3.572401e+00	-6.678547e-01	-3.742247e-01	2.246937e-03	6.683324e+00	3.401775e+00	-6.932926e-01
7.121788e-01	2.372496e-01	-1.600302e-01	5.658939e-03	8.376852e+00	4.423017e+00	-2.701341e-01	-1.596586e-01	2.490073e-03	8.325265e+00	4.225606e+00	-2.748098e-01
3.254001e-01	7.464910e-01	-3.220459e-01	2.784331e-01	-6.578462e+00	-1.288838e+00	7.307491e-01	-3.261392e-01	2.649708e-01	-6.573975e+00	-1.157256e+00	7.554638e-01
6.496326e-01	8.492227e-01	-2.723960e-01	4.612479e-01	6.913769e+00	6.811347e+00	3.910190e-01	-2.689782e-01	4.636843e-01	6.813807e+00	6.682964e+00	4.541846e-01
6.576126e-01	5.683085e-01	-5.384111e-01	9.219261e-02	1.096747e+01	6.642072e+00	8.973655e-02	-5.358512e-01	9.178410e-02	1.091293e+01	6.425491e+00	1.055963e-01
9.367558e-02	3.677161e-01	7.624175e-01	4.135206e-03	-6.344949e+00	-3.199884e+00	5.550737e-01	7.609337e-01	5.303221e-03	-6.325089e+00	-3.076012e+00	5.549387e-01
2.652029e-01	2.439902e-01	-6.428325e-02	-3.816336e-04	-8.695477e+00	-4.444917e+00	-9.972385e-02	-6.615654e-02	2.622745e-03	-8.633692e+00	-4.252349e+00	-1.041746e-01
9.730096e-01	3.930979e-01	9.235675e-01	3.180698e-03	2.027388e+00	1.084796e+00	4.419354e-01	9.305892e-01	2.022280e-03	2.022965e+00	1.042349e+00	4.728800e-01
8.920458e-01	6.311384e-01	7.067838e-01	5.003937e-02	7.602965e+00	4.390171e+00	-6.944820e-01	7.134928e-01	5.278736e-02	7.559788e+00	4.281724e+00	-7.248021e-01
7.948107e-01	5.026371e-01	2.719815e-01	3.923638e-02	1.241402e+01	6.902853e+00	-1.083049e-01	2.778395e-01	3.835457e-02	1.237638e+01	6.646029e+00	-8.375826e-02
5.769037e-01	4.925177e-01	-8.848355e-01	6.072851e-02	6.305218e+00	3.950427e+00	-4.500237e-02	-8.852679e-01	5.713301e-02	6.300926e+00	3.846475e+00	-5.480743e-02
1.952436e-01	7.224516e-01	2.642423e-01	1.664265e-01	-8.197855e+00	-2.948418e+00	4.665241e-02	2.582285e-01	1.568120e-01	-8.188569e+00	-2.791952e+00	9.050280e-03
2.807728e-01	2.431692e-02	-1.527882e-02	2.043992e-04	-9.852440e-01	-5.594142e-01	-2.961861e-01	-1.466472e-02	2.699506e-07	-9.411443e-01	-4.705055e-01	-3.009460e-01
6.454720e-01	1.771113e-01	-3.219960e-01	3.588751e-03	5.335161e+00	2.818687e+00	-7.838570e-01	-3.224632e-01	8.829961e-04	5.276111e+00	2.667969e+00	-8.150793e-01
9.404577e-01	9.539277e-01	1.350019e-01	1.480867e-01	1.373397e+00	1.658778e+00	-2.551661e+00	1.342588e-01	1.539932e-01	1.308105e+00	1.622637e+00	-2.724881e+00
9.148635e-01	3.701590e-01	7.827724e-01	5.682305e-03	5.947961e+00	3.192148e+00	4.838639e-01	7.897197e-01	4.961673e-03	5.934091e+00	3.047471e+00	5.076306e-01
1.545759e-02	9.283177e-01	2.329781e-01	3.160293e-02	-1.553722e-01	5.170725e-03	-2.871162e-01	2.222456e-01	3.605017e-02	-1.167674e-01	1.746195e-01	-3.587356e-01
4.281843e-01	9.666539e-01	-9.874666e-02	8.650476e-01	3.142777e+00	6.758820e+00	1.563309e+00	-9.410218e-02	8.510119e-01	2.948455e+00	6.756440e+00	1.712646e+00
9.636190e-01	8.530087e-01	4.305090e-01	5.733712e-02	1.576699e+00	1.254274e+00	-2.079415e+00	4.339584e-01	6.037987e-02	1.551871e+00	1.200643e+00	-2.195898e+00
2.944493e-01	3.850980e-01	-2.550980e-01	1.729305e-02	-1.114537e+01	-5.486140e+00	-1.166831e-01	-2.579007e-01	1.756461e-02	-1.111853e+01	-5.285602e+00	-1.321454e-01
8.511360e-01	3.169224e-01	4.926552e-01	6.098345e-03	8.562716e+00	4.549284e+00	4.683783e-01	4.980479e-01	4.547817e-03	8.543657e+00	4.357928e+00	4.930144e-01
1.694934e-01	5.568011e-01	4.804252e-01	5.298121e-02	-1.049722e+01	-4.916316e+00	9.987533e-03	4.768463e-01	4.879584e-02	-1.046757e+01	-4.707969e+00	-5.020961e-03
9.361539e-01	6.960294e-01	7.451813e-01	4.338475e-02	4.289610e+00	2.632480e+00	-1.134498e+00	7.514810e-01	4.676041e-02	4.274210e+00	2.540195e+00	-1.196604e+00
5.700610e-01	9.717730e-02	-2.721930e-01	1.339510e-03	1.624345e+00	8.916172e-01	-1.260464e+00	-2.719158e-01	8.702688e-05	1.613100e+00	8.119230e-01	-1.355363e+00
6.150070e-01	9.900528e-01	-2.347285e-02	8.971716e-01	4.095724e+00	7.403417e+00	6.122645e-01	-2.343618e-02	8.987681e-01	3.890859e+00	7.392219e+00	6.441475e-01
1.400847e-01	5.183296e-01	6.393894e-01	3.294428e-02	-9.457106e+00	-4.544872e+00	5.818993e-02	6.359578e-01	3.075065e-02	-9.433456e+00	-4.360770e+00	4.499022e-02
8.773723e-01	7.407681e-01	5.168560e-01	1.085401e-01	7.003142e+00	4.494367e+00	-1.139575e+00	5.218974e-01	1.131544e-01	6.976711e+00	4.404872e+00	-1.211890e+00
6.970153e-01	7.024837e-01	-2.663957e-01	1.970408e-01	1.077740e+01	7.280102e+00	4.366311e-02	-2.628775e-01	1.983500e-01	1.068288e+01	7.035570e+00	8.302636e-02
3.594914e-01	2.935923e-01	-5.034209e-01	4.490927e-03	-7.694971e+00	-3.862299e+00	-5.703118e-01	-5.060758e-01	6.717642e-03	-7.646041e+00	-3.685735e+00	-5.973891e-01
8.093605e-01	8.101127e-01	2.004333e-01	2.371928e-01	7.825058e+00	5.792166e+00	-9.580631e-01	2.047084e-01	2.428084e-01	7.773189e+00	5.684925e+00	-1.032313e+00
8.670716e-01	9.132397e-01	1.779425e-01	2.731941e-01	3.833037e+00	3.785892e+00	-1.903112e+00	1.806404e-01	2.821040e-01	3.743838e+00	3.725347e+00	-2.013823e+00
5.113424e-01	5.015163e-01	-9.954212e-01	6.756110e-02	1.401164e+00	1.506050e+00	6.150305e-04	-9.974503e-01	6.322144e-02	1.399036e+00	1.455881e+00	3.923344e-03
7.982946e-01	6.499636e-01	2.611688e-01	1.051681e-01	1.141635e+01	6.860074e+00	-4.360383e-01	2.662559e-01	1.056719e-01	1.133612e+01	6.643549e+00	-4.389496e-01
7.019665e-01	7.957921e-01	-1.818886e-01	3.198904e-01	8.886852e+00	7.013361e+00	-2.723488e-02	-1.778785e-01	3.229938e-01	8.803689e+00	6.837107e+00	6.482005e-04
8.900046e-01	3.379955e-01	6.665850e-01	5.491450e-03	7.063453e+00	3.766666e+00	5.444874e-01	6.728711e-01	4.420689e-03	7.046942e+00	3.601946e+00	5.704687e-01
3.755832e-01	9.398274e-02	-2.053213e-01	-2.385780e-03	-2.604525e+00	-1.356934e+00	-1.004600e+00	-2.065096e-01	7.213342e-05	-2.573056e+00	-1.281923e+00	-1.066498e+00
5.782800e-01	3.594320e-02	-1.023762e-01	8.557588e-04	6.620762e-01	3.833409e-01	-1.261488e+00	-9.932230e-02	1.618824e-06	6.688781e-01	3.347093e-01	-1.375780e+00
4.655981e-01	5.426446e-01	-9.657530e-01	9.108277e-02	-2.035133e+00	-8.088810e-02	2.042584e-01	-9.679773e-01	8.620262e-02	-2.035586e+00	-6.465411e-02	2.196227e-01
2.865417e-01	5.908331e-01	-2.143825e-01	1.033915e-01	-1.112621e+01	-4.783346e+00	2.181392e-01	-2.183829e-01	9.547072e-02	-1.109541e+01	-4.578186e+00	2.195919e-01
3.050119e-02	3.734911e-02	1.168786e-01	-1.671955e-03	-3.159365e-01	-1.663934e-01	1.454127e+00	1.149234e-01	1.861757e-07	-2.801864e-01	-1.400633e-01	1.531439e+00
8.225999e-01	3.601909e-01	3.930109e-01	1.050420e-02	1.032996e+01	5.520498e+00	2.534305e-01	3.986913e-01	8.902563e-03	1.030953e+01	5.303061e+00	2.717997e-01
1.270613e-01	5.222432e-01	6.994833e-01	3.085811e-02	-8.776295e+00	-4.210528e+00	4.831767e-02	6.961865e-01	2.891072e-02	-8.756701e+00	-4.046198e+00	3.111699e-02
7.699930e-01	2.158216e-01	7.777309e-02	4.215673e-03	7.888282e+00	4.159461e+00	1.268944e-01	7.858863e-02	1.434818e-03	7.846800e+00	3.963289e+00	1.507179e-01
6.228902e-01	8.534829e-02	-1.901742e-01	1.639679e-03	2.349967e+00	1.254475e+00	-1.020195e+00	-1.897993e-01	4.915593e-05	2.324983e+00	1.165947e+00	-1.085167e+00
5.168261e-02	5.313545e-01	9.450623e-01	1.358564e-02	-3.889178e+00	-1.845478e+00	5.307883e-03	9.431422e-01	1.288612e-02	-3.892913e+00	-1.800948e+00	-2.283644e-02
5.406350e-01	6.374296e-01	-8.792300e-01	1.684545e-01	3.942781e+00	3.553765e+00	5.711226e-01	-8.787935e-01	1.637497e-01	3.910003e+00	3.496345e+00	6.029900e-01
7.260908e-01	9.758511e-01	-1.149318e-02	6.803369e-01	3.886018e+00	6.117362e+00	-6.485981e-01	-1.134329e-02	6.875498e-01	3.759975e+00	6.107373e+00	-6.944166e-01
5.163003e-01	3.229568e-01	-8.430196e-01	1.317842e-02	1.231449e+00	8.845105e-01	-8.171130e-01	-8.448186e-01	1.086446e-02	1.225676e+00	8.146816e-01	-8.258477e-01
7.951856e-01	2.708327e-01	2.078774e-01	5.765393e-03	9.145669e+00	4.839830e+00	2.640787e-01	2.105983e-01	3.227917e-03	9.117335e+00	4.630178e+00	2.833497e-01
4.389715e-01	7.845722e-02	-2.260590e-01	-1.952574e-03	-1.180004e+00	-6.198062e-01	-1.312771e+00	-2.262733e-01	3.719634e-05	-1.145208e+00	-5.697595e-01	-1.412685e+00
2.535169e-02	9.626474e-01	1.289588e-01	6.441195e-02	-3.440657e-02	3.202395e-01	-7.664838e-02	1.155951e-01	6.832296e-02	5.053341e-02	4.511108e-01	-1.955922e-01
8.359795e-01	6.959738e-01	4.146944e-01	1.131311e-01	9.518170e+00	5.864812e+00	-7.466444e-01	4.198914e-01	1.156186e-01	9.462563e+00	5.728031e+00	-7.872611e-01
4.089531e-01	1.732950e-01	-4.334503e-01	-1.507923e-03	-3.537873e+00	-1.829160e+00	-1.054413e+00	-4.354627e-01	8.652275e-04	-3.503487e+00	-1.721787e+00	-1.129364e+00
1.564377e-01	2.502434e-01	3.931565e-01	-3.356189e-04	-7.415547e+00	-3.826038e+00	6.074004e-01	3.924535e-01	1.850614e-03	-7.370134e+00	-3.640695e+00	6.209533e-01
5.492265e-01	7.145955e-01	-7.459193e-01	2.618483e-01	4.483056e+00	4.447946e+00	8.051106e-01	-7.441529e-01	2.576481e-01	4.430462e+00	4.378536e+00	8.709468e-01
6.601971e-01	2.799343e-01	-4.121258e-01	8.889034e-03	8.300442e+00	4.427757e+00	-5.182472e-01	-4.119852e-01	5.379388e-03	8.257142e+00	4.243871e+00	-5.402419e-01
9.548644e-01	7.378964e-01	6.984766e-01	3.903313e-02	2.806891e+00	1.818623e+00	-1.408990e+00	7.041783e-01	4.189811e-02	2.806162e+00	1.743764e+00	-1.486066e+00
5.543540e-01	6.117205e-01	-8.851957e-01	1.420261e-01	4.887509e+00	3.854239e+00	4.504132e-01	-8.848049e-01	1.379906e-01	4.854414e+00	3.780674e+00	4.715022e-01
4.196002e-01	2.477315e-01	-6.123010e-01	1.866654e-03	-4.245314e+00	-2.128787e+00	-9.245783e-01	-6.143592e-01	3.646879e-03	-4.210656e+00	-2.017001e+00	-9.774086e-01
3.559730e-01	7.578456e-01	-4.227698e-01	3.102610e-01	-5.243125e+00	-3.757845e-01	8.872987e-01	-4.259007e-01	2.966610e-01	-5.247559e+00	-2.750614e-01	9.293470e-01
1.439446e-02	1.160734e-01	3.528796e-01	-1.087829e-03	-4.128846e-01	-2.488926e-01	1.410546e+00	3.551697e-01	8.205935e-06	-4.044864e-01	-2.018190e-01	1.461798e+00
4.600355e-02	4.072972e-02	1.234102e-01	-1.241848e-03	-5.009168e-01	-2.866147e-01	1.432870e+00	1.223136e-01	3.963455e-07	-4.570411e-01	-2.284622e-01	1.493328e+00
8.554599e-01	7.036574e-01	4.882227e-01	1.042840e-01	8.603191e+00	5.307791e+00	-8.718156e-01	4.935096e-01	1.075362e-01	8.558861e+00	5.196378e+00	-9.230103e-01
4.741739e-01	9.783496e-02	-2.982054e-01	-1.087591e-03	-6.354492e-01	-3.266961e-01	-1.366791e+00	-2.985667e-01	9.131566e-05	-6.104879e-01	-2.996438e-01	-1.477503e+00
4.916159e-01	4.734718e-01	-9.927443e-01	5.404754e-02	-2.366621e-01	5.511930e-01	-1.340375e-01	-9.951468e-01	5.023725e-02	-2.349619e-01	5.191431e-01	-1.284994e-01
1.732025e-01	4.338518e-01	4.569390e-01	1.894052e-02	-1.074179e+01	-5.328739e+00	2.026235e-01	4.540408e-01	1.834100e-02	-1.072298e+01	-5.107840e+00	1.979979e-01
3.985049e-01	6.158499e-01	-7.480631e-01	1.438396e-01	-6.112715e+00	-1.817116e+00	4.979552e-01	-7.508308e-01	1.365959e-01	-6.104237e+00	-1.721314e+00	5.200934e-01
6.350933e-01	4.530492e-02	-9.579778e-02	1.289681e-03	1.354523e+00	7.271541e-01	-9.570415e-01	-9.374437e-02	3.839144e-06	1.338128e+00	6.695727e-01	-1.027601e+00
3.746129e-01	6.258597e-01	-6.477540e-01	1.495885e-01	-7.329105e+00	-2.419529e+00	4.993432e-01	-6.509593e-01	1.416785e-01	-7.314586e+00	-2.299047e+00	5.192822e-01
5.031363e-01	8.564891e-01	-4.369095e-01	5.463815e-01	2.719216e+00	5.114992e+00	1.296733e+00	-4.356485e-01	5.381041e-01	2.620964e+00	5.080086e+00	1.405233e+00
6.586933e-01	1.629351e-01	-2.653693e-01	3.115252e-03	5.242402e+00	2.760642e+00	-7.186437e-01	-2.658416e-01	6.189991e-04	5.184932e+00	2.615260e+00	-7.437925e-01
7.056960e-02	6.424190e-01	8.182445e-01	4.020555e-02	-4.629220e+00	-2.060901e+00	-3.095317e-01	8.143816e-01	3.745221e-02	-4.627288e+00	-1.963851e+00	-3.528810e-01
2.651226e-02	5.857754e-01	9.530675e-01	1.086862e-02	-1.932119e+00	-8.994264e-01	-2.050489e-01	9.505687e-01	9.795323e-03	-1.941573e+00	-8.704544e-01	-2.280871e-01
9.402294e-01	5.754740e-01	8.963418e-01	1.802595e-02	4.649271e+00	2.640075e+00	-4.871025e-01	9.042772e-01	2.047320e-02	4.622495e+00	2.524705e+00	-5.125013e-01
3.881702e-01	6.432879e-01	-6.842787e-01	1.691952e-01	-6.324028e+00	-1.758655e+00	5.873203e-01	-6.871111e-01	1.607863e-01	-6.312122e+00	-1.656394e+00	6.141413e-01
4.582530e-01	5.456167e-01	-9.536179e-01	9.278448e-02	-2.581221e+00	-3.513462e-01	2.187178e-01	-9.558945e-01	8.786273e-02	-2.581004e+00	-3.242993e-01	2.348714e-01
9.414639e-01	3.861029e-01	8.668901e-01	4.836276e-03	4.284169e+00	2.313607e+00	4.544991e-01	8.740221e-01	4.063824e-03	4.274249e+00	2.200276e+00	4.790308e-01
9.611896e-01	9.053498e-01	2.825595e-01	7.808693e-02	1.297132e+00	1.213549e+00	-2.359379e+00	2.843216e-01	8.171206e-02	1.249967e+00	1.166512e+00	-2.504919e+00
1.957917e-01	6.936216e-02	7.274443e-02	1.362875e-03	-2.574398e+00	-1.417916e+00	4.740205e-01	7.221804e-02	1.335658e-05	-2.559856e+00	-1.278773e+00	5.123504e-01
1.007788e-01	1.822279e-02	4.794300e-02	2.565220e-03	-5.161879e-01	-3.153296e-01	1.218924e+00	4.612466e-02	3.433195e-08	-4.254597e-01	-2.127185e-01	1.264193e+00
9.444377e-02	6.830064e-01	7.006317e-01	6.755717e-02	-5.540359e+00	-2.325209e+00	-3.326724e-01	6.957548e-01	6.362553e-02	-5.524630e+00	-2.203384e+00	-3.812351e-01
7.118951e-02	3.189760e-01	7.606989e-01	-5.190074e-05	-4.567959e+00	-2.316072e+00	7.675356e-01	7.597045e-01	2.295997e-03	-4.551017e+00	-2.232320e+00	7.785696e-01
8.448746e-01	2.327289e-02	4.620180e-02	-2.245590e-03	8.721937e-01	5.076203e-01	8.019495e-01	4.101193e-02	1.373740e-07	7.596553e-01	3.798631e-01	8.795387e-01
8.144678e-01	2.818552e-01	3.015385e-01	5.720809e-03	9.014915e+00	4.774981e+00	3.612281e-01	3.051006e-01	3.473745e-03	8.991073e+00	4.569484e+00	3.835119e-01
1.181656e-01	6.967368e-01	6.056329e-01	9.025510e-02	-6.450506e+00	-2.610845e+00	-2.742762e-01	6.005004e-01	8.548591e-02	-6.433561e+00	-2.480613e+00	-3.257055e-01
6.289426e-01	8.774713e-01	-2.616777e-01	5.433189e-01	6.018334e+00	6.782244e+00	5.651844e-01	-2.588597e-01	5.448534e-01	5.901964e+00	6.676598e+00	6.366359e-01
7.350706e-01	8.034803e-01	-5.847412e-02	3.043646e-01	8.852211e+00	6.850621e+00	-3.143764e-01	-5.422416e-02	3.081971e-01	8.777058e+00	6.689995e+00	-3.207365e-01
2.820350e-01	1.774402e-01	-1.039135e-01	-2.123997e-03	-6.546728e+00	-3.384359e+00	-2.555112e-01	-1.057646e-01	7.678389e-04	-6.496335e+00	-3.222203e+00	-2.655146e-01
7.506142e-01	8.068342e-01	-2.103806e-03	2.948590e-01	8.719332e+00	6.698502e+00	-4.535943e-01	2.201014e-03	2.990766e-01	8.649032e+00	6.548591e+00	-4.765851e-01
9.905041e-01	4.126179e-01	9.536790e-01	1.488999e-03	7.277609e-01	3.646007e-01	3.468709e-01	9.608430e-01	8.645908e-04	7.296400e-01	3.773923e-01	3.795489e-01
3.720184e-01	7.764124e-01	-4.456222e-01	3.484939e-01	-4.108665e+00	4.433069e-01	1.001855e+00	-4.482007e-01	3.344089e-01	-4.124498e+00	5.220134e-01	1.055130e+00
3.408039e-01	9.307564e-01	-1.179398e-01	6.764045e-01	6.372706e-01	4.500392e+00	1.285928e+00	-1.165628e-01	6.585693e-01	5.477083e-01	4.519235e+00	1.393681e+00
8.584120e-01	4.289942e-01	6.068221e-01	1.502474e-02	9.679111e+00	5.221192e+00	1.509664e-01	6.141021e-01	1.457353e-02	9.656002e+00	5.031829e+00	1.707981e-01
7.508705e-01	7.545424e-01	-5.072355e-04	2.260177e-01	1.004568e+01	7.001787e+00	-3.593993e-01	3.812136e-03	2.285749e-01	9.969660e+00	6.802421e+00	-3.671753e-01
1.031247e-01	9.025521e-01	2.486945e-01	2.150104e-01	-1.351601e+00	6.838419e-01	-1.216728e-01	2.402983e-01	2.112406e-01	-1.349634e+00	7.294718e-01	-2.060830e-01
5.052524e-01	8.264568e-01	-5.196245e-01	4.744375e-01	2.550948e+00	4.657789e+00	1.229758e+00	-5.183085e-01	4.664676e-01	2.472701e+00	4.622862e+00	1.330243e+00
3.200500e-01	8.955225e-01	-1.358332e-01	5.607484e-01	-1.196600e+00	2.971392e+00	1.103958e+00	-1.373475e-01	5.430757e-01	-1.239125e+00	3.019044e+00	1.174712e+00
3.892019e-01	1.083863e-02	-2.900487e-02	-2.411053e-03	-3.161715e-01	-1.517325e-01	-1.140077e+00	-2.612220e-02	1.297294e-08	-2.743406e-01	-1.371631e-01	-1.204585e+00
9.053811e-01	9.128749e-02	2.367600e-01	-2.476141e-03	2.029761e+00	1.110459e+00	1.162760e+00	2.343389e-01	2.034031e-05	1.991874e+00	9.972740e-01	1.248034e+00
3.193140e-01	9.500611e-01	-6.889099e-02	7.049661e-01	1.204906e+00	4.871912e+00	1.227047e+00	-6.591585e-02	6.869448e-01	1.112061e+00	4.894351e+00	1.342594e+00
9.506062e-01	5.734378e-01	9.190036e-01	1.440986e-02	3.876044e+00	2.209137e+00	-4.832500e-01	9.269965e-01	1.671179e-02	3.852561e+00	2.101139e+00	-5.098435e-01
6.318370e-01	4.484456e-01	-6.682473e-01	3.960212e-02	9.464932e+00	5.386250e+00	-1.838649e-01	-6.672397e-01	3.702309e-02	9.468222e+00	5.229463e+00	-1.968185e-01
2.932112e-01	3.286649e-01	-2.277738e-01	7.436350e-03	-1.032570e+01	-5.170046e+00	-1.927250e-01	-2.302597e-01	9.291565e-03	-1.028116e+01	-4.970957e+00	-2.048691e-01
6.725181e-01	7.523740e-01	-3.318532e-01	2.726251e-01	9.342602e+00	7.020156e+00	2.095665e-01	-3.283288e-01	2.745098e-01	9.254050e+00	6.816175e+00	2.638523e-01
7.915785e-01	7.896175e-01	1.541391e-01	2.322951e-01	8.707645e+00	6.260572e+00	-7.497572e-01	1.585491e-01	2.367397e-01	8.651464e+00	6.124626e+00	-8.046280e-01
9.120692e-02	4.944203e-01	8.426896e-01	1.767953e-02	-6.689447e+00	-3.243302e+00	1.297239e-01	8.401113e-01	1.688899e-02	-6.675981e+00	-3.133035e+00	1.131728e-01
5.755964e-02	5.495288e-01	9.261711e-01	1.741631e-02	-4.267310e+00	-2.012333e+00	-5.456799e-02	9.240119e-01	1.640062e-02	-4.273205e+00	-1.957533e+00	-8.677252e-02
4.415306e-01	8.877034e-01	-3.227875e-01	6.239461e-01	1.297056e+00	4.722226e+00	1.441241e+00	-3.224623e-01	6.105248e-01	1.191569e+00	4.722330e+00	1.553863e+00
3.509153e-01	1.170678e-01	-2.113141e-01	-2.421305e-03	-3.665167e+00	-1.901960e+00	-8.199022e-01	-2.130041e-01	1.675963e-04	-3.634212e+00	-1.808516e+00	-8.682211e-01
1.429924e-01	7.615101e-01	4.315799e-01	1.525582e-01	-5.956475e+00	-1.951036e+00	-2.056313e-01	4.241945e-01	1.460357e-01	-5.928924e+00	-1.813835e+00	-2.405213e-01
6.182178e-01	1.011235e-01	-2.301493e-01	1.832083e-03	2.689757e+00	1.434970e+00	-1.035716e+00	-2.300894e-01	9.744088e-05	2.658752e+00	1.335158e+00	-1.099192e+00
8.410763e-02	7.009687e-01	7.027397e-01	6.704219e-02	-4.779177e+00	-1.963731e+00	-3.923167e-01	6.971050e-01	6.305426e-02	-4.754807e+00	-1.837685e+00	-4.345961e-01
7.276385e-02	8.218594e-01	4.856424e-01	1.072732e-01	-2.441951e+00	-5.578416e-01	-4.232074e-01	4.763620e-01	1.033872e-01	-2.441709e+00	-4.660745e-01	-4.964352e-01
7.062418e-01	8.134962e-02	-6.870407e-02	9.864122e-04	3.107718e+00	1.633608e+00	-4.118756e-01	-6.863118e-02	3.491914e-05	3.059112e+00	1.532131e+00	-4.126459e-01
8.483854e-02	9.866385e-01	4.551184e-02	2.538492e-01	5.576333e-01	1.861375e+00	1.247232e-01	3.614166e-02	2.495866e-01	7.438929e-01	1.889746e+00	8.428466e-02
3.742711e-01	3.706424e-01	-6.436792e-01	1.700981e-02	-8.038452e+00	-3.896940e+00	-4.123984e-01	-6.465344e-01	1.741897e-02	-8.011369e+00	-3.723704e+00	-4.256397e-01
8.127989e-01	9.472477e-01	6.149286e-02	4.371052e-01	3.901682e+00	4.758871e+00	-1.560449e+00	6.341690e-02	4.466652e-01	3.799920e+00	4.729200e+00	-1.647756e+00
9.860001e-01	7.533777e-01	6.914157e-01	1.291330e-02	8.392051e-01	5.553485e-01	-1.538381e+00	6.968591e-01	1.416398e-02	8.474943e-01	5.365510e-01	-1.623639e+00
3.762598e-01	8.350154e-02	-1.839017e-01	-2.361462e-03	-2.315825e+00	-1.206812e+00	-1.020014e+00	-1.848194e-01	4.498848e-05	-2.283873e+00	-1.138704e+00	-1.081150e+00
7.771464e-01	5.584041e-01	1.617825e-01	6.327446e-02	1.268814e+01	7.257446e+00	-1.898046e-01	1.668911e-01	6.264502e-02	1.262489e+01	6.985559e+00	-1.654477e-01
4.242222e-01	9.063535e-01	-2.583126e-01	6.704162e-01	1.340837e+00	4.951180e+00	1.468633e+00	-2.577216e-01	6.557916e-01	1.224049e+00	4.953321e+00	1.586077e+00
1.111983e-01	4.926251e-01	7.684655e-01	2.122577e-02	-7.935416e+00	-3.857944e+00	1.276256e-01	7.654868e-01	2.015787e-02	-7.916930e+00	-3.712950e+00	1.147855e-01
1.135462e-02	4.686607e-01	9.939536e-01	1.005009e-03	-8.812088e-01	-3.997596e-01	2.491922e-01	9.926257e-01	1.720539e-03	-8.767419e-01	-4.163438e-01	2.297423e-01
5.630416e-02	1.188187e-01	3.401408e-01	-1.883671e-03	-1.596649e+00	-8.665848e-01	1.317944e+00	3.420886e-01	3.507213e-05	-1.586397e+00	-7.914274e-01	1.372358e+00
1.175270e-01	6.492100e-01	6.636062e-01	6.819470e-02	-7.154984e+00	-3.109571e+00	-2.090261e-01	6.597455e-01	6.410849e-02	-7.151451e+00	-2.983235e+00	-2.645673e-01
7.460444e-01	5.833686e-01	-2.822733e-02	8.319850e-02	1.277893e+01	7.490755e+00	-1.433909e-01	-2.400364e-02	8.290631e-02	1.270254e+01	7.203969e+00	-1.169244e-01
9.621716e-01	3.748708e-01	8.909895e-01	3.857568e-03	2.765230e+00	1.484787e+00	5.229595e-01	8.977548e-01	2.341377e-03	2.758066e+00	1.416508e+00	5.539888e-01
2.857125e-01	8.685983e-01	-8.543926e-02	4.620032e-01	-2.854388e+00	1.551294e+00	8.423858e-01	-8.926785e-02	4.450279e-01	-2.865649e+00	1.641286e+00	8.776363e-01
2.235964e-01	9.632216e-01	1.789600e-02	5.713118e-01	9.097819e-01	3.857359e+00	7.297305e-01	1.903814e-02	5.561565e-01	8.807361e-01	3.904720e+00	7.743750e-01
1.215545e-02	9.698779e-01	1.087696e-01	2.629192e-02	-1.106471e-03	1.207041e-01	2.385706e-03	9.421472e-02	3.378187e-02	4.872485e-02	2.333488e-01	-1.703082e-01
4.316083e-02	8.911424e-01	3.325326e-01	8.630569e-02	-7.479978e-01	8.963906e-02	-3.637058e-01	3.231029e-01	8.525040e-02	-7.462375e-01	2.008662e-01	-4.442194e-01
5.277010e-01	9.929638e-01	-2.546924e-02	9.735523e-01	4.191430e+00	7.830624e+00	1.298508e+00	-2.176914e-02	9.684719e-01	3.949438e+00	7.826726e+00	1.413961e+00
7.379741e-02	5.538542e-01	8.840878e-01	2.296622e-02	-5.380595e+00	-2.534745e+00	-5.778471e-02	8.816409e-01	2.162097e-02	-5.383852e+00	-2.457702e+00	-9.271163e-02
9.693016e-01	5.230978e-01	9.706609e-01	5.629495e-03	2.468024e+00	1.392026e+00	-2.190732e-01	9.788727e-01	7.209812e-03	2.457640e+00	1.311518e+00	-2.288367e-01
6.293984e-01	6.957483e-01	-5.641865e-01	2.150107e-01	8.775101e+00	6.384547e+00	4.192906e-01	-5.613817e-01	2.152233e-01	8.693003e+00	6.202546e+00	4.773140e-01
4.545411e-01	6.275578e-01	-8.818796e-01	1.606682e-01	-2.277314e+00	2.960055e-01	5.911621e-01	-8.834698e-01	1.535221e-01	-2.281632e+00	3.269892e-01	6.226097e-01
5.843141e-01	9.011572e-01	-2.656512e-01	6.379882e-01	4.907445e+00	6.700945e+00	9.264100e-01	-2.636739e-01	6.364807e-01	4.765499e+00	6.620506e+00	1.019461e+00
4.544729e-02	2.809636e-01	7.420189e-01	-2.420828e-03	-2.729971e+00	-1.387437e+00	9.433985e-01	7.411601e-01	8.867102e-04	-2.721662e+00	-1.341895e+00	9.668868e-01
9.504106e-01	8.902630e-01	3.191719e-01	9.315284e-02	1.789274e+00	1.589702e+00	-2.249103e+00	3.216878e-01	9.746606e-02	1.739869e+00	1.526815e+00	-2.381957e+00
4.556569e-01	6.201324e-01	-8.921281e-01	1.533721e-01	-2.264008e+00	2.528324e-01	5.591098e-01	-8.937742e-01	1.464569e-01	-2.268162e+00	2.829411e-01	5.887911e-01
2.773816e-01	1.881218e-01	-9.354311e-02	-1.994058e-03	-6.932274e+00	-3.578058e+00	-2.141381e-01	-9.538948e-02	9.584204e-04	-6.878150e+00	-3.408507e+00	-2.220356e-01
4.636985e-01	3.533525e-01	-8.704206e-01	1.662906e-02	-2.376339e+00	-9.399857e-01	-6.675779e-01	-8.725392e-01	1.548825e-02	-2.369879e+00	-9.219457e-01	-6.774729e-01
5.836560e-01	7.773548e-02	-2.099000e-01	1.330450e-03	1.533574e+00	8.413988e-01	-1.223799e+00	-2.091533e-01	3.526165e-05	1.526376e+00	7.659095e-01	-1.318452e+00
9.743938e-01	9.862098e-01	4.712260e-02	7.331605e-02	4.011582e-01	6.681421e-01	-2.793862e+00	4.275031e-02	7.601554e-02	3.954991e-01	6.602204e-01	-3.030176e+00
6.981613e-01	5.360963e-01	-3.211585e-01	6.741305e-02	1.237548e+01	7.176155e+00	-3.580031e-02	-3.179284e-01	6.710280e-02	1.232988e+01	6.915955e+00	-1.877863e-02
3.095280e-01	8.137944e-01	-1.974674e-01	3.782614e-01	-4.660630e+00	2.309004e-01	8.426678e-01	-2.017492e-01	3.623833e-01	-4.678020e+00	3.327947e-01	8.665692e-01
6.847308e-01	1.626176e-01	-1.944965e-01	3.025129e-03	5.706719e+00	2.996992e+00	-5.376914e-01	-1.949415e-01	5.848136e-04	5.649162e+00	2.846158e+00	-5.469120e-01
9.109263e-01	8.225366e-01	4.441160e-01	1.206324e-01	4.171408e+00	3.082155e+00	-1.719673e+00	4.483608e-01	1.264262e-01	4.144591e+00	2.994513e+00	-1.820621e+00
9.497990e-01	7.257190e-01	7.156045e-01	4.051705e-02	3.202742e+00	2.040666e+00	-1.329746e+00	7.214952e-01	4.356463e-02	3.198689e+00	1.959522e+00	-1.402684e+00
6.134149e-01	4.182432e-01	-7.318480e-01	3.198405e-02	8.215551e+00	4.660705e+00	-3.052188e-01	-7.318383e-01	2.867771e-02	8.220754e+00	4.521779e+00	-3.186974e-01
9.327276e-01	8.660632e-01	3.691075e-01	1.127554e-01	2.696203e+00	2.224799e+00	-2.054517e+00	3.725189e-01	1.180177e-01	2.650671e+00	2.142951e+00	-2.171659e+00
4.521957e-02	2.636792e-02	8.219653e-02	-1.395628e-03	-3.487276e-01	-1.901011e-01	1.431895e+00	7.942524e-02	6.844129e-08	-2.914545e-01	-1.457117e-01	1.502650e+00
3.764636e-01	8.105527e-01	-3.978015e-01	4.146895e-01	-2.931970e+00	1.416294e+00	1.121239e+00	-4.000658e-01	3.995416e-01	-2.964052e+00	1.475524e+00	1.184742e+00
9.872751e-01	1.504176e-01	4.511712e-01	4.844978e-03	4.541279e-01	2.942497e-01	1.349367e+00	4.537050e-01	2.045885e-05	4.573614e-01	2.294968e-01	1.393382e+00
5.941305e-01	3.808911e-01	-7.717180e-01	2.387531e-02	6.734210e+00	3.813953e+00	-4.765828e-01	-7.726961e-01	2.013401e-02	6.733081e+00	3.683702e+00	-4.862659e-01
9.699134e-01	8.421182e-01	4.637723e-01	4.492171e-02	1.366158e+00	1.057470e+00	-2.031026e+00	4.674333e-01	4.746440e-02	1.349278e+00	1.012818e+00	-2.143340e+00
8.383280e-01	4.686932e-01	5.173602e-01	2.399834e-02	1.085769e+01	5.920863e+00	-6.018013e-03	5.243809e-01	2.346949e-02	1.082897e+01	5.714931e+00	1.504311e-02
4.148197e-01	2.734075e-01	-6.491017e-01	3.787830e-03	-4.807929e+00	-2.388128e+00	-8.375891e-01	-6.512715e-01	5.388930e-03	-4.773756e+00	-2.268617e+00	-8.803058e-01
5.637638e-02	8.647217e-01	3.960353e-01	1.011260e-01	-1.324710e+00	-7.023484e-02	-3.863879e-01	3.867133e-01	9.850982e-02	-1.341497e+00	1.277673e-02	-4.776921e-01
8.129004e-01	9.997166e-01	2.585173e-03	5.435349e-01	2.358352e+00	4.440892e+00	-1.821608e+00	3.427200e-04	5.538958e-01	2.226535e+00	4.437584e+00	-1.910451e+00
9.966358e-01	5.554316e-01	9.766699e-01	-3.599375e-04	2.735830e-01	1.499105e-01	-4.015317e-01	9.846553e-01	1.005863e-03	2.688290e-01	1.452803e-01	-4.215949e-01
7.689869e-01	9.447649e-01	1.834664e-02	5.203443e-01	4.494274e+00	5.580819e+00	-1.055627e+00	2.054877e-02	5.287668e-01	4.392970e+00	5.554570e+00	-1.120232e+00
8.496467e-01	2.473486e-01	4.076821e-01	3.470972e-03	7.188577e+00	3.808687e+00	6.173722e-01	4.108902e-01	1.703057e-03	7.167628e+00	3.625126e+00	6.510319e-01
4.505442e-01	1.291602e-01	-3.746727e-01	-1.339123e-03	-1.531779e+00	-8.015867e-01	-1.276626e+00	-3.758208e-01	2.749483e-04	-1.508149e+00	-7.413022e-01	-1.374059e+00
9.540501e-01	6.061744e-01	8.980960e-01	1.700027e-02	3.532831e+00	2.045801e+00	-6.650923e-01	9.057766e-01	1.942294e-02	3.508831e+00	1.946666e+00	-7.028816e-01
2.286433e-01	6.717003e-01	1.197852e-01	1.439870e-01	-9.905651e+00	-3.941255e+00	1.497178e-01	1.147893e-01	1.339676e-01	-9.887371e+00	-3.747012e+00	1.328138e-01
6.181280e-01	3.581630e-01	-6.645908e-01	1.896174e-02	7.843287e+00	4.324646e+00	-4.946835e-01	-6.650081e-01	1.533572e-02	7.835814e+00	4.174813e+00	-5.083053e-01
1.135584e-01	6.715729e-01	6.532611e-01	7.532890e-02	-6.644624e+00	-2.808299e+00	-2.555144e-01	6.488719e-01	7.103785e-02	-6.635344e+00	-2.683002e+00	-3.102005e-01
5.203077e-01	7.723178e-01	-6.520775e-01	3.615370e-01	2.945991e+00	4.245589e+00	1.055386e+00	-6.505007e-01	3.550584e-01	2.887654e+00	4.202213e+00	1.140534e+00
5.201634e-01	8.521808e-01	-4.458506e-01	5.330607e-01	3.280932e+00	5.345701e+00	1.232890e+00	-4.442860e-01	5.263262e-01	3.181621e+00	5.296547e+00	1.340746e+00
5.519067e-01	5.609379e-01	-9.295651e-01	1.018316e-01	4.668558e+00	3.444924e+00	2.533726e-01	-9.299802e-01	9.769200e-02	4.649200e+00	3.369550e+00	2.578798e-01
8.766528e-01	4.034831e-01	6.745151e-01	1.041479e-02	8.511456e+00	4.570714e+00	2.766468e-01	6.818212e-01	1.001512e-02	8.491164e+00	4.394512e+00	2.965340e-01
1.340160e-01	2.878362e-02	6.075653e-02	3.604963e-03	-9.097764e-01	-5.369450e-01	9.952805e-01	6.013625e-02	2.805309e-07	-8.465188e-01	-4.232009e-01	1.041779e+00
7.551367e-01	6.203093e-01	2.563727e-02	1.030666e-01	1.242637e+01	7.441636e+00	-2.077542e-01	2.999197e-02	1.029901e-01	1.233745e+01	7.164907e+00	-1.857896e-01
7.040793e-01	2.129647e-01	-1.764678e-01	4.697636e-03	7.559573e+00	3.982369e+00	-3.485452e-01	-1.764839e-01	1.648503e-03	7.502946e+00	3.797917e+00	-3.525307e-01
1.363722e-01	1.454564e-02	3.108168e-02	4.240349e-03	-5.273173e-01	-3.309873e-01	9.848021e-01	2.991255e-02	1.859682e-08	-4.338447e-01	-2.169147e-01	1.027515e+00
3.505878e-01	5.899175e-01	-5.636477e-01	1.149507e-01	-9.022640e+00	-3.555788e+00	3.373860e-01	-5.673548e-01	1.080074e-01	-9.004849e+00	-3.403890e+00	3.447173e-01
3.922442e-01	4.374751e-01	-7.614273e-01	3.618176e-02	-7.418706e+00	-3.372550e+00	-2.179329e-01	-7.644363e-01	3.454920e-02	-7.405491e+00	-3.228901e+00	-2.198394e-01
9.041579e-01	3.482558e-01	7.256906e-01	5.348161e-03	6.389667e+00	3.415736e+00	5.461389e-01	7.322128e-01	4.362318e-03	6.374700e+00	3.262507e+00	5.719296e-01
5.139895e-01	7.836524e-01	-6.275847e-01	3.838106e-01	2.676878e+00	4.231416e+00	1.102785e+00	-6.261145e-01	3.767683e-01	2.616513e+00	4.192966e+00	1.190985e+00
3.965430e-01	6.220865e-01	-7.354473e-01	1.494166e-01	-6.149466e+00	-1.798153e+00	5.198411e-01	-7.382210e-01	1.419216e-01	-6.140258e+00	-1.701301e+00	5.430523e-01
8.623630e-01	9.495198e-01	1.012996e-01	3.309324e-01	3.048099e+00	3.666883e+00	-2.053780e+00	1.024603e-01	3.406297e-01	2.945118e+00	3.624993e+00	-2.165655e+00
1.470742e-01	9.265867e-01	1.437326e-01	3.364655e-01	-8.843954e-01	1.651399e+00	1.678262e-01	1.377417e-01	3.285991e-01	-8.740245e-01	1.690791e+00	1.150348e-01
4.921163e-01	2.582449e-01	-7.230173e-01	5.079344e-03	-3.850591e-01	-7.253633e-02	-1.042399e+00	-7.242935e-01	4.446248e-03	-3.823504e-01	-8.787215e-02	-1.080082e+00
4.591359e-01	9.800316e-01	-6.589490e-02	9.263042e-01	3.756954e+00	7.369836e+00	1.551309e+00	-6.063613e-02	9.148958e-01	3.534090e+00	7.368268e+00	1.701830e+00
4.926181e-01	3.287520e-01	-8.559618e-01	1.333149e-02	-3.588187e-01	6.713530e-02	-7.922853e-01	-8.578161e-01	1.167768e-02	-3.582508e-01	3.400218e-02	-8.036041e-01
6.334006e-01	2.401461e-01	-4.575905e-01	6.430462e-03	6.503471e+00	3.466932e+00	-7.400204e-01	-4.580602e-01	3.038027e-03	6.448895e+00	3.300352e+00	-7.676315e-01
7.586417e-02	1.288805e-01	3.485394e-01	-1.574919e-03	-2.278032e+00	-1.213851e+00	1.224802e+00	3.500069e-01	6.513517e-05	-2.269199e+00	-1.131567e+00	1.283270e+00
1.280466e-01	1.519034e-01	3.185779e-01	-6.972998e-04	-4.169231e+00	-2.191816e+00	9.169188e-01	3.185052e-01	2.084542e-04	-4.153208e+00	-2.068370e+00	9.683301e-01
1.388279e-01	6.408744e-01	5.849229e-01	7.608183e-02	-8.255636e+00	-3.604316e+00	-1.407457e-01	5.811228e-01	7.126258e-02	-8.251352e+00	-3.458501e+00	-1.924359e-01
1.818807e-01	3.456676e-01	3.689864e-01	6.226376e-03	-1.005808e+01	-5.092154e+00	3.284009e-01	3.672202e-01	7.721045e-03	-1.002579e+01	-4.878874e+00	3.227313e-01
8.967876e-01	4.739617e-01	7.864232e-01	1.522703e-02	7.723458e+00	4.205992e+00	1.786074e-02	7.943243e-01	1.607746e-02	7.700310e+00	4.053684e+00	2.715748e-02
6.675574e-01	1.723205e-01	-2.546983e-01	3.384188e-03	5.702811e+00	3.000929e+00	-6.475829e-01	-2.551499e-01	7.623859e-04	5.643663e+00	2.848377e+00	-6.672537e-01
1.922896e-01	4.086953e-02	4.559910e-02	2.687052e-03	-1.536784e+00	-8.785264e-01	5.126788e-01	4.541824e-02	1.584751e-06	-1.504254e+00	-7.518945e-01	5.525960e-01
1.689357e-01	2.785908e-01	3.753037e-01	8.133203e-04	-8.424487e+00	-4.323631e+00	4.947676e-01	3.743247e-01	3.048986e-03	-8.378685e+00	-4.123677e+00	4.989872e-01
1.770111e-01	8.870336e-02	1.223813e-01	9.942800e-04	-3.108021e+00	-1.686791e+00	6.242493e-01	1.217754e-01	3.268071e-05	-3.098071e+00	-1.546825e+00	6.686407e-01
1.206366e-01	4.607789e-01	7.236484e-01	1.730807e-02	-8.449380e+00	-4.162280e+00	2.124376e-01	7.207187e-01	1.667832e-02	-8.428566e+00	-3.997108e+00	2.059888e-01
2.063343e-01	3.642701e-01	2.487983e-01	9.532288e-03	-1.092477e+01	-5.488729e+00	2.067692e-01	2.466708e-01	1.063074e-02	-1.089650e+01	-5.273147e+00	1.980674e-01
5.034173e-01	6.903945e-01	-8.265184e-01	2.341978e-01	1.567394e+00	2.763676e+00	8.279561e-01	-8.261929e-01	2.271769e-01	1.539170e+00	2.743908e+00	8.804929e-01
3.931306e-02	7.994098e-01	5.802662e-01	5.392416e-02	-1.554482e+00	-4.835688e-01	-5.182539e-01	5.713980e-01	5.031065e-02	-1.558876e+00	-4.018293e-01	-5.939518e-01
6.279001e-01	8.175987e-02	-1.767796e-01	1.592711e-03	2.325052e+00	1.239118e+00	-9.922045e-01	-1.763313e-01	4.112595e-05	2.300119e+00	1.153077e+00	-1.054556e+00
8.735778e-01	9.208716e-01	1.700411e-01	2.692413e-01	3.506135e+00	3.579274e+00	-1.994561e+00	1.724128e-01	2.781576e-01	3.413909e+00	3.519309e+00	-2.108567e+00
6.107884e-02	2.768781e-01	7.092676e-01	-1.974270e-03	-3.593102e+00	-1.832229e+00	9.233902e-01	7.086347e-01	1.120796e-03	-3.579548e+00	-1.765486e+00	9.484555e-01
8.062007e-01	7.482592e-01	2.412217e-01	1.759895e-01	9.396857e+00	6.257747e+00	-7.366663e-01	2.458698e-01	1.792832e-01	9.341374e+00	6.108290e+00	-7.859415e-01
1.845216e-01	2.093499e-01	2.454680e-01	-1.205131e-03	-7.068642e+00	-3.672394e+00	4.835620e-01	2.444584e-01	1.052171e-03	-7.020632e+00	-3.480160e+00	4.996600e-01
3.704724e-01	4.845230e-01	-6.825376e-01	5.365641e-02	-8.717976e+00	-3.883293e+00	-1.486412e-02	-6.858962e-01	5.061306e-02	-8.706284e+00	-3.726384e+00	-1.816322e-02
6.182545e-01	3.689139e-01	-6.745360e-01	2.083237e-02	7.981632e+00	4.417850e+00	-4.601130e-01	-6.748620e-01	1.725894e-02	7.977670e+00	4.269534e+00	-4.735965e-01
4.625348e-01	7.474704e-01	-6.929004e-01	3.202024e-01	-4.011737e-01	2.261096e+00	1.060332e+00	-6.930479e-01	3.099994e-01	-4.299278e-01	2.273424e+00	1.129051e+00
3.668413e-02	2.524374e-01	6.941239e-01	-2.986833e-03	-2.043744e+00	-1.045779e+00	1.047321e+00	6.936578e-01	4.669618e-04	-2.038107e+00	-1.007955e+00	1.079371e+00
7.133492e-01	8.952060e-01	-7.729053e-02	4.977087e-01	6.300044e+00	6.549492e+00	-2.775395e-01	-7.379558e-02	5.032932e-01	6.204358e+00	6.475435e+00	-2.873784e-01
5.116774e-01	5.321134e-01	-9.904956e-01	8.481641e-02	1.525481e+00	1.706316e+00	1.467439e-01	-9.922384e-01	8.011698e-02	1.518760e+00	1.662763e+00	1.531602e-01
1.071728e-01	4.474125e-01	7.736721e-01	1.349528e-02	-7.631715e+00	-3.772850e+00	2.677417e-01	7.710704e-01	1.323824e-02	-7.611793e+00	-3.628366e+00	2.613498e-01
5.326172e-01	2.424710e-01	-6.747174e-01	5.243853e-03	1.840110e+00	1.076003e+00	-1.077503e+00	-6.757420e-01	3.438391e-03	1.821778e+00	9.959728e-01	-1.113448e+00
2.692437e-01	3.772844e-01	-1.091895e-01	1.461013e-02	-1.142641e+01	-5.661307e+00	-3.580233e-02	-1.117644e-01	1.516663e-02	-1.139822e+01	-5.457911e+00	-5.014299e-02
2.007216e-02	3.220795e-01	8.426386e-01	-2.343103e-03	-1.333533e+00	-6.660270e-01	8.345697e-01	8.410770e-01	6.781229e-04	-1.331658e+00	-6.531963e-01	8.432463e-01
2.114486e-01	3.274977e-01	2.072993e-01	5.186394e-03	-1.040416e+01	-5.264097e+00	2.153941e-01	2.054948e-01	7.091919e-03	-1.036487e+01	-5.052508e+00	2.085662e-01
1.197629e-01	8.905265e-01	2.546207e-01	2.360868e-01	-1.859614e+00	5.734203e-01	-8.896622e-02	2.461379e-01	2.310810e-01	-1.857965e+00	6.279457e-01	-1.607284e-01
5.935923e-01	6.791019e-01	-7.059504e-01	2.051291e-01	7.160245e+00	5.475196e+00	5.481141e-01	-7.037525e-01	2.035588e-01	7.095437e+00	5.346201e+00	6.003520e-01
7.891706e-01	4.984422e-01	2.379325e-01	3.887708e-02	1.252807e+01	6.965571e+00	-9.906426e-02	2.436366e-01	3.795847e-02	1.249217e+01	6.703008e+00	-7.458300e-02
8.692111e-02	5.371065e-01	8.513402e-01	2.378733e-02	-6.319185e+00	-3.004214e+00	-6.058514e-04	8.487353e-01	2.244429e-02	-6.315448e+00	-2.907000e+00	-3.024025e-02
5.868409e-01	7.454390e-01	-6.157097e-01	2.988334e-01	6.345279e+00	5.649759e+00	7.255857e-01	-6.130308e-01	2.973593e-01	6.272606e+00	5.529733e+00	8.050492e-01
4.316597e-01	1.275810e-01	-3.533779e-01	-1.747295e-03	-2.060978e+00	-1.080886e+00	-1.223038e+00	-3.547424e-01	2.588555e-04	-2.033071e+00	-1.004362e+00	-1.314918e+00
2.837763e-01	3.630826e-01	-1.888504e-01	1.255186e-02	-1.104954e+01	-5.486147e+00	-1.069973e-01	-1.914466e-01	1.352113e-02	-1.101647e+01	-5.284796e+00	-1.208186e-01
6.459169e-01	5.707782e-01	-5.957124e-01	9.582813e-02	1.044723e+01	6.397845e+00	1.227869e-01	-5.933675e-01	9.517963e-02	1.039506e+01	6.198056e+00	1.369559e-01
3.560970e-01	9.865142e-01	-3.472972e-02	8.692215e-01	3.198181e+00	6.701474e+00	1.458175e+00	-2.618911e-02	8.519873e-01	3.036246e+00	6.699927e+00	1.620329e+00
6.057746e-01	2.372273e-01	-5.331036e-01	6.218985e-03	5.355531e+00	2.882073e+00	-8.795971e-01	-5.338313e-01	2.993821e-03	5.306480e+00	2.728960e+00	-9.103110e-01
1.017833e-01	1.528598e-01	3.701133e-01	-1.229689e-03	-3.472490e+00	-1.823006e+00	1.061383e+00	3.706815e-01	1.716221e-04	-3.460233e+00	-1.723380e+00	1.118632e+00
2.459582e-01	1.606820e-01	1.378942e-02	-1.919672e-03	-6.107270e+00	-3.192320e+00	3.114918e-02	1.228052e-02	4.653388e-04	-6.063933e+00	-3.014591e+00	3.566110e-02
1.865676e-01	2.850956e-01	3.041722e-01	1.307324e-03	-9.036964e+00	-4.625041e+00	3.892792e-01	3.029493e-01	3.654191e-03	-8.989415e+00	-4.417803e+00	3.896557e-01
1.733742e-01	8.967646e-01	1.546239e-01	3.455198e-01	-2.072711e+00	1.123345e+00	2.025565e-01	1.475648e-01	3.350877e-01	-2.054622e+00	1.214666e+00	1.793977e-01
8.023458e-02	5.245113e-01	8.754288e-01	1.992162e-02	-5.912648e+00	-2.826015e+00	3.573734e-02	8.730009e-01	1.887654e-02	-5.908176e+00	-2.738155e+00	9.325176e-03
4.103970e-01	9.823776e-01	-5.375648e-02	9.095168e-01	3.472804e+00	7.101937e+00	1.572374e+00	-4.679374e-02	8.946949e-01	3.271858e+00	7.100395e+00	1.732729e+00
1.120397e-01	3.978558e-01	7.254108e-01	8.106783e-03	-7.651784e+00	-3.840896e+00	4.176946e-01	7.233693e-01	8.638128e-03	-7.631498e+00	-3.685479e+00	4.146201e-01
9.694695e-01	8.655064e-01	3.994954e-01	5.102189e-02	1.258234e+00	1.031491e+00	-2.160571e+00	4.025420e-01	5.374008e-02	1.230807e+00	9.879490e-01	-2.283782e+00
8.170714e-01	2.579033e-01	2.934140e-01	4.684165e-03	8.369650e+00	4.427614e+00	4.103537e-01	2.963402e-01	2.404832e-03	8.344433e+00	4.228164e+00	4.370972e-01
1.708882e-01	6.686429e-01	4.160023e-01	1.092551e-01	-8.926891e+00	-3.705655e+00	-6.384373e-02	4.114808e-01	1.022287e-01	-8.919747e+00	-3.542535e+00	-1.087362e-01
9.293751e-01	5.567628e-01	8.808236e-01	1.883633e-02	5.489171e+00	3.081863e+00	-3.814342e-01	8.888263e-01	2.114556e-02	5.461465e+00	2.958610e+00	-3.988836e-01
5.716126e-01	2.799795e-01	-6.924962e-01	9.171084e-03	4.324884e+00	2.405908e+00	-8.864609e-01	-6.937845e-01	5.989909e-03	4.296541e+00	2.276635e+00	-9.038274e-01
7.694924e-01	1.870444e-01	6.745315e-02	3.369406e-03	6.976315e+00	3.678501e+00	1.280398e-01	6.772757e-02	8.109036e-04	6.931697e+00	3.491860e+00	1.582725e-01
3.236796e-01	4.254366e-01	-4.311830e-01	2.898772e-02	-1.069226e+01	-5.138753e+00	-1.207130e-01	-4.343863e-01	2.786095e-02	-1.067464e+01	-4.944392e+00	-1.357551e-01
5.076104e-01	2.424102e-01	-6.881710e-01	4.433945e-03	4.767881e-01	3.603806e-01	-1.094183e+00	-6.892585e-01	3.452071e-03	4.714491e-01	3.211682e-01	-1.135717e+00
1.148376e-01	6.106198e-01	7.092246e-01	5.239184e-02	-7.483577e+00	-3.385865e+00	-1.476863e-01	7.059031e-01	4.907442e-02	-7.482976e+00	-3.259279e+00	-1.973267e-01
2.886310e-01	5.812380e-01	-2.286241e-01	9.741695e-02	-1.121441e+01	-4.868531e+00	2.057928e-01	-2.325639e-01	8.988207e-02	-1.118434e+01	-4.664336e+00	2.058031e-01
1.543634e-01	4.811401e-01	5.677510e-01	2.658303e-02	-1.016308e+01	-4.965199e+00	1.323010e-01	5.643950e-01	2.498174e-02	-1.013919e+01	-4.758063e+00	1.270631e-01
5.325894e-01	5.182443e-02	-1.604967e-01	-2.615154e-05	3.913305e-01	2.432210e-01	-1.391092e+00	-1.587066e-01	7.175597e-06	4.147355e-01	2.081985e-01	-1.517643e+00
3.366046e-01	1.344154e-01	-2.102740e-01	-2.421781e-03	-4.431758e+00	-2.294432e+00	-7.014076e-01	-2.121714e-01	2.843631e-04	-4.397874e+00	-2.186244e+00	-7.415063e-01
6.337585e-02	9.899592e-01	4.183316e-02	1.927000e-01	4.192159e-01	1.417193e+00	1.114293e-01	2.907106e-02	1.899633e-01	6.138799e-01	1.458280e+00	3.167212e-02
3.223542e-01	8.098738e-01	-2.430586e-01	3.806790e-01	-4.528031e+00	3.344579e-01	8.972181e-01	-2.469639e-01	3.649240e-01	-4.547252e+00	4.299355e-01	9.281932e-01
2.546412e-01	6.815023e-01	-1.943088e-02	1.657577e-01	-9.686526e+00	-3.664140e+00	2.671776e-01	-2.454426e-02	1.547374e-01	-9.665528e+00	-3.470444e+00	2.607975e-01
7.602273e-01	5.956386e-01	5.681258e-02	8.642156e-02	1.263777e+01	7.425266e+00	-1.977704e-01	6.133947e-02	8.610017e-02	1.255684e+01	7.145727e+00	-1.740819e-01
4.715762e-01	4.118411e-01	-9.441413e-01	3.106792e-02	-1.872255e+00	-5.136231e-01	-4.206738e-01	-9.465923e-01	2.865398e-02	-1.868965e+00	-5.170304e-01	-4.186450e-01
3.488686e-01	9.295282e-01	-1.291758e-01	6.816679e-01	7.081519e-01	4.576873e+00	1.318081e+00	-1.278052e-01	6.639589e-01	6.132784e-01	4.592420e+00	1.428004e+00
8.306187e-01	9.650260e-01	5.251563e-02	4.299553e-01	3.137331e+00	4.274880e+00	-1.836021e+00	5.319903e-02	4.400261e-01	3.028804e+00	4.250242e+00	-1.931431e+00
1.242980e-01	7.308670e-01	5.378049e-01	1.139243e-01	-6.051713e+00	-2.256232e+00	-2.820486e-01	5.314618e-01	1.086109e-01	-6.025465e+00	-2.121099e+00	-3.255808e-01
9.383396e-01	1.812337e-01	4.974806e-01	2.274230e-03	2.567676e+00	1.388346e+00	1.164638e+00	4.991404e-01	2.076790e-04	2.564008e+00	1.288880e+00	1.223279e+00
6.649713e-02	7.411202e-01	6.714112e-01	6.678303e-02	-3.399690e+00	-1.302472e+00	-4.824270e-01	6.640556e-01	6.256677e-02	-3.366997e+00	-1.176967e+00	-5.228797e-01
5.744730e-01	8.418280e-01	-4.278944e-01	4.906227e-01	5.125109e+00	6.090731e+00	9.482077e-01	-4.254687e-01	4.885366e-01	5.023277e+00	5.993608e+00	1.049500e+00
1.397731e-01	7.952667e-01	3.914695e-01	1.765507e-01	-4.974269e+00	-1.322084e+00	-2.057402e-01	3.829535e-01	1.700502e-01	-4.944946e+00	-1.189505e+00	-2.338797e-01
2.016279e-01	1.636566e-01	1.483740e-01	-1.368210e-03	-5.925053e+00	-3.111373e+00	3.899528e-01	1.471790e-01	4.246133e-04	-5.886371e+00	-2.927619e+00	4.102287e-01
1.642665e-01	8.145741e-01	2.908496e-01	2.259451e-01	-4.893400e+00	-9.684153e-01	-5.190006e-02	2.822239e-01	2.172553e-01	-4.867421e+00	-8.334486e-01	-7.140458e-02
6.651968e-01	5.230654e-01	-5.091810e-01	6.578870e-02	1.132395e+01	6.608225e+00	-6.143302e-03	-5.066435e-01	6.499893e-02	1.129296e+01	6.392074e+00	-5.516149e-04
3.588308e-01	8.771998e-01	-2.362126e-01	5.518476e-01	-1.169908e+00	3.011028e+00	1.239083e+00	-2.377195e-01	5.348172e-01	-1.226740e+00	3.044751e+00	1.318501e+00
3.924453e-01	8.165988e-01	-4.233112e-01	4.344293e-01	-2.188106e+00	1.921770e+00	1.186605e+00	-4.250753e-01	4.195234e-01	-2.227507e+00	1.968716e+00	1.259245e+00
4.391350e-01	3.769447e-01	-8.568959e-01	2.073605e-02	-4.144481e+00	-1.817816e+00	-5.365806e-01	-8.592935e-01	1.982084e-02	-4.133011e+00	-1.751008e+00	-5.434313e-01
4.626799e-01	3.013783e-01	-7.875926e-01	8.410767e-03	-2.272457e+00	-9.977240e-01	-8.644153e-01	-7.893448e-01	8.193246e-03	-2.260793e+00	-9.672810e-01	-8.911470e-01
7.476089e-01	5.027204e-01	-1.946062e-02	4.624958e-02	1.296055e+01	7.289248e+00	-9.149143e-02	-1.502258e-02	4.550185e-02	1.292654e+01	7.006337e+00	-7.020664e-02
2.322132e-01	8.995737e-01	3.923160e-02	4.518773e-01	-1.947473e+00	1.834343e+00	5.751270e-01	3.460514e-02	4.364703e-01	-1.934110e+00	1.944126e+00	6.003156e-01
3.838915e-01	5.435528e-01	-7.352546e-01	8.642848e-02	-7.706831e+00	-3.076313e+00	2.026372e-01	-7.385195e-01	8.154743e-02	-7.697357e+00	-2.948518e+00	2.086373e-01
9.064713e-01	6.242378e-01	7.626268e-01	4.108401e-02	6.763048e+00	3.893369e+00	-6.936960e-01	7.696511e-01	4.397722e-02	6.724802e+00	3.785098e+00	-7.256764e-01
1.168988e-01	9.398313e-01	1.459903e-01	2.851852e-01	-4.245374e-01	1.567428e+00	6.494913e-02	1.394548e-01	2.801256e-01	-3.903009e-01	1.593207e+00	-1.231194e-03
6.277078e-01	3.349060e-01	-6.032872e-01	1.521368e-02	8.002424e+00	4.360200e+00	-5.326914e-01	-6.035749e-01	1.158132e-02	7.985655e+00	4.200312e+00	-5.488715e-01
1.392728e-01	7.940246e-01	3.948877e-01	1.748839e-01	-4.996175e+00	-1.343436e+00	-2.092957e-01	3.864009e-01	1.684246e-01	-4.966716e+00	-1.210667e+00	-2.376822e-01
6.200725e-01	5.334610e-01	-7.260916e-01	7.719143e-02	9.149720e+00	5.561975e+00	7.494602e-02	-7.246342e-01	7.529222e-02	9.123497e+00	5.408584e+00	7.323979e-02
8.938918e-01	7.885966e-01	4.797996e-01	1.208957e-01	5.452388e+00	3.763511e+00	-1.455381e+00	4.843972e-01	1.265450e-01	5.431780e+00	3.678702e+00	-1.546102e+00
1.516756e-01	3.117225e-01	4.819078e-01	2.500132e-03	-8.484097e+00	-4.335475e+00	5.192350e-01	4.808293e-01	4.330887e-03	-8.447746e+00	-4.140512e+00	5.205176e-01
2.484896e-01	7.439458e-01	1.293516e-02	2.283715e-01	-7.898752e+00	-2.371562e+00	3.477926e-01	6.836642e-03	2.155658e-01	-7.893705e+00	-2.208292e+00	3.315006e-01
3.353336e-02	5.698895e-01	9.566032e-01	1.204260e-02	-2.477160e+00	-1.157586e+00	-1.429732e-01	9.544088e-01	1.109139e-02	-2.487198e+00	-1.126825e+00	-1.697945e-01
7.624581e-01	8.767648e-01	2.563667e-02	3.944256e-01	6.639590e+00	6.102713e+00	-7.435504e-01	2.952377e-02	4.011774e-01	6.560234e+00	6.025511e+00	-7.952731e-01
3.420821e-01	8.212566e-01	-2.880154e-01	4.160491e-01	-3.626612e+00	1.020916e+00	1.020593e+00	-2.911792e-01	4.000565e-01	-3.653889e+00	1.095819e+00	1.067185e+00
1.106325e-01	8.464516e-01	3.656195e-01	1.794256e-01	-2.914859e+00	-3.018128e-01	-2.517734e-01	3.562590e-01	1.748485e-01	-2.907401e+00	-2.143019e-01	-3.105334e-01
1.274894e-01	3.972875e-01	6.622168e-01	9.230927e-03	-8.480757e+00	-4.261899e+00	3.859505e-01	6.600412e-01	9.713361e-03	-8.460140e+00	-4.083375e+00	3.827044e-01
7.972948e-01	1.499181e-01	1.331207e-01	2.085045e-03	5.505356e+00	2.923542e+00	3.647334e-01	1.328649e-01	3.003795e-04	5.460231e+00	2.742137e+00	4.092266e-01
2.292519e-01	7.222521e-01	1.055464e-01	1.909458e-01	-8.558767e+00	-2.953917e+00	2.140692e-01	9.957408e-02	1.794738e-01	-8.549997e+00	-2.784047e+00	1.900218e-01
7.200361e-01	6.411473e-01	-1.727358e-01	1.297591e-01	1.205745e+01	7.475749e+00	-7.333747e-02	-1.690572e-01	1.301879e-01	1.196268e+01	7.199666e+00	-4.308361e-02
6.939480e-01	5.427244e-01	-3.450028e-01	7.140811e-02	1.226220e+01	7.150415e+00	-2.294919e-02	-3.418467e-01	7.114679e-02	1.221334e+01	6.893223e+00	-5.484007e-03
2.517996e-01	3.456963e-01	-7.757664e-03	8.663490e-03	-1.103683e+01	-5.529218e+00	1.833811e-02	-1.000401e-02	1.015559e-02	-1.100034e+01	-5.323909e+00	7.496701e-03
1.815983e-01	9.084497e-01	1.242939e-01	3.792012e-01	-1.635947e+00	1.532434e+00	2.898898e-01	1.181949e-01	3.678285e-01	-1.620870e+00	1.618946e+00	2.727947e-01
5.833916e-01	4.008516e-01	-8.230414e-01	2.871044e-02	6.231388e+00	3.610291e+00	-4.184456e-01	-8.241779e-01	2.493774e-02	6.233479e+00	3.490011e+00	-4.273238e-01
4.620059e-01	9.472824e-01	-1.628577e-01	8.113055e-01	3.070901e+00	6.515162e+00	1.519054e+00	-1.601857e-01	7.994969e-01	2.886079e+00	6.506979e+00	1.655982e+00
1.533521e-01	5.862297e-01	5.533511e-01	5.903633e-02	-9.587851e+00	-4.405882e+00	-4.549962e-02	5.498069e-01	5.472412e-02	-9.569963e+00	-4.224885e+00	-7.545006e-02
5.058887e-01	6.114540e-01	-9.378701e-01	1.455935e-01	1.367336e+00	2.071287e+00	5.094606e-01	-9.386807e-01	1.397593e-01	1.350917e+00	2.046872e+00	5.344031e-01
1.811115e-02	8.721231e-01	3.975722e-01	3.246267e-02	-4.022177e-01	-9.784908e-02	-4.671979e-01	3.884885e-01	3.289824e-02	-4.070606e-01	2.280179e-02	-5.291324e-01
9.321174e-01	5.651330e-01	8.834540e-01	1.919313e-02	5.271070e+00	2.971486e+00	-4.266459e-01	8.914185e-01	2.158808e-02	5.243101e+00	2.850750e+00	-4.471781e-01
6.966504e-01	9.224985e-01	-8.190733e-02	5.850453e-01	5.531219e+00	6.603735e+00	-1.530680e-01	-7.930629e-02	5.903427e-01	5.420636e+00	6.549952e+00	-1.574389e-01
7.072382e-01	1.525397e-01	-1.219879e-01	2.659157e-03	5.653369e+00	2.967255e+00	-3.760097e-01	-1.223993e-01	4.306663e-04	5.597578e+00	2.815728e+00	-3.705271e-01
5.762882e-01	6.067148e-01	-8.388309e-01	1.346479e-01	6.381886e+00	4.572039e+00	3.890754e-01	-8.379037e-01	1.316267e-01	6.340598e+00	4.471999e+00	4.080400e-01
4.241308e-01	7.364438e-01	-6.531500e-01	2.972576e-01	-2.681349e+00	9.338945e-01	9.937664e-01	-6.544535e-01	2.858271e-01	-2.694650e+00	9.813833e-01	1.053066e+00
9.343661e-01	9.255677e-01	2.110269e-01	1.443153e-01	1.887404e+00	1.941563e+00	-2.381011e+00	2.122854e-01	1.502549e-01	1.816386e+00	1.882221e+00	-2.528321e+00
4.508395e-01	1.132388e-01	-3.308855e-01	-1.492187e-03	-1.350797e+00	-7.095293e-01	-1.301719e+00	-3.318101e-01	1.624729e-04	-1.324789e+00	-6.537856e-01	-1.402716e+00
9.848403e-01	8.388973e-01	4.789680e-01	2.200826e-02	7.003995e-01	5.327222e-01	-2.033084e+00	4.825889e-01	2.357830e-02	6.918202e-01	5.145479e-01	-2.144716e+00
1.246634e-01	9.208410e-01	1.815157e-01	2.799969e-01	-1.001729e+00	1.258869e+00	3.592679e-02	1.744076e-01	2.744530e-01	-9.902364e-01	1.293158e+00	-3.491378e-02
8.698956e-01	5.188380e-01	6.754373e-01	2.808638e-02	9.407545e+00	5.178133e+00	-1.769176e-01	6.828713e-01	2.880105e-02	9.372125e+00	5.019126e+00	-1.680060e-01
5.912753e-01	3.990029e-01	-7.971561e-01	2.803071e-02	6.719441e+00	3.851752e+00	-4.129010e-01	-7.980774e-01	2.431079e-02	6.721575e+00	3.726361e+00	-4.229313e-01
5.476252e-02	3.351976e-01	8.192993e-01	-2.795905e-04	-3.670506e+00	-1.847673e+00	7.441022e-01	8.180062e-01	2.161187e-03	-3.657694e+00	-1.790162e+00	7.513866e-01
8.028529e-01	4.633014e-03	7.863492e-03	-1.043364e-03	3.389880e-01	2.051224e-01	4.661079e-01	4.744987e-03	2.674636e-10	1.729052e-01	8.645293e-02	5.120481e-01
3.334995e-01	3.981689e-01	-4.724214e-01	2.195771e-02	-1.012957e+01	-4.919421e+00	-2.137550e-01	-4.754897e-01	2.177363e-02	-1.010567e+01	-4.724727e+00	-2.277181e-01
5.373955e-01	9.198548e-01	-2.440242e-01	7.164543e-01	3.985682e+00	6.596840e+00	1.235162e+00	-2.422862e-01	7.110056e-01	3.820662e+00	6.548057e+00	1.347653e+00
3.463463e-01	3.469535e-01	-5.017059e-01	1.158459e-02	-9.052126e+00	-4.476289e+00	-3.865952e-01	-5.045400e-01	1.283482e-02	-9.013730e+00	-4.284908e+00	-4.028497e-01
7.375008e-01	4.522180e-01	-8.163601e-02	3.180833e-02	1.267349e+01	7.007254e+00	-7.345316e-02	-7.757162e-02	3.070982e-02	1.265839e+01	6.736653e+00	-6.302140e-02
2.246054e-01	4.524396e-01	1.600119e-01	2.906354e-02	-1.204589e+01	-5.877593e+00	9.700310e-02	1.571128e-01	2.717413e-02	-1.202827e+01	-5.653766e+00	8.725481e-02
1.408577e-01	1.763876e-01	3.336369e-01	-9.664744e-04	-5.136285e+00	-2.684900e+00	8.065253e-01	3.332292e-01	4.145103e-04	-5.108305e+00	-2.540053e+00	8.472435e-01
4.983678e-01	4.189256e-01	-9.652976e-01	3.393383e-02	1.684380e-01	5.746213e-01	-3.973930e-01	-9.676874e-01	3.079939e-02	1.693654e-01	5.258023e-01	-3.955051e-01
9.148450e-01	3.623942e-01	7.743114e-01	5.415395e-03	5.881828e+00	3.153635e+00	5.151722e-01	7.811069e-01	4.559231e-03	5.868202e+00	3.009586e+00	5.400025e-01
5.805882e-01	6.322641e-01	-8.014778e-01	1.573511e-01	6.604481e+00	4.852375e+00	4.615186e-01	-8.001044e-01	1.547121e-01	6.554724e+00	4.745534e+00	4.916367e-01
1.309543e-02	6.635370e-01	8.729429e-01	9.912327e-03	-8.620179e-01	-3.912065e-01	-4.470702e-01	8.679531e-01	7.972744e-03	-8.514096e-01	-3.536116e-01	-4.651361e-01
1.780366e-01	9.610693e-01	5.471307e-02	4.641700e-01	4.987510e-01	3.050238e+00	4.619217e-01	5.330264e-02	4.526820e-01	5.050530e-01	3.078641e+00	4.547272e-01
1.486634e-01	4.146243e-01	5.758985e-01	1.323445e-02	-9.634103e+00	-4.817734e+00	2.928404e-01	5.733002e-01	1.330663e-02	-9.614381e+00	-4.614631e+00	2.889539e-01
8.535050e-02	9.968733e-01	1.830363e-02	2.666458e-01	7.643114e-01	2.056751e+00	1.810302e-01	8.443693e-03	2.616370e-01	9.867634e-01	2.068127e+00	1.455896e-01
5.021950e-01	5.953848e-01	-9.542254e-01	1.313369e-01	1.023423e+00	1.793562e+00	4.414347e-01	-9.553459e-01	1.256553e-01	1.009778e+00	1.771182e+00	4.622872e-01
6.707734e-02	7.499600e-01	6.529670e-01	7.044776e-02	-3.314560e+00	-1.236301e+00	-4.849038e-01	6.453109e-01	6.616969e-02	-3.282633e+00	-1.111931e+00	-5.274858e-01
2.099062e-01	8.980535e-01	8.415538e-02	4.123645e-01	-2.076169e+00	1.523013e+00	4.270351e-01	7.847409e-02	3.985092e-01	-2.056370e+00	1.634301e+00	4.358678e-01
2.051402e-01	1.906883e-01	1.580648e-01	-1.514837e-03	-6.837312e+00	-3.563621e+00	3.484426e-01	1.568378e-01	7.943400e-04	-6.789532e+00	-3.369772e+00	3.624875e-01
3.655059e-02	4.720670e-01	9.714799e-01	5.407646e-03	-2.807253e+00	-1.349146e+00	2.294831e-01	9.699983e-01	5.689892e-03	-2.801399e+00	-1.328380e+00	2.115460e-01
5.648410e-01	6.570950e-02	-1.893959e-01	8.986741e-04	1.015847e+00	5.728893e-01	-1.301820e+00	-1.881929e-01	1.825740e-05	1.021693e+00	5.125134e-01	-1.411613e+00
7.755271e-01	4.532889e-01	1.527321e-01	2.853294e-02	1.253470e+01	6.886725e+00	-3.267327e-02	1.579880e-01	2.736538e-02	1.251323e+01	6.618840e+00	-1.381705e-02
5.243902e-01	4.407629e-01	-9.690537e-01	4.142697e-02	2.224947e+00	1.701121e+00	-2.907257e-01	-9.712163e-01	3.763083e-02	2.226632e+00	1.625576e+00	-2.917711e-01
4.007633e-01	5.596402e-01	-7.946523e-01	9.865375e-02	-6.548006e+00	-2.374418e+00	2.727204e-01	-7.976183e-01	9.336390e-02	-6.541755e+00	-2.269907e+00	2.847983e-01
1.552409e-01	1.819288e-01	3.040220e-01	-1.027271e-03	-5.650572e+00	-2.952536e+00	7.088851e-01	3.033718e-01	5.133416e-04	-5.616625e+00	-2.791383e+00	7.424575e-01
8.617849e-01	9.461145e-01	1.074736e-01	3.274488e-01	3.143296e+00	3.701979e+00	-2.030945e+00	1.088415e-01	3.370902e-01	3.041224e+00	3.658346e+00	-2.142089e+00
3.733096e-01	2.707452e-01	-5.232692e-01	2.569035e-03	-6.724999e+00	-3.390420e+00	-6.850129e-01	-5.258269e-01	4.953311e-03	-6.676430e+00	-3.228444e+00	-7.214870e-01
6.439992e-01	4.087344e-01	-5.936230e-01	2.788933e-02	9.719268e+00	5.398176e+00	-2.790247e-01	-5.926402e-01	2.510270e-02	9.723055e+00	5.230021e+00	-2.936385e-01
2.538730e-02	1.561533e-01	4.632420e-01	-2.153322e-03	-9.464035e-01	-5.194462e-01	1.320384e+00	4.651477e-01	4.737076e-05	-9.391651e-01	-4.677624e-01	1.368885e+00
7.159718e-01	6.589236e-01	-1.899209e-01	1.461046e-01	1.176854e+01	7.442188e+00	-5.762675e-02	-1.862793e-01	1.467604e-01	1.167211e+01	7.172420e+00	-2.627245e-02
2.709694e-02	2.219727e-01	6.326886e-01	-2.967760e-03	-1.367878e+00	-7.114334e-01	1.151640e+00	6.329020e-01	2.064162e-04	-1.363604e+00	-6.762226e-01	1.190481e+00
2.310753e-01	6.718924e-01	1.067502e-01	1.453994e-01	-9.915440e+00	-3.935058e+00	1.593586e-01	1.017466e-01	1.352894e-01	-9.896654e+00	-3.740192e+00	1.436061e-01
1.971150e-02	1.041094e-01	3.166834e-01	-1.216576e-03	-5.088036e-01	-2.998223e-01	1.423849e+00	3.188082e-01	7.270281e-06	-4.984529e-01	-2.488075e-01	1.476315e+00
7.999155e-01	1.785453e-01	1.637280e-01	2.752736e-03	6.412075e+00	3.393667e+00	3.693725e-01	1.641168e-01	5.975455e-04	6.372143e+00	3.206152e+00	4.090604e-01
6.527458e-01	2.381833e-01	-3.901007e-01	6.233290e-03	7.107703e+00	3.771556e+00	-6.382054e-01	-3.903594e-01	2.854940e-03	7.050586e+00	3.597211e+00	-6.628130e-01
9.944219e-02	2.431727e-01	5.612165e-01	-1.321241e-03	-5.094426e+00	-2.624432e+00	8.932071e-01	5.610825e-01	1.074712e-03	-5.067347e+00	-2.507156e+00	9.252151e-01
7.222664e-01	8.556957e-01	-7.999372e-02	4.056410e-01	7.423574e+00	6.660447e+00	-2.895624e-01	-7.593368e-02	4.106584e-01	7.340058e+00	6.549500e+00	-2.965968e-01
8.302192e-01	3.971837e-01	4.515435e-01	1.385494e-02	1.058246e+01	5.688123e+00	1.871091e-01	4.579840e-01	1.265356e-02	1.056203e+01	5.472164e+00	2.071427e-01
6.680848e-01	2.049849e-01	-2.952305e-01	4.574612e-03	6.658288e+00	3.512234e+00	-5.999442e-01	-2.955464e-01	1.525089e-03	6.596951e+00	3.343115e+00	-6.197724e-01
2.931482e-01	8.963351e-01	-8.341175e-02	5.314110e-01	-1.557505e+00	2.580332e+00	9.546419e-01	-8.568138e-02	5.139155e-01	-1.580306e+00	2.649960e+00	1.012028e+00
1.300290e-02	8.550936e-02	2.630281e-01	-8.467883e-04	-2.823083e-01	-1.703238e-01	1.448620e+00	2.645309e-01	2.183353e-06	-2.720891e-01	-1.358913e-01	1.509490e+00
2.078868e-01	2.653315e-02	2.168828e-02	2.858713e-03	-1.058803e+00	-6.260938e-01	3.771499e-01	2.177477e-02	3.011669e-07	-1.009814e+00	-5.048390e-01	4.093812e-01
1.814361e-01	5.830414e-01	4.071363e-01	6.780346e-02	-1.063240e+01	-4.870266e+00	1.228273e-03	4.034674e-01	6.235826e-02	-1.060403e+01	-4.660296e+00	-1.637442e-02
4.214247e-01	8.926709e-01	-2.914203e-01	6.304806e-01	8.903614e-01	4.527011e+00	1.438402e+00	-2.913245e-01	6.157393e-01	7.889622e-01	4.533113e+00	1.549055e+00
8.174429e-01	3.418177e-01	3.562855e-01	9.220555e-03	1.017720e+01	5.425516e+00	2.722841e-01	3.614514e-01	7.407160e-03	1.015602e+01	5.208031e+00	2.899109e-01
2.594239e-01	3.796926e-01	-5.247605e-02	1.462348e-02	-1.152669e+01	-5.716063e+00	2.059251e-03	-5.500093e-02	1.512510e-02	-1.149963e+01	-5.510807e+00	-1.191112e-02
5.902948e-01	2.680641e-01	-6.281462e-01	8.303955e-03	5.148962e+00	2.811082e+00	-8.625522e-01	-6.291906e-01	4.957260e-03	5.112247e+00	2.667081e+00	-8.843409e-01
6.241487e-01	4.094118e-01	-6.825756e-01	2.916594e-02	8.731804e+00	4.897858e+00	-3.161467e-01	-6.822850e-01	2.598580e-02	8.736494e+00	4.749074e+00	-3.302950e-01
5.520471e-01	4.361266e-01	-9.263132e-01	3.960140e-02	4.280250e+00	2.728603e+00	-2.998927e-01	-9.280012e-01	3.569594e-02	4.283010e+00	2.632591e+00	-3.057492e-01
2.944662e-01	9.484524e-01	-4.658812e-02	6.641405e-01	8.461589e-01	4.438806e+00	1.092011e+00	-4.446341e-02	6.462985e-01	7.781291e-01	4.477610e+00	1.192411e+00
7.636052e-01	1.401139e-01	3.673911e-02	2.152041e-03	5.393683e+00	2.850976e+00	8.488998e-02	3.638086e-02	2.606334e-04	5.342457e+00	2.682389e+00	1.208847e-01
8.684672e-01	4.874312e-01	6.694353e-01	2.231558e-02	9.451149e+00	5.159184e+00	-5.311188e-02	6.769668e-01	2.266766e-02	9.421724e+00	4.989888e+00	-3.919592e-02
8.945515e-01	7.998546e-01	4.592443e-01	1.272549e-01	5.235254e+00	3.689439e+00	-1.515362e+00	4.637155e-01	1.331257e-01	5.212167e+00	3.604707e+00	-1.609571e+00
4.252137e-01	2.247026e-02	-6.556439e-02	-2.485439e-03	-4.412987e-01	-2.172234e-01	-1.305502e+00	-6.288902e-02	2.479329e-07	-4.012914e-01	-2.005795e-01	-1.397058e+00
2.686778e-01	5.416341e-01	-1.125369e-01	7.031329e-02	-1.192751e+01	-5.452313e+00	1.197261e-01	-1.160870e-01	6.432098e-02	-1.189832e+01	-5.236638e+00	1.138108e-01
6.334779e-01	2.578882e-01	-4.837889e-01	7.558420e-03	6.882720e+00	3.678863e+00	-7.015370e-01	-4.842362e-01	4.039875e-03	6.833202e+00	3.510592e+00	-7.266701e-01
1.393568e-01	8.349296e-01	3.266454e-01	2.126377e-01	-3.818501e+00	-5.319943e-01	-1.507484e-01	3.174805e-01	2.060222e-01	-3.796065e+00	-4.175086e-01	-1.825121e-01
9.844012e-01	5.256901e-01	9.838343e-01	2.344921e-03	1.259174e+00	7.094790e-01	-2.369265e-01	9.919614e-01	3.740980e-03	1.254120e+00	6.697581e-01	-2.458472e-01
1.716799e-01	2.723078e-01	3.576418e-01	5.327016e-04	-8.366209e+00	-4.297516e+00	4.892030e-01	3.566664e-01	2.823877e-03	-8.319094e+00	-4.097326e+00	4.941646e-01
1.839164e-02	9.142980e-01	2.742809e-01	3.732355e-02	-2.374478e-01	-2.586730e-03	-3.464073e-01	2.642256e-01	4.035336e-02	-2.088675e-01	1.603816e-01	-4.082705e-01
1.177518e-01	5.765163e-01	7.205152e-01	4.270871e-02	-7.957369e+00	-3.696783e+00	-7.610032e-02	7.173291e-01	3.994045e-02	-7.951309e+00	-3.559981e+00	-1.144106e-01
2.740557e-01	5.541779e-01	-1.447226e-01	7.805116e-02	-1.175756e+01	-5.302272e+00	1.408939e-01	-1.483956e-01	7.153828e-02	-1.172723e+01	-5.089083e+00	1.366151e-01
6.514201e-01	8.297411e-01	-2.994604e-01	4.190318e-01	7.341149e+00	6.813673e+00	3.782920e-01	-2.959268e-01	4.213652e-01	7.246934e+00	6.670431e+00	4.435739e-01
2.064219e-01	1.099681e-02	9.097815e-03	3.606394e-03	-4.965441e-01	-3.237593e-01	3.951373e-01	9.339816e-03	8.832699e-09	-4.178776e-01	-2.089340e-01	4.244915e-01
1.368863e-01	9.000178e-01	2.093614e-01	2.801540e-01	-1.733774e+00	9.040311e-01	2.203557e-02	2.015603e-01	2.735551e-01	-1.726796e+00	9.602667e-01	-3.777540e-02
8.738893e-01	5.974129e-01	6.627097e-01	4.738505e-02	8.911169e+00	5.052997e+00	-5.043446e-01	6.695307e-01	4.915622e-02	8.860949e+00	4.924165e+00	-5.168794e-01
6.005167e-01	6.650363e-01	-7.031983e-01	1.872671e-01	7.628264e+00	5.597941e+00	4.866919e-01	-7.010308e-01	1.859337e-01	7.562549e+00	5.458780e+00	5.328449e-01
1.753719e-01	9.144111e-01	1.259534e-01	3.767797e-01	-1.388958e+00	1.637980e+00	2.756353e-01	1.200523e-01	3.659975e-01	-1.377000e+00	1.713029e+00	2.513607e-01
4.187707e-01	3.831388e-01	-8.118386e-01	2.144034e-02	-5.527882e+00	-2.536864e+00	-4.760698e-01	-8.144132e-01	2.085102e-02	-5.512004e+00	-2.429472e+00	-4.834215e-01
5.189176e-01	4.696687e-02	-1.479769e-01	-4.591197e-04	1.903804e-01	1.345221e-01	-1.412933e+00	-1.459786e-01	4.857346e-06	2.194912e-01	1.103661e-01	-1.542766e+00
1.662840e-01	7.380331e-01	3.745660e-01	1.559208e-01	-7.182487e+00	-2.521440e+00	-9.134975e-02	3.681178e-01	1.480362e-01	-7.165672e+00	-2.379344e+00	-1.324342e-01
8.279949e-02	6.031519e-01	8.255776e-01	3.634889e-02	-5.690399e+00	-2.601850e+00	-1.865080e-01	8.225340e-01	3.403890e-02	-5.695770e+00	-2.509274e+00	-2.331045e-01
2.453496e-01	3.892958e-01	2.997589e-02	1.576526e-02	-1.166844e+01	-5.784827e+00	5.491692e-02	2.746594e-02	1.600168e-02	-1.164455e+01	-5.575651e+00	4.152124e-02
2.886941e-01	3.556730e-01	-2.138185e-01	1.142891e-02	-1.085829e+01	-5.399477e+00	-1.366880e-01	-2.164096e-01	1.260457e-02	-1.082264e+01	-5.198686e+00	-1.501540e-01
7.190455e-01	2.971221e-01	-1.568260e-01	9.012178e-03	1.002382e+01	5.336277e+00	-1.777181e-01	-1.553244e-01	6.019967e-03	9.989843e+00	5.116488e+00	-1.884318e-01
5.664045e-01	4.760505e-01	-9.106708e-01	5.408747e-02	5.500523e+00	3.481455e+00	-1.154129e-01	-9.116276e-01	5.024493e-02	5.500065e+00	3.383305e+00	-1.246535e-01
6.636708e-01	9.368289e-01	-1.034901e-01	6.668882e-01	5.118749e+00	6.838722e+00	1.821249e-01	-1.017752e-01	6.706656e-01	4.985487e+00	6.788078e+00	1.998709e-01
7.325716e-01	2.149410e-01	-6.859148e-02	4.565194e-03	7.887984e+00	4.155738e+00	-1.453806e-01	-6.831501e-02	1.589584e-03	7.837743e+00	3.963244e+00	-1.362319e-01
3.118407e-02	2.622645e-01	7.204703e-01	-2.943918e-03	-1.792106e+00	-9.146143e-01	1.025978e+00	7.197793e-01	4.627495e-04	-1.788212e+00	-8.835196e-01	1.054088e+00
5.950778e-01	5.142671e-02	-1.349076e-01	1.226023e-03	1.138910e+00	6.304469e-01	-1.184441e+00	-1.329999e-01	6.684765e-06	1.137546e+00	5.695528e-01	-1.281834e+00
4.963662e-01	5.968426e-01	-9.526155e-01	1.327005e-01	5.890235e-01	1.579922e+00	4.507627e-01	-9.538262e-01	1.268852e-01	5.766664e-01	1.563898e+00	4.727135e-01
3.342442e-01	7.709117e-01	-3.290763e-01	3.207156e-01	-5.553256e+00	-5.064855e-01	8.405820e-01	-3.328421e-01	3.063827e-01	-5.559975e+00	-3.954124e-01	8.724914e-01
1.065990e-01	7.513863e-02	1.827264e-01	1.025751e-03	-1.840258e+00	-1.013212e+00	1.142368e+00	1.833432e-01	1.047630e-05	-1.823944e+00	-9.111354e-01	1.197335e+00
7.281883e-01	4.954913e-01	-1.405030e-01	4.613288e-02	1.284201e+01	7.233097e+00	-8.153811e-02	-1.366045e-01	4.543981e-02	1.281412e+01	6.957301e+00	-6.524819e-02
6.884021e-01	4.348274e-01	-3.721700e-01	3.126188e-02	1.166882e+01	6.466878e+00	-1.460494e-01	-3.695571e-01	2.966806e-02	1.166674e+01	6.242746e+00	-1.518739e-01
2.464025e-01	8.191017e-01	1.860362e-02	3.294813e-01	-5.227219e+00	-4.426512e-01	4.791180e-01	1.216432e-02	3.146822e-01	-5.224868e+00	-3.073561e-01	4.756808e-01
7.994153e-01	6.946961e-01	2.452498e-01	1.357317e-01	1.065912e+01	6.669777e+00	-5.495547e-01	2.501294e-01	1.372442e-01	1.058639e+01	6.478554e+00	-5.711572e-01
2.721456e-01	5.902305e-01	-1.292131e-01	9.951766e-02	-1.136080e+01	-4.946534e+00	1.854106e-01	-1.331612e-01	9.157469e-02	-1.132765e+01	-4.732923e+00	1.860370e-01
3.609742e-01	9.158289e-02	-1.810228e-01	-2.353355e-03	-2.760861e+00	-1.436747e+00	-9.147719e-01	-1.822122e-01	6.374496e-05	-2.730802e+00	-1.361225e+00	-9.671447e-01
9.173127e-01	1.368193e-01	3.620348e-01	-3.004521e-04	2.620967e+00	1.419298e+00	1.166862e+00	3.617303e-01	9.000838e-05	2.602509e+00	1.305202e+00	1.238963e+00
9.502364e-01	4.460059e-01	9.299146e-01	5.644992e-03	3.874823e+00	2.124360e+00	1.779894e-01	9.378582e-01	6.161021e-03	3.865237e+00	2.015501e+00	1.909194e-01
