# x y true_fields pred_fields error_fields
1.111111119389533997e-01 1.111111119389533997e-01 5.199013277888298035e-03 1.834546960890293121e-02 1.250389814376831055e-01 2.070720046758651733e-01 1.798106543719768524e-02 6.730788946151733398e-01 3.371332585811614990e-01 8.666957616806030273e-01 2.853902578353881836e-01 3.787022083997726440e-03 1.652094163000583649e-02 1.464730501174926758e-01 1.684525012969970703e-01 5.500772967934608459e-03 7.379539608955383301e-01 9.889204800128936768e-02 2.839904427528381348e-01 4.358608424663543701e-01 -1.411991193890571594e-03 -1.824527978897094727e-03 2.143406867980957031e-02 -3.861950337886810303e-02 -1.248029246926307678e-02 6.487506628036499023e-02 -2.382412105798721313e-01 -5.827053189277648926e-01 1.504705846309661865e-01
2.222222238779067993e-01 1.111111119389533997e-01 9.770948439836502075e-03 1.976666413247585297e-02 1.226828992366790771e-01 2.188857495784759521e-01 2.825987152755260468e-02 6.764907240867614746e-01 3.351877033710479736e-01 8.630257844924926758e-01 2.873768210411071777e-01 8.515756577253341675e-03 1.812707073986530304e-02 1.400680541992187500e-01 1.663993448019027710e-01 8.633004501461982727e-03 6.981998682022094727e-01 9.421399980783462524e-02 2.704761028289794922e-01 4.354348778724670410e-01 -1.255191862583160400e-03 -1.639593392610549927e-03 1.738515496253967285e-02 -5.248640477657318115e-02 -1.962686702609062195e-02 2.170914411544799805e-02 -2.409737110137939453e-01 -5.925496816635131836e-01 1.480580568313598633e-01
3.333333432674407959e-01 1.111111119389533997e-01 1.316436287015676498e-02 2.072950266301631927e-02 1.121711805462837219e-01 2.217943072319030762e-01 3.496995195746421814e-02 6.753002405166625977e-01 3.329732418060302734e-01 8.579144477844238281e-01 2.882634401321411133e-01 1.182366535067558289e-02 1.907807029783725739e-02 1.221944466233253479e-01 1.566309332847595215e-01 1.197538431733846664e-02 6.396332383155822754e-01 1.070871055126190186e-01 3.042804598808288574e-01 4.207148253917694092e-01 -1.340697519481182098e-03 -1.651432365179061890e-03 1.002326607704162598e-02 -6.516337394714355469e-02 -2.299456670880317688e-02 -3.566700220108032227e-02 -2.258861362934112549e-01 -5.536339879035949707e-01 1.324513852596282959e-01
4.444444477558135986e-01 1.111111119389533997e-01 1.496996171772480011e-02 2.112803980708122253e-02 9.492533653974533081e-02 2.160123586654663086e-01 3.757469728589057922e-02 6.699374318122863770e-01 3.315275609493255615e-01 8.537524342536926270e-01 2.876039445400238037e-01 1.346622034907341003e-02 1.922705210745334625e-02 9.592098742723464966e-02 1.476119011640548706e-01 1.716357842087745667e-02 5.796704292297363281e-01 1.447686254978179932e-01 4.009294211864471436e-01 3.847249150276184082e-01 -1.503741368651390076e-03 -1.900987699627876282e-03 9.956508874893188477e-04 -6.840045750141143799e-02 -2.041111886501312256e-02 -9.026700258255004883e-02 -1.867589354515075684e-01 -4.528230130672454834e-01 9.712097048759460449e-02
5.555555820465087891e-01 1.111111119389533997e-01 1.496995985507965088e-02 2.095914073288440704e-02 7.373087853193283081e-02 2.037989944219589233e-01 3.596707433462142944e-02 6.622116565704345703e-01 3.315276801586151123e-01 8.523445725440979004e-01 2.854802906513214111e-01 1.350564882159233093e-02 1.892478205263614655e-02 6.571786850690841675e-02 1.389124393463134766e-01 2.172331698238849640e-02 5.230236053466796875e-01 1.953377276659011841e-01 5.211356282234191895e-01 3.339349627494812012e-01 -1.464311033487319946e-03 -2.034358680248260498e-03 -8.013010025024414062e-03 -6.488655507564544678e-02 -1.424375735223293304e-02 -1.391880512237548828e-01 -1.361899524927139282e-01 -3.312089443206787109e-01 4.845467209815979004e-02
6.666666865348815918e-01 1.111111119389533997e-01 1.316436100751161575e-02 2.030183561146259308e-02 5.216872319579124451e-02 1.884678602218627930e-01 3.032080642879009247e-02 6.557849049568176270e-01 3.329736888408660889e-01 8.543267250061035156e-01 2.828742265701293945e-01 1.214049383997917175e-02 1.845473982393741608e-02 3.701096028089523315e-02 1.283047497272491455e-01 2.311737276613712311e-02 4.594486355781555176e-01 2.395158857107162476e-01 6.121705174446105957e-01 2.779329121112823486e-01 -1.023867167532444000e-03 -1.847095787525177002e-03 -1.515776291489601135e-02 -6.016311049461364746e-02 -7.203433662652969360e-03 -1.963362693786621094e-01 -9.345780313014984131e-02 -2.421562075614929199e-01 -4.941314458847045898e-03
7.777777910232543945e-01 1.111111119389533997e-01 9.770944714546203613e-03 1.928033865988254547e-02 3.368616476655006409e-02 1.730692386627197266e-01 2.108961716294288635e-02 6.554397940635681152e-01 3.351891338825225830e-01 8.591177463531494141e-01 2.815416753292083740e-01 9.583573788404464722e-03 1.790714822709560394e-02 1.430577971041202545e-02 1.233232319355010986e-01 2.038526721298694611e-02 4.078545272350311279e-01 2.814374566078186035e-01 6.864246726036071777e-01 2.194977253675460815e-01 -1.873709261417388916e-04 -1.373190432786941528e-03 -1.938038505613803864e-02 -4.974600672721862793e-02 -7.043499499559402466e-04 -2.475852668285369873e-01 -5.375167727470397949e-02 -1.726930737495422363e-01 -6.204394996166229248e-02
8.888888955116271973e-01 1.111111119389533997e-01 5.199010483920574188e-03 1.802804507315158844e-02 2.020761743187904358e-02 1.589052528142929077e-01 9.134397841989994049e-03 6.599991917610168457e-01 3.371373116970062256e-01 8.642541170120239258e-01 2.817537784576416016e-01 6.005447357892990112e-03 1.728749647736549377e-02 -7.521975785493850708e-04 1.255038976669311523e-01 1.290500350296497345e-02 3.924788236618041992e-01 3.193396031856536865e-01 7.536239624023437500e-01 1.799725592136383057e-01 8.064368739724159241e-04 -7.405485957860946655e-04 -2.095981501042842865e-02 -3.340135514736175537e-02 3.770605660974979401e-03 -2.675203680992126465e-01 -1.779770851135253906e-02 -1.106301546096801758e-01 -1.017812192440032959e-01
1.111111119389533997e-01 2.222222238779067993e-01 8.549579419195652008e-03 3.700836375355720520e-02 1.601393371820449829e-01 2.248333841562271118e-01 1.759892702102661133e-02 6.787198185920715332e-01 3.383609056472778320e-01 8.704370260238647461e-01 2.862552404403686523e-01 7.880475372076034546e-03 3.489185869693756104e-02 1.762917786836624146e-01 1.913544833660125732e-01 5.533659830689430237e-03 6.874473690986633301e-01 8.240806311368942261e-02 2.377250641584396362e-01 4.423652887344360352e-01 -6.691040471196174622e-04 -2.116505056619644165e-03 1.615244150161743164e-02 -3.347890079021453857e-02 -1.206526719033718109e-02 8.727550506591796875e-03 -2.559528350830078125e-01 -6.327119469642639160e-01 1.561100482940673828e-01
2.222222238779067993e-01 2.222222238779067993e-01 1.606795378029346466e-02 4.001965001225471497e-02 1.532635986804962158e-01 2.366030812263488770e-01 2.077314071357250214e-02 6.851307749748229980e-01 3.352167010307312012e-01 8.646354675292968750e-01 2.896665334701538086e-01 1.617742702364921570e-02 3.863093256950378418e-02 1.672966331243515015e-01 1.881994605064392090e-01 6.572859361767768860e-03 6.548624634742736816e-01 7.898123562335968018e-02 2.277861386537551880e-01 4.420270025730133057e-01 1.094732433557510376e-04 -1.388717442750930786e-03 1.403303444385528564e-02 -4.840362071990966797e-02 -1.420028135180473328e-02 -3.026831150054931641e-02 -2.562354803085327148e-01 -6.368493437767028809e-01 1.523604691028594971e-01
3.333333432674407959e-01 2.222222238779067993e-01 2.164829708635807037e-02 4.188667237758636475e-02 1.330016851425170898e-01 2.344375848770141602e-01 2.123090066015720367e-02 6.828029751777648926e-01 3.313310146331787109e-01 8.555994629859924316e-01 2.911551296710968018e-01 2.191945537924766541e-02 4.092135280370712280e-02 1.401119232177734375e-01 1.699431538581848145e-01 7.284012623131275177e-03 5.970408916473388672e-01 8.896784484386444092e-02 2.542734146118164062e-01 4.290184378623962402e-01 2.711582928895950317e-04 -9.653195738792419434e-04 7.110238075256347656e-03 -6.449443101882934570e-02 -1.394688803702592850e-02 -8.576208353042602539e-02 -2.423631697893142700e-01 -6.013260483741760254e-01 1.378633081912994385e-01
4.444444477558135986e-01 2.222222238779067993e-01 2.461753226816654205e-02 4.242497682571411133e-02 1.019695773720741272e-01 2.195290029048919678e-01 1.957229152321815491e-02 6.704893708229064941e-01 3.287535607814788818e-01 8.477110862731933594e-01 2.892805039882659912e-01 2.457475289702415466e-02 4.115677624940872192e-02 9.831275790929794312e-02 1.465712934732437134e-01 8.863447234034538269e-03 5.214034318923950195e-01 1.213905960321426392e-01 3.379454910755157471e-01 3.919757008552551270e-01 -4.277937114238739014e-05 -1.268200576305389404e-03 -3.656819462776184082e-03 -7.295770943164825439e-02 -1.070884428918361664e-02 -1.490859389305114746e-01 -2.073629647493362427e-01 -5.097656250000000000e-01 1.026951968669891357e-01
5.555555820465087891e-01 2.222222238779067993e-01 2.461753226816654205e-02 4.174938052892684937e-02 6.389926373958587646e-02 1.954201012849807739e-01 1.638724841177463531e-02 6.411066055297851562e-01 3.288202583789825439e-01 8.424340486526489258e-01 2.809948027133941650e-01 2.422783896327018738e-02 3.994646668434143066e-02 5.115446448326110840e-02 1.234403848648071289e-01 9.782047942280769348e-03 4.256007075309753418e-01 1.706137210130691528e-01 4.515080153942108154e-01 3.231879174709320068e-01 -3.896933048963546753e-04 -1.802913844585418701e-03 -1.274479925632476807e-02 -7.197971642017364502e-02 -6.605200469493865967e-03 -2.155058979988098145e-01 -1.582065373659133911e-01 -3.909260332584381104e-01 4.219311475753784180e-02
6.666666865348815918e-01 2.222222238779067993e-01 2.164829522371292114e-02 4.017600417137145996e-02 2.741012349724769592e-02 1.707857847213745117e-01 1.198695413768291473e-02 6.092614531517028809e-01 3.315677940845489502e-01 8.419670462608337402e-01 2.696755230426788330e-01 2.129974588751792908e-02 3.826436400413513184e-02 9.488113224506378174e-03 1.031245589256286621e-01 9.683320298790931702e-03 3.123956322669982910e-01 2.166357487440109253e-01 5.278840065002441406e-01 2.183678001165390015e-01 -3.485493361949920654e-04 -1.911640167236328125e-03 -1.792201027274131775e-02 -6.766122579574584961e-02 -2.303633838891983032e-03 -2.968658208847045898e-01 -1.149320453405380249e-01 -3.140830397605895996e-01 -5.130772292613983154e-02
7.777777910232543945e-01 2.222222238779067993e-01 1.606794819235801697e-02 3.807435184717178345e-02 2.176783978939056396e-03 1.546825617551803589e-01 6.441341247409582138e-03 6.224513649940490723e-01 3.357439935207366943e-01 8.537335991859436035e-01 2.714055478572845459e-01 1.630612835288047791e-02 3.676257282495498657e-02 -2.019359357655048370e-02 9.832292795181274414e-02 7.940085604786872864e-03 2.415047734975814819e-01 2.615137994289398193e-01 5.764657855033874512e-01 1.021708771586418152e-01 2.381801605224609375e-04 -1.311779022216796875e-03 -2.237037755548954010e-02 -5.635963380336761475e-02 1.498744357377290726e-03 -3.809465765953063965e-01 -7.423019409179687500e-02 -2.772678136825561523e-01 -1.692346632480621338e-01
8.888888955116271973e-01 2.222222238779067993e-01 8.549575693905353546e-03 3.573866188526153564e-02 -1.443383097648620605e-02 1.428913325071334839e-01 -1.595416542841121554e-04 6.499303579330444336e-01 3.394104242324829102e-01 8.672623634338378906e-01 2.776012122631072998e-01 9.720843285322189331e-03 3.564914315938949585e-02 -3.717768937349319458e-02 1.061087548732757568e-01 3.588357940316200256e-03 2.335580140352249146e-01 3.070986270904541016e-01 6.405493617057800293e-01 4.290491342544555664e-02 1.171267591416835785e-03 -8.951872587203979492e-05 -2.274385839700698853e-02 -3.678257763385772705e-02 3.747899550944566727e-03 -4.163723587989807129e-01 -3.231179714202880859e-02 -2.267130017280578613e-01 -2.346962988376617432e-01
1.111111119389533997e-01 3.333333432674407959e-01 9.873271919786930084e-03 5.598868429660797119e-02 1.754754185676574707e-01 2.310776114463806152e-01 1.698016747832298279e-02 6.830290555953979492e-01 3.194404244422912598e-01 8.290737271308898926e-01 2.976968288421630859e-01 1.031024381518363953e-02 5.500124394893646240e-02 1.864522695541381836e-01 1.975073516368865967e-01 4.453012719750404358e-03 6.593148708343505859e-01 6.009314209222793579e-02 1.749637424945831299e-01 4.557712972164154053e-01 4.369718953967094421e-04 -9.874403476715087891e-04 1.097685098648071289e-02 -3.357025980949401855e-02 -1.252715475857257843e-02 -2.371418476104736328e-02 -2.593472898006439209e-01 -6.541099548339843750e-01 1.580744683742523193e-01
2.222222238779067993e-01 3.333333432674407959e-01 1.855568028986454010e-02 6.075897067785263062e-02 1.680027097463607788e-01 2.445410341024398804e-01 1.293124724179506302e-02 6.916645169258117676e-01 3.205935060977935791e-01 8.330686092376708984e-01 2.992599606513977051e-01 1.990754529833793640e-02 6.126391887664794922e-02 1.779816001653671265e-01 1.932550966739654541e-01 3.671107813715934753e-03 6.310782432556152344e-01 6.071189418435096741e-02 1.764764636754989624e-01 4.533928632736206055e-01 1.351865008473396301e-03 5.049481987953186035e-04 9.978890419006347656e-03 -5.128593742847442627e-02 -9.260139428079128265e-03 -6.058627367019653320e-02 -2.598816156387329102e-01 -6.565921306610107422e-01 1.541329026222229004e-01
3.333333432674407959e-01 3.333333432674407959e-01 2.500000223517417908e-02 6.347151100635528564e-02 1.437417119741439819e-01 2.403262406587600708e-01 6.981687620282173157e-03 6.883466839790344238e-01 3.201491236686706543e-01 8.315324783325195312e-01 2.986643314361572266e-01 2.652074024081230164e-02 6.493185460567474365e-02 1.466161161661148071e-01 1.718576103448867798e-01 2.026931382715702057e-03 5.755719542503356934e-01 7.288141548633575439e-02 2.097894400358200073e-01 4.392518997192382812e-01 1.520738005638122559e-03 1.460343599319458008e-03 2.874404191970825195e-03 -6.846863031387329102e-02 -4.954756237566471100e-03 -1.127747297286987305e-01 -2.472677081823348999e-01 -6.217430233955383301e-01 1.405875682830810547e-01
4.444444477558135986e-01 3.333333432674407959e-01 2.842895314097404480e-02 6.389081478118896484e-02 1.052174940705299377e-01 2.194444239139556885e-01 9.852466173470020294e-04 6.672764420509338379e-01 3.204940855503082275e-01 8.287920951843261719e-01 2.929913103580474854e-01 2.946151420474052429e-02 6.497317552566528320e-02 9.605312347412109375e-02 1.424556672573089600e-01 4.924088716506958008e-05 4.915255606174468994e-01 1.064052134752273560e-01 2.977313697338104248e-01 3.990451395511627197e-01 1.032561063766479492e-03 1.082360744476318359e-03 -9.164370596408843994e-03 -7.698875665664672852e-02 -9.360057301819324493e-04 -1.757508814334869385e-01 -2.140888720750808716e-01 -5.310606956481933594e-01 1.060538291931152344e-01
5.555555820465087891e-01 3.333333432674407959e-01 2.842894941568374634e-02 6.237072870135307312e-02 5.445099622011184692e-02 1.841934621334075928e-01 -3.710692515596747398e-03 5.978924632072448730e-01 3.234179317951202393e-01 8.220330476760864258e-01 2.708525955677032471e-01 2.879146859049797058e-02 6.242755055427551270e-02 3.917561471462249756e-02 1.101592183113098145e-01 -2.617506310343742371e-03 3.523270189762115479e-01 1.568498015403747559e-01 4.097455441951751709e-01 3.061717450618743896e-01 3.625191748142242432e-04 5.682185292243957520e-05 -1.527538150548934937e-02 -7.403424382209777832e-02 1.093186205253005028e-03 -2.455654442310333252e-01 -1.665681302547454834e-01 -4.122875034809112549e-01 3.531914949417114258e-02
6.666666865348815918e-01 3.333333432674407959e-01 2.500000037252902985e-02 5.962250754237174988e-02 7.967282086610794067e-03 1.517322510480880737e-01 -6.607891991734504700e-03 5.153606534004211426e-01 3.290734589099884033e-01 8.139718174934387207e-01 2.367630600929260254e-01 2.501582726836204529e-02 5.913067609071731567e-02 -9.292887523770332336e-03 8.474886417388916016e-02 -4.152489826083183289e-03 1.759256124496459961e-01 2.045239657163619995e-01 4.422076642513275146e-01 8.106566220521926880e-02 1.582689583301544189e-05 -4.918314516544342041e-04 -1.726016961038112640e-02 -6.698338687419891357e-02 2.455402165651321411e-03 -3.394350409507751465e-01 -1.245494931936264038e-01 -3.717641532421112061e-01 -1.556974053382873535e-01
7.777777910232543945e-01 3.333333432674407959e-01 1.855567470192909241e-02 5.638204142451286316e-02 -1.531005650758743286e-02 1.406071782112121582e-01 -8.009299635887145996e-03 5.608739852905273438e-01 3.359513282775878906e-01 8.401167392730712891e-01 2.503548562526702881e-01 1.879021152853965759e-02 5.637173354625701904e-02 -4.172251373529434204e-02 8.338427543640136719e-02 -4.282047972083091736e-03 1.109421849250793457e-01 2.534551024436950684e-01 4.316521883010864258e-01 -1.484641730785369873e-01 2.345368266105651855e-04 -1.030787825584411621e-05 -2.641245722770690918e-02 -5.722290277481079102e-02 3.727251663804054260e-03 -4.499318003654479980e-01 -8.249622583389282227e-02 -4.084645509719848633e-01 -3.988190293312072754e-01
8.888888955116271973e-01 3.333333432674407959e-01 9.873267263174057007e-03 5.313185602426528931e-02 -2.971149981021881104e-02 1.345020532608032227e-01 -8.734902366995811462e-03 6.358060836791992188e-01 3.416403830051422119e-01 8.692317605018615723e-01 2.721444070339202881e-01 1.074286922812461853e-02 5.455759167671203613e-02 -5.828943103551864624e-02 9.677675366401672363e-02 -3.957910463213920593e-03 1.278722137212753296e-01 3.072827160358428955e-01 5.118492245674133301e-01 -1.671363562345504761e-01 8.696019649505615234e-04 1.425735652446746826e-03 -2.857793122529983521e-02 -3.772529959678649902e-02 4.776991903781890869e-03 -5.079338550567626953e-01 -3.435766696929931641e-02 -3.573825359344482422e-01 -4.392807483673095703e-01
1.111111119389533997e-01 4.444444477558135986e-01 9.356226772069931030e-03 7.528643310070037842e-02 1.741465926170349121e-01 2.356242686510086060e-01 1.949526928365230560e-02 6.921546459197998047e-01 3.257948458194732666e-01 8.448314666748046875e-01 2.965696752071380615e-01 1.040658354759216309e-02 7.598340511322021484e-02 1.798658221960067749e-01 1.979290246963500977e-01 6.849752739071846008e-03 6.599928140640258789e-01 8.555325120687484741e-02 2.460290491580963135e-01 4.378707706928253174e-01 1.050356775522232056e-03 6.969720125198364258e-04 5.719229578971862793e-03 -3.769524395465850830e-02 -1.264551654458045959e-02 -3.216183185577392578e-02 -2.402415871620178223e-01 -5.988024473190307617e-01 1.413010954856872559e-01
2.222222238779067993e-01 4.444444477558135986e-01 1.758395321667194366e-02 8.198460936546325684e-02 1.687992513179779053e-01 2.498263120651245117e-01 8.009478449821472168e-03 7.019767165184020996e-01 3.180404305458068848e-01 8.289345502853393555e-01 3.031904101371765137e-01 1.894521340727806091e-02 8.480916917324066162e-02 1.736537814140319824e-01 1.930312812328338623e-01 3.072893247008323669e-03 6.337735652923583984e-01 7.148150354623794556e-02 2.066744565963745117e-01 4.456497728824615479e-01 1.361260190606117249e-03 2.824559807777404785e-03 4.854530096054077148e-03 -5.679503083229064941e-02 -4.936585202813148499e-03 -6.820315122604370117e-02 -2.465589344501495361e-01 -6.222600936889648438e-01 1.424593627452850342e-01
3.333333432674407959e-01 4.444444477558135986e-01 2.369079552590847015e-02 8.548400551080703735e-02 1.459837704896926880e-01 2.439892441034317017e-01 -4.369670525193214417e-03 6.983936429023742676e-01 3.119868338108062744e-01 8.146530389785766602e-01 3.055888712406158447e-01 2.483435347676277161e-02 8.965270221233367920e-02 1.456009447574615479e-01 1.705495268106460571e-01 -1.859609037637710571e-03 5.835271477699279785e-01 7.174711674451828003e-02 2.067670524120330811e-01 4.409433305263519287e-01 1.143557950854301453e-03 4.168696701526641846e-03 -3.828257322311401367e-04 -7.343971729278564453e-02 2.510061487555503845e-03 -1.148664951324462891e-01 -2.402397096157073975e-01 -6.078859567642211914e-01 1.353544592857360840e-01
4.444444477558135986e-01 4.444444477558135986e-01 2.694017812609672546e-02 8.552554994821548462e-02 1.087772920727729797e-01 2.203150093555450439e-01 -1.457812078297138214e-02 6.791164278984069824e-01 3.088845014572143555e-01 8.046584129333496094e-01 3.025231659412384033e-01 2.742914110422134399e-02 8.915793150663375854e-02 9.886594861745834351e-02 1.418712586164474487e-01 -7.839769124984741211e-03 5.103519558906555176e-01 1.011184081435203552e-01 2.845613956451416016e-01 4.070702195167541504e-01 4.889629781246185303e-04 3.632381558418273926e-03 -9.911343455314636230e-03 -7.844375073909759521e-02 6.738351657986640930e-03 -1.687644720077514648e-01 -2.077660858631134033e-01 -5.200970172882080078e-01 1.045470535755157471e-01
5.555555820465087891e-01 4.444444477558135986e-01 2.694017626345157623e-02 8.282317221164703369e-02 6.188413500785827637e-02 1.858423054218292236e-01 -2.082047425210475922e-02 6.313620805740356445e-01 3.126539289951324463e-01 8.050701022148132324e-01 2.874779701232910156e-01 2.674437686800956726e-02 8.493577688932418823e-02 4.556973278522491455e-02 1.105819642543792725e-01 -1.373207755386829376e-02 3.937142789363861084e-01 1.499770432710647583e-01 3.992374539375305176e-01 3.309952616691589355e-01 -1.957993954420089722e-04 2.112604677677154541e-03 -1.631440222263336182e-02 -7.526034116744995117e-02 7.088396698236465454e-03 -2.376478016376495361e-01 -1.626768857240676880e-01 -4.058326482772827148e-01 4.351729154586791992e-02
6.666666865348815918e-01 4.444444477558135986e-01 2.369079366326332092e-02 7.864134013652801514e-02 1.822815090417861938e-02 1.551354378461837769e-01 -2.253338508307933807e-02 5.789321064949035645e-01 3.225668668746948242e-01 8.161254525184631348e-01 2.650485634803771973e-01 2.320494875311851501e-02 7.976653426885604858e-02 -7.198993116617202759e-04 8.507946133613586426e-02 -1.640169881284236908e-02 2.375695556402206421e-01 1.993672698736190796e-01 4.673649668693542480e-01 1.721206009387969971e-01 -4.858449101448059082e-04 1.125194132328033447e-03 -1.894805021584033966e-02 -7.005597651004791260e-02 6.131686270236968994e-03 -3.413625359535217285e-01 -1.231995970010757446e-01 -3.487604856491088867e-01 -9.292796254158020020e-02
7.777777910232543945e-01 4.444444477558135986e-01 1.758394762873649597e-02 7.420340180397033691e-02 -9.247064590454101562e-03 1.410590857267379761e-01 -2.025571092963218689e-02 6.016888618469238281e-01 3.354475498199462891e-01 8.486351370811462402e-01 2.649296820163726807e-01 1.739198341965675354e-02 7.558089494705200195e-02 -3.317891806364059448e-02 8.316585421562194824e-02 -1.471011899411678314e-02 1.480992734432220459e-01 2.562929987907409668e-01 4.876045286655426025e-01 -4.873613268136978149e-02 -1.919642090797424316e-04 1.377493143081665039e-03 -2.393185347318649292e-02 -5.789323151111602783e-02 5.545591935515403748e-03 -4.535895884037017822e-01 -7.915455102920532227e-02 -3.610306084156036377e-01 -3.136658072471618652e-01
8.888888955116271973e-01 4.444444477558135986e-01 9.356222115457057953e-03 7.020761817693710327e-02 -2.641450613737106323e-02 1.355322897434234619e-01 -1.568151824176311493e-02 6.472718119621276855e-01 3.475084304809570312e-01 8.842749595642089844e-01 2.723071575164794922e-01 9.880259633064270020e-03 7.295415550470352173e-02 -5.167090147733688354e-02 9.706825017929077148e-02 -9.519664570689201355e-03 1.595865488052368164e-01 3.192065060138702393e-01 5.745476484298706055e-01 -1.000376865267753601e-01 5.240375176072120667e-04 2.746537327766418457e-03 -2.525639533996582031e-02 -3.846403956413269043e-02 6.161853671073913574e-03 -4.876852631568908691e-01 -2.830192446708679199e-02 -3.097273111343383789e-01 -3.723448514938354492e-01
1.111111119389533997e-01 5.555555820465087891e-01 7.484979461878538132e-03 9.490160644054412842e-02 1.968583166599273682e-01 2.933504283428192139e-01 3.163376078009605408e-02 8.685744404792785645e-01 4.256051778793334961e-01 1.097547769546508789e+00 2.893967032432556152e-01 8.349634706974029541e-03 9.635749459266662598e-02 1.954321563243865967e-01 2.467410564422607422e-01 1.831123419106006622e-02 8.557235002517700195e-01 2.222740054130554199e-01 6.136869192123413086e-01 3.804740309715270996e-01 8.646552450954914093e-04 1.455888152122497559e-03 -1.426160335540771484e-03 -4.660937190055847168e-02 -1.332252658903598785e-02 -1.285094022750854492e-02 -2.033311724662780762e-01 -4.838608503341674805e-01 9.107732772827148438e-02
2.222222238779067993e-01 5.555555820465087891e-01 1.406716089695692062e-02 1.036965698003768921e-01 1.937155425548553467e-01 3.167869150638580322e-01 8.819379843771457672e-03 8.783982992172241211e-01 4.245930016040802002e-01 1.097022533416748047e+00 2.918517589569091797e-01 1.457336172461509705e-02 1.074660122394561768e-01 1.932853758335113525e-01 2.505138218402862549e-01 6.724918261170387268e-03 8.453934192657470703e-01 1.981507092714309692e-01 5.513735413551330566e-01 3.912984132766723633e-01 5.062008276581764221e-04 3.769442439079284668e-03 -4.301667213439941406e-04 -6.627309322357177734e-02 -2.094461582601070404e-03 -3.300487995147705078e-02 -2.264422923326492310e-01 -5.456489920616149902e-01 9.944665431976318359e-02
3.333333432674407959e-01 5.555555820465087891e-01 1.895263418555259705e-02 1.079241782426834106e-01 1.704490035772323608e-01 3.135376274585723877e-01 -1.588157005608081818e-02 8.749706149101257324e-01 4.220660030841827393e-01 1.090804815292358398e+00 2.922206819057464600e-01 1.886642165482044220e-02 1.131348162889480591e-01 1.692755520343780518e-01 2.312376797199249268e-01 -8.242717012763023376e-03 8.102407455444335938e-01 1.874613612890243530e-01 5.221174955368041992e-01 3.926003277301788330e-01 -8.621253073215484619e-05 5.210638046264648438e-03 -1.173451542854309082e-03 -8.229994773864746094e-02 7.638853043317794800e-03 -6.472986936569213867e-02 -2.346046417951583862e-01 -5.686873197555541992e-01 1.003796458244323730e-01
4.444444477558135986e-01 5.555555820465087891e-01 2.155214175581932068e-02 1.073291972279548645e-01 1.333785653114318848e-01 2.815499007701873779e-01 -3.393103182315826416e-02 8.595285415649414062e-01 4.003461897373199463e-01 1.039627909660339355e+00 2.984111905097961426e-01 2.077241428196430206e-02 1.118118315935134888e-01 1.279088705778121948e-01 2.008272111415863037e-01 -2.132005430757999420e-02 7.648001313209533691e-01 1.978209912776947021e-01 5.463566184043884277e-01 3.809369504451751709e-01 -7.797274738550186157e-04 4.482634365558624268e-03 -5.469694733619689941e-03 -8.072268962860107422e-02 1.261097751557826996e-02 -9.472841024398803711e-02 -2.025251984596252441e-01 -4.932712912559509277e-01 8.252575993537902832e-02
5.555555820465087891e-01 5.555555820465087891e-01 2.155213989317417145e-02 1.031067222356796265e-01 8.897254616022109985e-02 2.394276857376098633e-01 -4.232584685087203979e-02 8.372817039489746094e-01 3.883102238178253174e-01 1.008954763412475586e+00 2.991606593132019043e-01 2.028665319085121155e-02 1.057511791586875916e-01 8.002189546823501587e-02 1.669500917196273804e-01 -2.901285700500011444e-02 6.926251053810119629e-01 2.253303825855255127e-01 6.098566651344299316e-01 3.532499670982360840e-01 -1.265486702322959900e-03 2.644456923007965088e-03 -8.950650691986083984e-03 -7.247759401798248291e-02 1.331298984587192535e-02 -1.446565985679626465e-01 -1.629798412322998047e-01 -3.990980982780456543e-01 5.408930778503417969e-02
6.666666865348815918e-01 5.555555820465087891e-01 1.895263232290744781e-02 9.723251312971115112e-02 4.707835614681243896e-02 2.011566609144210815e-01 -4.143312573432922363e-02 8.187743425369262695e-01 3.856348693370819092e-01 9.999201893806457520e-01 2.964599132537841797e-01 1.769016869366168976e-02 9.866114705801010132e-02 3.605286031961441040e-02 1.340542733669281006e-01 -3.082983754575252533e-02 5.812423229217529297e-01 2.602180242538452148e-01 6.792839765548706055e-01 3.052206933498382568e-01 -1.262463629245758057e-03 1.428633928298950195e-03 -1.102549582719802856e-02 -6.710238754749298096e-02 1.060328818857669830e-02 -2.375320196151733398e-01 -1.254168450832366943e-01 -3.206362128257751465e-01 8.760780096054077148e-03
7.777777910232543945e-01 5.555555820465087891e-01 1.406715530902147293e-02 9.153844416141510010e-02 1.599524915218353271e-02 1.755046993494033813e-01 -3.328879177570343018e-02 8.177821636199951172e-01 3.862319588661193848e-01 1.001093149185180664e+00 2.959739565849304199e-01 1.337948068976402283e-02 9.305611997842788696e-02 3.047114238142967224e-03 1.197073459625244141e-01 -2.620412968099117279e-02 4.990866184234619141e-01 3.084986209869384766e-01 7.673826813697814941e-01 2.437376379966735840e-01 -6.876746192574501038e-04 1.517675817012786865e-03 -1.294813491404056549e-02 -5.579735338687896729e-02 7.084662094712257385e-03 -3.186955451965332031e-01 -7.773333787918090820e-02 -2.337104678153991699e-01 -5.223631858825683594e-02
8.888888955116271973e-01 5.555555820465087891e-01 7.484976202249526978e-03 8.696596324443817139e-02 -1.536905765533447266e-03 1.643528044223785400e-01 -2.204570733010768890e-02 8.309124708175659180e-01 3.875875174999237061e-01 1.006296873092651367e+00 2.981542646884918213e-01 7.752979174256324768e-03 8.963327854871749878e-02 -1.540854014456272125e-02 1.250648200511932373e-01 -1.607736013829708099e-02 5.311726331710815430e-01 3.621599674224853516e-01 8.852814435958862305e-01 2.222242206335067749e-01 2.680029720067977905e-04 2.667315304279327393e-03 -1.387163437902927399e-02 -3.928798437118530273e-02 5.968347191810607910e-03 -2.997398376464843750e-01 -2.542755007743835449e-02 -1.210154294967651367e-01 -7.593004405498504639e-02
1.111111119389533997e-01 6.666666865348815918e-01 4.936635494232177734e-03 1.148342117667198181e-01 1.977649331092834473e-01 3.202438354492187500e-01 4.330871626734733582e-02 1.011513113975524902e+00 4.430852234363555908e-01 1.159894824028015137e+00 3.088845312595367432e-01 5.041945725679397583e-03 1.146015524864196777e-01 1.966075152158737183e-01 2.622732818126678467e-01 2.980446256697177887e-02 1.111979007720947266e+00 2.889041900634765625e-01 7.976345419883728027e-01 3.804481923580169678e-01 1.053102314472198486e-04 -2.326592803001403809e-04 -1.157417893409729004e-03 -5.797055363655090332e-02 -1.350425370037555695e-02 1.004658937454223633e-01 -1.541810333728790283e-01 -3.622602820396423340e-01 7.156366109848022461e-02
2.222222238779067993e-01 6.666666865348815918e-01 9.277840144932270050e-03 1.258948594331741333e-01 2.003410160541534424e-01 3.561111688613891602e-01 1.360484957695007324e-02 1.020152211189270020e+00 4.657174050807952881e-01 1.212624073028564453e+00 3.018883764743804932e-01 8.905451744794845581e-03 1.275500953197479248e-01 2.003441303968429565e-01 2.802275419235229492e-01 1.170189864933490753e-02 1.131021022796630859e+00 2.863408327102661133e-01 7.921711802482604980e-01 3.832660913467407227e-01 -3.723884001374244690e-04 1.655235886573791504e-03 3.114342689514160156e-06 -7.588362693786621094e-02 -1.902950927615165710e-03 1.108688116073608398e-01 -1.793765723705291748e-01 -4.204528927803039551e-01 8.137771487236022949e-02
3.333333432674407959e-01 6.666666865348815918e-01 1.250000018626451492e-02 1.307920217514038086e-01 1.814370900392532349e-01 3.623705804347991943e-01 -2.258942835032939911e-02 1.017151594161987305e+00 4.888442158699035645e-01 1.264033913612365723e+00 2.928800880908966064e-01 1.155715808272361755e-02 1.336859315633773804e-01 1.853690743446350098e-01 2.726050019264221191e-01 -1.474415324628353119e-02 1.123118400573730469e+00 2.977984249591827393e-01 8.208453655242919922e-01 3.781895637512207031e-01 -9.428421035408973694e-04 2.893909811973571777e-03 3.931984305381774902e-03 -8.976557850837707520e-02 7.845275104045867920e-03 1.059668064117431641e-01 -1.910457909107208252e-01 -4.431885480880737305e-01 8.530947566032409668e-02
4.444444477558135986e-01 6.666666865348815918e-01 1.421447470784187317e-02 1.293017268180847168e-01 1.529332250356674194e-01 3.227280974388122559e-01 -4.736566543579101562e-02 1.003909587860107422e+00 4.453314244747161865e-01 1.163894295692443848e+00 3.067730665206909180e-01 1.274848356842994690e-02 1.313761770725250244e-01 1.541033387184143066e-01 2.412851452827453613e-01 -3.513669967651367188e-02 1.115688204765319824e+00 2.773757576942443848e-01 7.684451937675476074e-01 3.852061331272125244e-01 -1.465991139411926270e-03 2.074450254440307617e-03 1.170113682746887207e-03 -8.144295215606689453e-02 1.222896575927734375e-02 1.117786169052124023e-01 -1.679556667804718018e-01 -3.954491019248962402e-01 7.843306660652160645e-02
5.555555820465087891e-01 6.666666865348815918e-01 1.421447470784187317e-02 1.232213601469993591e-01 1.144358813762664795e-01 2.746795415878295898e-01 -5.768366158008575439e-02 9.865901470184326172e-01 4.258495569229125977e-01 1.116856217384338379e+00 3.113272190093994141e-01 1.248205080628395081e-02 1.235179156064987183e-01 1.136088445782661438e-01 2.016390562057495117e-01 -4.296946525573730469e-02 1.072032570838928223e+00 2.873979508876800537e-01 7.914665937423706055e-01 3.769523501396179199e-01 -1.732423901557922363e-03 2.965554594993591309e-04 -8.270367980003356934e-04 -7.304048538208007812e-02 1.471419632434844971e-02 8.544242382049560547e-02 -1.384516060352325439e-01 -3.253896236419677734e-01 6.562513113021850586e-02
6.666666865348815918e-01 6.666666865348815918e-01 1.249999832361936569e-02 1.153960153460502625e-01 7.625566422939300537e-02 2.336207181215286255e-01 -5.551856011152267456e-02 9.732995033264160156e-01 4.271129071712493896e-01 1.117826700210571289e+00 3.085846602916717529e-01 1.091844961047172546e-02 1.146563887596130371e-01 7.456118613481521606e-02 1.693586409091949463e-01 -4.292619973421096802e-02 1.005180001258850098e+00 3.220880627632141113e-01 8.730176687240600586e-01 3.552469015121459961e-01 -1.581548713147640228e-03 -7.396265864372253418e-04 -1.694478094577789307e-03 -6.426207721233367920e-02 1.259236037731170654e-02 3.188049793243408203e-02 -1.050248444080352783e-01 -2.448090314865112305e-01 4.666224122047424316e-02
7.777777910232543945e-01 6.666666865348815918e-01 9.277836419641971588e-03 1.083871573209762573e-01 4.844866320490837097e-02 2.071126997470855713e-01 -4.270091280341148376e-02 9.703375697135925293e-01 4.307163655757904053e-01 1.125603675842285156e+00 3.066645860671997070e-01 8.280780166387557983e-03 1.077958345413208008e-01 4.673395305871963501e-02 1.557536423206329346e-01 -3.598268330097198486e-02 9.916857481002807617e-01 3.719544708728790283e-01 9.918571710586547852e-01 3.333045244216918945e-01 -9.970562532544136047e-04 -5.913227796554565430e-04 -1.714710146188735962e-03 -5.135905742645263672e-02 6.718229502439498901e-03 2.134817838668823242e-02 -5.876189470291137695e-02 -1.337465047836303711e-01 2.663993835449218750e-02
8.888888955116271973e-01 6.666666865348815918e-01 4.936633165925741196e-03 1.034068763256072998e-01 3.489273041486740112e-02 1.985883116722106934e-01 -2.583448775112628937e-02 9.790291190147399902e-01 4.327132999897003174e-01 1.131446838378906250e+00 3.073862493038177490e-01 4.792440682649612427e-03 1.037068367004394531e-01 3.498766571283340454e-02 1.603361666202545166e-01 -2.261511050164699554e-02 1.101291537284851074e+00 4.209089279174804688e-01 1.120035886764526367e+00 3.304966092109680176e-01 -1.441924832761287689e-04 2.999603748321533203e-04 9.493529796600341797e-05 -3.825214505195617676e-02 3.219377249479293823e-03 1.222624182701110840e-01 -1.180437207221984863e-02 -1.141095161437988281e-02 2.311035990715026855e-02
1.111111119389533997e-01 7.777777910232543945e-01 2.442736178636550903e-03 1.350842267274856567e-01 1.655221432447433472e-01 3.092311918735504150e-01 5.742374435067176819e-02 1.011966705322265625e+00 4.419253170490264893e-01 1.157310366630554199e+00 3.093958497047424316e-01 1.834999769926071167e-03 1.297587752342224121e-01 1.708966940641403198e-01 2.379929125308990479e-01 4.162969440221786499e-02 1.328894615173339844e+00 3.285185098648071289e-01 9.105247259140014648e-01 3.858042657375335693e-01 -6.077364087104797363e-04 -5.325451493263244629e-03 5.374550819396972656e-03 -7.123827934265136719e-02 -1.579404994845390320e-02 3.169279098510742188e-01 -1.134068071842193604e-01 -2.467856407165527344e-01 7.640841603279113770e-02
2.222222238779067993e-01 7.777777910232543945e-01 4.590842407196760178e-03 1.485794633626937866e-01 1.743043512105941772e-01 3.503247797489166260e-01 2.336815744638442993e-02 1.018378853797912598e+00 4.652641415596008301e-01 1.211321353912353516e+00 3.017566204071044922e-01 3.884490579366683960e-03 1.440987586975097656e-01 1.817038655281066895e-01 2.613213062286376953e-01 1.984302140772342682e-02 1.385662078857421875e+00 3.380226790904998779e-01 9.378105998039245605e-01 3.872006535530090332e-01 -7.063518278300762177e-04 -4.480704665184020996e-03 7.399514317512512207e-03 -8.900347352027893066e-02 -3.525136038661003113e-03 3.672832250595092773e-01 -1.272414624691009521e-01 -2.735107541084289551e-01 8.544403314590454102e-02
3.333333432674407959e-01 7.777777910232543945e-01 6.185225211083889008e-03 1.540875136852264404e-01 1.646952480077743530e-01 3.607938587665557861e-01 -1.963832601904869080e-02 1.016152024269104004e+00 4.893527328968048096e-01 1.264995217323303223e+00 2.925187349319458008e-01 5.270306020975112915e-03 1.504240334033966064e-01 1.771679222583770752e-01 2.617700695991516113e-01 -1.226168312132358551e-02 1.421725869178771973e+00 3.587090969085693359e-01 9.926441311836242676e-01 3.836338818073272705e-01 -9.149191901087760925e-04 -3.663480281829833984e-03 1.247267425060272217e-02 -9.902378916740417480e-02 7.376642897725105286e-03 4.055738449096679688e-01 -1.306436359882354736e-01 -2.723510861396789551e-01 9.111514687538146973e-02
4.444444477558135986e-01 7.777777910232543945e-01 7.033578585833311081e-03 1.514431536197662354e-01 1.477824300527572632e-01 3.235862851142883301e-01 -5.039503425359725952e-02 1.006327986717224121e+00 4.481666982173919678e-01 1.170708894729614258e+00 3.061087727546691895e-01 5.897250026464462280e-03 1.471055448055267334e-01 1.582181155681610107e-01 2.374441176652908325e-01 -3.691310435533523560e-02 1.464421987533569336e+00 3.185903131961822510e-01 8.911469578742980957e-01 3.985781073570251465e-01 -1.136328559368848801e-03 -4.337608814239501953e-03 1.043568551540374756e-02 -8.614216744899749756e-02 1.348192989826202393e-02 4.580940008163452148e-01 -1.295763850212097168e-01 -2.795619368553161621e-01 9.246933460235595703e-02
5.555555820465087891e-01 7.777777910232543945e-01 7.033577654510736465e-03 1.431671082973480225e-01 1.202568635344505310e-01 2.772948145866394043e-01 -6.293251365423202515e-02 9.935035109519958496e-01 4.298925399780273438e-01 1.127109527587890625e+00 3.109200596809387207e-01 5.780193954706192017e-03 1.376353949308395386e-01 1.302731931209564209e-01 2.038374245166778564e-01 -4.672484099864959717e-02 1.475609660148620605e+00 3.143646419048309326e-01 8.805622458457946777e-01 4.005425870418548584e-01 -1.253383699804544449e-03 -5.531713366508483887e-03 1.001632958650588989e-02 -7.345739006996154785e-02 1.620767265558242798e-02 4.821061491966247559e-01 -1.155278980731964111e-01 -2.465472817420959473e-01 8.962252736091613770e-02
6.666666865348815918e-01 7.777777910232543945e-01 6.185224745422601700e-03 1.331318467855453491e-01 9.227018058300018311e-02 2.380437552928924561e-01 -5.949009954929351807e-02 9.836792945861816406e-01 4.314952790737152100e-01 1.129353761672973633e+00 3.086514174938201904e-01 4.999984055757522583e-03 1.272720694541931152e-01 1.029576435685157776e-01 1.794625520706176758e-01 -4.597086459398269653e-02 1.475130915641784668e+00 3.533397018909454346e-01 9.816412925720214844e-01 3.890899419784545898e-01 -1.185240689665079117e-03 -5.859777331352233887e-03 1.068746298551559448e-02 -5.858120322227478027e-02 1.351923495531082153e-02 4.914516210556030273e-01 -7.815557718276977539e-02 -1.477124691009521484e-01 8.043852448463439941e-02
7.777777910232543945e-01 7.777777910232543945e-01 4.590841010212898254e-03 1.247495487332344055e-01 7.339872419834136963e-02 2.147665023803710938e-01 -4.335199296474456787e-02 9.814524650573730469e-01 4.356179833412170410e-01 1.138424038887023926e+00 3.066770136356353760e-01 3.661442548036575317e-03 1.194076836109161377e-01 8.470568805932998657e-02 1.705266684293746948e-01 -3.719102591276168823e-02 1.529705047607421875e+00 4.103301763534545898e-01 1.129956722259521484e+00 3.768872916698455811e-01 -9.293984621763229370e-04 -5.341865122318267822e-03 1.130696386098861694e-02 -4.423983395099639893e-02 6.160967051982879639e-03 5.482525825500488281e-01 -2.528780698776245117e-02 -8.467316627502441406e-03 7.021027803421020508e-02
8.888888955116271973e-01 7.777777910232543945e-01 2.442735247313976288e-03 1.195303574204444885e-01 6.669191271066665649e-02 2.114276736974716187e-01 -2.360690571367740631e-02 9.878647923469543457e-01 4.392125904560089111e-01 1.147565484046936035e+00 3.063896000385284424e-01 1.865979284048080444e-03 1.148425042629241943e-01 7.890907675027847290e-02 1.750957667827606201e-01 -2.312594465911388397e-02 1.684923291206359863e+00 4.596923589706420898e-01 1.264115452766418457e+00 3.749581575393676758e-01 -5.767559632658958435e-04 -4.687853157520294189e-03 1.221716403961181641e-02 -3.633190691471099854e-02 4.809610545635223389e-04 6.970584988594055176e-01 2.047976851463317871e-02 1.165499687194824219e-01 6.856855750083923340e-02
1.111111119389533997e-01 8.888888955116271973e-01 6.498763104900717735e-04 1.556516736745834351e-01 1.421992927789688110e-01 3.006437122821807861e-01 7.424833625555038452e-02 1.006410717964172363e+00 4.378705918788909912e-01 1.147231936454772949e+00 3.100126385688781738e-01 -1.352764666080474854e-04 1.416243314743041992e-01 1.543442606925964355e-01 2.152849733829498291e-01 5.599781125783920288e-02 1.686495661735534668e+00 3.702237010002136230e-01 1.034940361976623535e+00 3.977228105068206787e-01 -7.851527770981192589e-04 -1.402734220027923584e-02 1.214496791362762451e-02 -8.535873889923095703e-02 -1.825052499771118164e-02 6.800849437713623047e-01 -6.764689087867736816e-02 -1.122915744781494141e-01 8.771017193794250488e-02
2.222222238779067993e-01 8.888888955116271973e-01 1.221367856487631798e-03 1.717504113912582397e-01 1.578019708395004272e-01 3.406964838504791260e-01 3.605251386761665344e-02 1.009822607040405273e+00 4.435868859291076660e-01 1.160792708396911621e+00 3.084163963794708252e-01 7.272772490978240967e-04 1.569818556308746338e-01 1.716533005237579346e-01 2.401557713747024536e-01 3.027519024908542633e-02 1.802419185638427734e+00 3.580663204193115234e-01 1.007483839988708496e+00 4.068396985530853271e-01 -4.940906073898077011e-04 -1.476855576038360596e-02 1.385132968425750732e-02 -1.005407124757766724e-01 -5.777323618531227112e-03 7.925965785980224609e-01 -8.552056550979614258e-02 -1.533088684082031250e-01 9.842330217361450195e-02
3.333333432674407959e-01 8.888888955116271973e-01 1.645544543862342834e-03 1.778106987476348877e-01 1.575502306222915649e-01 3.484951555728912354e-01 -1.024960912764072418e-02 1.008637666702270508e+00 4.493914842605590820e-01 1.173842072486877441e+00 3.060350418090820312e-01 1.287501305341720581e-03 1.633132100105285645e-01 1.757695972919464111e-01 2.445431202650070190e-01 -6.280360743403434753e-03 1.906102061271667480e+00 3.545221984386444092e-01 1.001477241516113281e+00 4.124323427677154541e-01 -3.580432385206222534e-04 -1.449748873710632324e-02 1.821936666965484619e-02 -1.039520353078842163e-01 3.969248384237289429e-03 8.974643945693969727e-01 -9.486928582191467285e-02 -1.723648309707641602e-01 1.063973009586334229e-01
4.444444477558135986e-01 8.888888955116271973e-01 1.871244283393025398e-03 1.737534850835800171e-01 1.451618671417236328e-01 3.204237520694732666e-01 -4.671724140644073486e-02 1.003410339355468750e+00 4.370261728763580322e-01 1.144866466522216797e+00 3.098374307155609131e-01 1.541491597890853882e-03 1.590502709150314331e-01 1.659545898437500000e-01 2.279667854309082031e-01 -3.508026152849197388e-02 2.002440452575683594e+00 3.401524126529693604e-01 9.657723903656005859e-01 4.196170568466186523e-01 -3.297526855021715164e-04 -1.470321416854858398e-02 2.079272270202636719e-02 -9.245696663856506348e-02 1.163697987794876099e-02 9.990301132202148438e-01 -9.687376022338867188e-02 -1.790940761566162109e-01 1.097796261310577393e-01
5.555555820465087891e-01 8.888888955116271973e-01 1.871244050562381744e-03 1.629439592361450195e-01 1.239729300141334534e-01 2.779396772384643555e-01 -6.291540712118148804e-02 9.965866804122924805e-01 4.318402409553527832e-01 1.132013082504272461e+00 3.106849789619445801e-01 1.510199159383773804e-03 1.482134759426116943e-01 1.471077501773834229e-01 2.038480639457702637e-01 -4.769179970026016235e-02 2.094739675521850586e+00 3.505396544933319092e-01 9.960579276084899902e-01 4.207492470741271973e-01 -3.610448911786079407e-04 -1.473048329353332520e-02 2.313482016324996948e-02 -7.409161329269409180e-02 1.522360742092132568e-02 1.098152995109558105e+00 -8.130058646202087402e-02 -1.359551548957824707e-01 1.100642681121826172e-01
6.666666865348815918e-01 8.888888955116271973e-01 1.645544311031699181e-03 1.504400074481964111e-01 1.034293621778488159e-01 2.392389923334121704e-01 -5.823873355984687805e-02 9.913594126701354980e-01 4.329733848571777344e-01 1.133851408958435059e+00 3.093776702880859375e-01 1.225944608449935913e-03 1.366498023271560669e-01 1.288197338581085205e-01 1.867619454860687256e-01 -4.598513245582580566e-02 2.205456733703613281e+00 3.912205100059509277e-01 1.108138203620910645e+00 4.162578284740447998e-01 -4.195997025817632675e-04 -1.379020512104034424e-02 2.539037168025970459e-02 -5.247704684734344482e-02 1.225360110402107239e-02 1.214097261428833008e+00 -4.175287485122680664e-02 -2.571320533752441406e-02 1.068801581859588623e-01
7.777777910232543945e-01 8.888888955116271973e-01 1.221367507241666317e-03 1.406256109476089478e-01 9.131317585706710815e-02 2.177510559558868408e-01 -3.910619020462036133e-02 9.901744723320007324e-01 4.351855814456939697e-01 1.138731122016906738e+00 3.083282113075256348e-01 7.223449647426605225e-04 1.280466914176940918e-01 1.181758418679237366e-01 1.814660131931304932e-01 -3.399227559566497803e-02 2.342348814010620117e+00 4.395077526569366455e-01 1.240910291671752930e+00 4.117046892642974854e-01 -4.990225424990057945e-04 -1.257891952991485596e-02 2.686266601085662842e-02 -3.628504276275634766e-02 5.113914608955383301e-03 1.352174282073974609e+00 4.322171211242675781e-03 1.021791696548461914e-01 1.033764779567718506e-01
8.888888955116271973e-01 8.888888955116271973e-01 6.498760194517672062e-04 1.353364288806915283e-01 9.004023671150207520e-02 2.180640250444412231e-01 -1.764380745589733124e-02 9.935863614082336426e-01 4.371336996555328369e-01 1.143678426742553711e+00 3.081564903259277344e-01 2.938136458396911621e-05 1.231994777917861938e-01 1.167382076382637024e-01 1.844612807035446167e-01 -1.792579703032970428e-02 2.505718946456909180e+00 4.749653637409210205e-01 1.340215682983398438e+00 4.108562171459197998e-01 -6.204946548677980900e-04 -1.213695108890533447e-02 2.669797092676162720e-02 -3.360274434089660645e-02 -2.819895744323730469e-04 1.512132644653320312e+00 3.783166408538818359e-02 1.965372562408447266e-01 1.026997268199920654e-01
