# x y true_fields pred_fields error_fields
1.111111119389533997e-01 1.111111119389533997e-01 5.199013277888298035e-03 1.834546960890293121e-02 1.250389814376831055e-01 2.070720046758651733e-01 1.798106543719768524e-02 6.730788946151733398e-01 3.371332585811614990e-01 8.666957616806030273e-01 2.853902578353881836e-01 5.568495951592922211e-03 1.921444758772850037e-02 1.077503710985183716e-01 1.436636596918106079e-01 7.658876478672027588e-03 5.761582255363464355e-01 1.210660189390182495e-01 3.394241034984588623e-01 4.018139839172363281e-01 3.694826737046241760e-04 8.689779788255691528e-04 -1.728861033916473389e-02 -6.340834498405456543e-02 -1.032218895852565765e-02 -9.692066907882690430e-02 -2.160672396421432495e-01 -5.272716283798217773e-01 1.164237260818481445e-01
2.222222238779067993e-01 1.111111119389533997e-01 9.770948439836502075e-03 1.976666413247585297e-02 1.226828992366790771e-01 2.188857495784759521e-01 2.825987152755260468e-02 6.764907240867614746e-01 3.351877033710479736e-01 8.630257844924926758e-01 2.873768210411071777e-01 8.687478490173816681e-03 2.012861147522926331e-02 1.048350483179092407e-01 1.443293094635009766e-01 1.198799163103103638e-02 5.474630594253540039e-01 1.228953599929809570e-01 3.430189490318298340e-01 3.955731987953186035e-01 -1.083469949662685394e-03 3.619473427534103394e-04 -1.784785091876983643e-02 -7.455644011497497559e-02 -1.627187989652156830e-02 -1.290276646614074707e-01 -2.122923433780670166e-01 -5.200068354606628418e-01 1.081963777542114258e-01
3.333333432674407959e-01 1.111111119389533997e-01 1.316436287015676498e-02 2.072950266301631927e-02 1.121711805462837219e-01 2.217943072319030762e-01 3.496995195746421814e-02 6.753002405166625977e-01 3.329732418060302734e-01 8.579144477844238281e-01 2.882634401321411133e-01 1.133291516453027725e-02 2.066922932863235474e-02 8.838881552219390869e-02 1.399186551570892334e-01 1.532763987779617310e-02 4.825620353221893311e-01 1.436671465635299683e-01 3.920907080173492432e-01 3.645802140235900879e-01 -1.831447705626487732e-03 -6.027333438396453857e-05 -2.378236502408981323e-02 -8.187565207481384277e-02 -1.964231207966804504e-02 -1.927382051944732666e-01 -1.893060952425003052e-01 -4.658237397670745850e-01 7.631677389144897461e-02
4.444444477558135986e-01 1.111111119389533997e-01 1.496996171772480011e-02 2.112803980708122253e-02 9.492533653974533081e-02 2.160123586654663086e-01 3.757469728589057922e-02 6.699374318122863770e-01 3.315275609493255615e-01 8.537524342536926270e-01 2.876039445400238037e-01 1.296767685562372208e-02 2.072234824299812317e-02 6.135280430316925049e-02 1.156910657882690430e-01 1.874006539583206177e-02 3.797379136085510254e-01 1.423208415508270264e-01 3.795461654663085938e-01 3.334174752235412598e-01 -2.002284862101078033e-03 -4.056915640830993652e-04 -3.357253223657608032e-02 -1.003212928771972656e-01 -1.883463189005851746e-02 -2.901995182037353516e-01 -1.892067193984985352e-01 -4.742062687873840332e-01 4.581353068351745605e-02
5.555555820465087891e-01 1.111111119389533997e-01 1.496995985507965088e-02 2.095914073288440704e-02 7.373087853193283081e-02 2.037989944219589233e-01 3.596707433462142944e-02 6.622116565704345703e-01 3.315276801586151123e-01 8.523445725440979004e-01 2.854802906513214111e-01 1.330843660980463028e-02 2.021002396941184998e-02 2.932397834956645966e-02 1.074654161930084229e-01 2.201846987009048462e-02 2.905721366405487061e-01 1.949427723884582520e-01 4.779449999332427979e-01 2.258597761392593384e-01 -1.661523245275020599e-03 -7.491167634725570679e-04 -4.440689831972122192e-02 -9.633357822895050049e-02 -1.394860446453094482e-02 -3.716395199298858643e-01 -1.365849077701568604e-01 -3.743995726108551025e-01 -5.962051451206207275e-02
6.666666865348815918e-01 1.111111119389533997e-01 1.316436100751161575e-02 2.030183561146259308e-02 5.216872319579124451e-02 1.884678602218627930e-01 3.032080642879009247e-02 6.557849049568176270e-01 3.329736888408660889e-01 8.543267250061035156e-01 2.828742265701293945e-01 1.228402648121118546e-02 1.910030469298362732e-02 1.655649393796920776e-04 1.036491692066192627e-01 2.404803782701492310e-02 2.214738130569458008e-01 2.539880871772766113e-01 5.512414574623107910e-01 8.517184108495712280e-02 -8.803345263004302979e-04 -1.201530918478965759e-03 -5.200316011905670166e-02 -8.481869101524353027e-02 -6.272768601775169373e-03 -4.343110918998718262e-01 -7.898560166358947754e-02 -3.030852675437927246e-01 -1.977023780345916748e-01
7.777777910232543945e-01 1.111111119389533997e-01 9.770944714546203613e-03 1.928033865988254547e-02 3.368616476655006409e-02 1.730692386627197266e-01 2.108961716294288635e-02 6.554397940635681152e-01 3.351891338825225830e-01 8.591177463531494141e-01 2.815416753292083740e-01 9.985686279833316803e-03 1.785955950617790222e-02 -1.959443278610706329e-02 1.101473271846771240e-01 2.203158289194107056e-02 1.916087418794631958e-01 3.179813027381896973e-01 6.141883730888366699e-01 -3.423826768994331360e-02 2.147415652871131897e-04 -1.420779153704643250e-03 -5.328059941530227661e-02 -6.292191147804260254e-02 9.419657289981842041e-04 -4.638310670852661133e-01 -1.720783114433288574e-02 -2.449293732643127441e-01 -3.157799541950225830e-01
8.888888955116271973e-01 1.111111119389533997e-01 5.199010483920574188e-03 1.802804507315158844e-02 2.020761743187904358e-02 1.589052528142929077e-01 9.134397841989994049e-03 6.599991917610168457e-01 3.371373116970062256e-01 8.642541170120239258e-01 2.817537784576416016e-01 6.616369821131229401e-03 1.683829352259635925e-02 -2.810449339449405670e-02 1.153663545846939087e-01 1.368937641382217407e-02 2.089797407388687134e-01 3.522185087203979492e-01 6.765598058700561523e-01 -3.957369551062583923e-02 1.417359337210655212e-03 -1.189751550555229187e-03 -4.831211268901824951e-02 -4.353889822959899902e-02 4.554978571832180023e-03 -4.510194659233093262e-01 1.508119702339172363e-02 -1.876943111419677734e-01 -3.213274776935577393e-01
1.111111119389533997e-01 2.222222238779067993e-01 8.549579419195652008e-03 3.700836375355720520e-02 1.601393371820449829e-01 2.248333841562271118e-01 1.759892702102661133e-02 6.787198185920715332e-01 3.383609056472778320e-01 8.704370260238647461e-01 2.862552404403686523e-01 9.721384383738040924e-03 3.857987001538276672e-02 1.482219249010086060e-01 1.649305969476699829e-01 5.041189491748809814e-03 6.585599184036254883e-01 8.005089312791824341e-02 2.308010458946228027e-01 4.415894746780395508e-01 1.171804964542388916e-03 1.571506261825561523e-03 -1.191741228103637695e-02 -5.990278720855712891e-02 -1.255773752927780151e-02 -2.015990018844604492e-02 -2.583100199699401855e-01 -6.396359801292419434e-01 1.553342342376708984e-01
2.222222238779067993e-01 2.222222238779067993e-01 1.606795378029346466e-02 4.001965001225471497e-02 1.532635986804962158e-01 2.366030812263488770e-01 2.077314071357250214e-02 6.851307749748229980e-01 3.352167010307312012e-01 8.646354675292968750e-01 2.896665334701538086e-01 1.635200157761573792e-02 4.089748486876487732e-02 1.405744701623916626e-01 1.643130481243133545e-01 8.212812244892120361e-03 6.076920032501220703e-01 9.202665090560913086e-02 2.628134489059448242e-01 4.279203116893768311e-01 2.840477973222732544e-04 8.778348565101623535e-04 -1.268912851810455322e-02 -7.229003310203552246e-02 -1.256032846868038177e-02 -7.743877172470092773e-02 -2.431900501251220703e-01 -6.018220186233520508e-01 1.382537782192230225e-01
3.333333432674407959e-01 2.222222238779067993e-01 2.164829708635807037e-02 4.188667237758636475e-02 1.330016851425170898e-01 2.344375848770141602e-01 2.123090066015720367e-02 6.828029751777648926e-01 3.313310146331787109e-01 8.555994629859924316e-01 2.911551296710968018e-01 2.176028117537498474e-02 4.266817122697830200e-02 1.141501814126968384e-01 1.521185636520385742e-01 1.002401858568191528e-02 5.255538821220397949e-01 1.184792742133140564e-01 3.305950164794921875e-01 3.951598107814788818e-01 1.119840890169143677e-04 7.814988493919372559e-04 -1.885150372982025146e-02 -8.231902122497558594e-02 -1.120688207447528839e-02 -1.572490930557250977e-01 -2.128517329692840576e-01 -5.250044465065002441e-01 1.040046811103820801e-01
4.444444477558135986e-01 2.222222238779067993e-01 2.461753226816654205e-02 4.242497682571411133e-02 1.019695773720741272e-01 2.195290029048919678e-01 1.957229152321815491e-02 6.704893708229064941e-01 3.287535607814788818e-01 8.477110862731933594e-01 2.892805039882659912e-01 2.475570142269134521e-02 4.317091777920722961e-02 7.386098802089691162e-02 1.155335158109664917e-01 1.154620200395584106e-02 4.049411714076995850e-01 1.109015941619873047e-01 3.048728406429290771e-01 3.745197057723999023e-01 1.381691545248031616e-04 7.459409534931182861e-04 -2.810858935117721558e-02 -1.039954870939254761e-01 -8.026089519262313843e-03 -2.655481994152069092e-01 -2.178519666194915771e-01 -5.428382158279418945e-01 8.523920178413391113e-02
5.555555820465087891e-01 2.222222238779067993e-01 2.461753226816654205e-02 4.174938052892684937e-02 6.389926373958587646e-02 1.954201012849807739e-01 1.638724841177463531e-02 6.411066055297851562e-01 3.288202583789825439e-01 8.424340486526489258e-01 2.809948027133941650e-01 2.476868778467178345e-02 4.223811253905296326e-02 2.597541920840740204e-02 9.402510523796081543e-02 1.257825642824172974e-02 2.724975943565368652e-01 1.589594185352325439e-01 3.992458879947662354e-01 2.558107376098632812e-01 1.511555165052413940e-04 4.887320101261138916e-04 -3.792384266853332520e-02 -1.013949960470199585e-01 -3.808991983532905579e-03 -3.686090111732482910e-01 -1.698608398437500000e-01 -4.431881606578826904e-01 -2.518406510353088379e-02
6.666666865348815918e-01 2.222222238779067993e-01 2.164829522371292114e-02 4.017600417137145996e-02 2.741012349724769592e-02 1.707857847213745117e-01 1.198695413768291473e-02 6.092614531517028809e-01 3.315677940845489502e-01 8.419670462608337402e-01 2.696755230426788330e-01 2.185125648975372314e-02 4.019729420542716980e-02 -1.810445077717304230e-02 8.113493025302886963e-02 1.113677769899368286e-02 1.304626762866973877e-01 2.144346386194229126e-01 4.156025350093841553e-01 -3.093417361378669739e-02 2.029612660408020020e-04 2.129003405570983887e-05 -4.551457613706588745e-02 -8.965085446834564209e-02 -8.501764386892318726e-04 -4.787987768650054932e-01 -1.171331554651260376e-01 -4.263645112514495850e-01 -3.006097078323364258e-01
7.777777910232543945e-01 2.222222238779067993e-01 1.606794819235801697e-02 3.807435184717178345e-02 2.176783978939056396e-03 1.546825617551803589e-01 6.441341247409582138e-03 6.224513649940490723e-01 3.357439935207366943e-01 8.537335991859436035e-01 2.714055478572845459e-01 1.649381220340728760e-02 3.793753311038017273e-02 -4.623264819383621216e-02 8.920173346996307373e-02 6.604023277759552002e-03 7.374027371406555176e-02 2.803588509559631348e-01 3.709553182125091553e-01 -3.384276926517486572e-01 4.258640110492706299e-04 -1.368187367916107178e-04 -4.840943217277526855e-02 -6.548082828521728516e-02 1.626820303499698639e-04 -5.487110614776611328e-01 -5.538514256477355957e-02 -4.827782809734344482e-01 -6.098332405090332031e-01
8.888888955116271973e-01 2.222222238779067993e-01 8.549575693905353546e-03 3.573866188526153564e-02 -1.443383097648620605e-02 1.428913325071334839e-01 -1.595416542841121554e-04 6.499303579330444336e-01 3.394104242324829102e-01 8.672623634338378906e-01 2.776012122631072998e-01 9.392634965479373932e-03 3.598801419138908386e-02 -6.159805506467819214e-02 9.972579777240753174e-02 -8.897110819816589355e-04 6.661900877952575684e-02 3.285730779170989990e-01 3.728078901767730713e-01 -4.326864778995513916e-01 8.430592715740203857e-04 2.493523061275482178e-04 -4.716422408819198608e-02 -4.316553473472595215e-02 -7.301694131456315517e-04 -5.833113193511962891e-01 -1.083734631538391113e-02 -4.944544732570648193e-01 -7.102876901626586914e-01
1.111111119389533997e-01 3.333333432674407959e-01 9.873271919786930084e-03 5.598868429660797119e-02 1.754754185676574707e-01 2.310776114463806152e-01 1.698016747832298279e-02 6.830290555953979492e-01 3.194404244422912598e-01 8.290737271308898926e-01 2.976968288421630859e-01 1.042127702385187149e-02 5.668764933943748474e-02 1.635798960924148560e-01 1.686078757047653198e-01 3.105558454990386963e-03 6.789293289184570312e-01 4.158799722790718079e-02 1.222674697637557983e-01 4.699851870536804199e-01 5.480051040649414062e-04 6.989650428295135498e-04 -1.189552247524261475e-02 -6.246973574161529541e-02 -1.387460902333259583e-02 -4.099726676940917969e-03 -2.778524160385131836e-01 -7.068062424659729004e-01 1.722883582115173340e-01
2.222222238779067993e-01 3.333333432674407959e-01 1.855568028986454010e-02 6.075897067785263062e-02 1.680027097463607788e-01 2.445410341024398804e-01 1.293124724179506302e-02 6.916645169258117676e-01 3.205935060977935791e-01 8.330686092376708984e-01 2.992599606513977051e-01 1.927706599235534668e-02 6.071491166949272156e-02 1.541521698236465454e-01 1.690183430910110474e-01 4.392959177494049072e-03 6.335924267768859863e-01 7.585003972053527832e-02 2.188182473182678223e-01 4.424398243427276611e-01 7.213857024908065796e-04 -4.405900835990905762e-05 -1.385053992271423340e-02 -7.552269101142883301e-02 -8.538288064301013947e-03 -5.807209014892578125e-02 -2.447434663772583008e-01 -6.142503619194030762e-01 1.431798636913299561e-01
3.333333432674407959e-01 3.333333432674407959e-01 2.500000223517417908e-02 6.347151100635528564e-02 1.437417119741439819e-01 2.403262406587600708e-01 6.981687620282173157e-03 6.883466839790344238e-01 3.201491236686706543e-01 8.315324783325195312e-01 2.986643314361572266e-01 2.625029161572456360e-02 6.378036737442016602e-02 1.242044419050216675e-01 1.543405950069427490e-01 3.600843250751495361e-03 5.623251199722290039e-01 1.094136834144592285e-01 3.082486689090728760e-01 4.086386263370513916e-01 1.250289380550384521e-03 3.088563680648803711e-04 -1.953727006912231445e-02 -8.598564565181732178e-02 -3.380844369530677795e-03 -1.260215640068054199e-01 -2.107354402542114258e-01 -5.232838392257690430e-01 1.099742949008941650e-01
4.444444477558135986e-01 3.333333432674407959e-01 2.842895314097404480e-02 6.389081478118896484e-02 1.052174940705299377e-01 2.194444239139556885e-01 9.852466173470020294e-04 6.672764420509338379e-01 3.204940855503082275e-01 8.287920951843261719e-01 2.929913103580474854e-01 3.000724688172340393e-02 6.467059254646301270e-02 7.860277593135833740e-02 1.115066111087799072e-01 1.705504953861236572e-03 4.414336681365966797e-01 9.533126652240753174e-02 2.667887210845947266e-01 3.992718756198883057e-01 1.578293740749359131e-03 7.797777652740478516e-04 -2.661471813917160034e-02 -1.079378128051757812e-01 7.202583365142345428e-04 -2.258427739143371582e-01 -2.251628190279006958e-01 -5.620033740997314453e-01 1.062805652618408203e-01
5.555555820465087891e-01 3.333333432674407959e-01 2.842894941568374634e-02 6.237072870135307312e-02 5.445099622011184692e-02 1.841934621334075928e-01 -3.710692515596747398e-03 5.978924632072448730e-01 3.234179317951202393e-01 8.220330476760864258e-01 2.708525955677032471e-01 2.992253005504608154e-02 6.323204934597015381e-02 2.225106768310070038e-02 7.993562519550323486e-02 -1.810416579246520996e-04 2.713177204132080078e-01 1.454963982105255127e-01 3.702975213527679443e-01 2.725314497947692871e-01 1.493580639362335205e-03 8.613206446170806885e-04 -3.219992667436599731e-02 -1.042578369379043579e-01 3.529650857672095299e-03 -3.265747427940368652e-01 -1.779215335845947266e-01 -4.517355263233184814e-01 1.678854227066040039e-03
6.666666865348815918e-01 3.333333432674407959e-01 2.500000037252902985e-02 5.962250754237174988e-02 7.967282086610794067e-03 1.517322510480880737e-01 -6.607891991734504700e-03 5.153606534004211426e-01 3.290734589099884033e-01 8.139718174934387207e-01 2.367630600929260254e-01 2.608120813965797424e-02 6.020336970686912537e-02 -2.799689956009387970e-02 6.212678179144859314e-02 -2.462290227413177490e-03 7.658437639474868774e-02 2.024450004100799561e-01 3.228545188903808594e-01 -2.026117742061614990e-01 1.081207767128944397e-03 5.808621644973754883e-04 -3.596418350934982300e-02 -8.960546553134918213e-02 4.145601764321327209e-03 -4.387762844562530518e-01 -1.266284584999084473e-01 -4.911172986030578613e-01 -4.393748342990875244e-01
7.777777910232543945e-01 3.333333432674407959e-01 1.855567470192909241e-02 5.638204142451286316e-02 -1.531005650758743286e-02 1.406071782112121582e-01 -8.009299635887145996e-03 5.608739852905273438e-01 3.359513282775878906e-01 8.401167392730712891e-01 2.503548562526702881e-01 1.909622550010681152e-02 5.691764876246452332e-02 -5.437877774238586426e-02 7.676990330219268799e-02 -5.685977637767791748e-03 4.148922115564346313e-02 2.784949839115142822e-01 2.580657601356506348e-01 -5.366778969764709473e-01 5.405507981777191162e-04 5.356073379516601562e-04 -3.906872123479843140e-02 -6.383727490901947021e-02 2.323321998119354248e-03 -5.193847417831420898e-01 -5.745634436607360840e-02 -5.820509791374206543e-01 -7.870327234268188477e-01
8.888888955116271973e-01 3.333333432674407959e-01 9.873267263174057007e-03 5.313185602426528931e-02 -2.971149981021881104e-02 1.345020532608032227e-01 -8.734902366995811462e-03 6.358060836791992188e-01 3.416403830051422119e-01 8.692317605018615723e-01 2.721444070339202881e-01 9.862081147730350494e-03 5.408516153693199158e-02 -7.213674485683441162e-02 9.323483705520629883e-02 -8.422397077083587646e-03 4.148922115564346313e-02 3.399698138236999512e-01 2.733322679996490479e-01 -5.980051159858703613e-01 -1.118611544370651245e-05 9.533055126667022705e-04 -4.242524504661560059e-02 -4.126721620559692383e-02 3.125052899122238159e-04 -5.943168401718139648e-01 -1.670569181442260742e-03 -5.958994626998901367e-01 -8.701494932174682617e-01
1.111111119389533997e-01 4.444444477558135986e-01 9.356226772069931030e-03 7.528643310070037842e-02 1.741465926170349121e-01 2.356242686510086060e-01 1.949526928365230560e-02 6.921546459197998047e-01 3.257948458194732666e-01 8.448314666748046875e-01 2.965696752071380615e-01 8.739576674997806549e-03 7.444119453430175781e-02 1.386963576078414917e-01 1.654051989316940308e-01 4.041083157062530518e-03 5.532465577125549316e-01 1.648019999265670776e-01 4.497486948966979980e-01 3.645122945308685303e-01 -6.166500970721244812e-04 -8.452385663986206055e-04 -3.545023500919342041e-02 -7.021906971931457520e-02 -1.545418612658977509e-02 -1.389080882072448730e-01 -1.609928458929061890e-01 -3.950827717781066895e-01 6.794261932373046875e-02
2.222222238779067993e-01 4.444444477558135986e-01 1.758395321667194366e-02 8.198460936546325684e-02 1.687992513179779053e-01 2.498263120651245117e-01 8.009478449821472168e-03 7.019767165184020996e-01 3.180404305458068848e-01 8.289345502853393555e-01 3.031904101371765137e-01 1.736966520547866821e-02 8.010607212781906128e-02 1.350712031126022339e-01 1.671192795038223267e-01 2.577848732471466064e-03 5.603027939796447754e-01 1.428191810846328735e-01 3.949042856693267822e-01 3.825324773788452148e-01 -2.142880111932754517e-04 -1.878537237644195557e-03 -3.372804820537567139e-02 -8.270703256130218506e-02 -5.431629717350006104e-03 -1.416739225387573242e-01 -1.752212494611740112e-01 -4.340302646160125732e-01 7.934206724166870117e-02
3.333333432674407959e-01 4.444444477558135986e-01 2.369079552590847015e-02 8.548400551080703735e-02 1.459837704896926880e-01 2.439892441034317017e-01 -4.369670525193214417e-03 6.983936429023742676e-01 3.119868338108062744e-01 8.146530389785766602e-01 3.055888712406158447e-01 2.377144992351531982e-02 8.399674296379089355e-02 1.083290427923202515e-01 1.528296917676925659e-01 -2.079896628856658936e-03 5.150265097618103027e-01 1.536000370979309082e-01 4.191331267356872559e-01 3.643652200698852539e-01 8.065439760684967041e-05 -1.487262547016143799e-03 -3.765472769737243652e-02 -9.115955233573913574e-02 2.289773896336555481e-03 -1.833671331405639648e-01 -1.583867967128753662e-01 -3.955199122428894043e-01 5.877634882926940918e-02
4.444444477558135986e-01 4.444444477558135986e-01 2.694017812609672546e-02 8.552554994821548462e-02 1.087772920727729797e-01 2.203150093555450439e-01 -1.457812078297138214e-02 6.791164278984069824e-01 3.088845014572143555e-01 8.046584129333496094e-01 3.025231659412384033e-01 2.714371681213378906e-02 8.459939062595367432e-02 6.508515775203704834e-02 1.101038604974746704e-01 -8.801035583019256592e-03 4.007517695426940918e-01 1.362782567739486694e-01 3.672106564044952393e-01 3.472825586795806885e-01 2.035386860370635986e-04 -9.261593222618103027e-04 -4.369213432073593140e-02 -1.102111488580703735e-01 5.777085199952125549e-03 -2.783646583557128906e-01 -1.726062446832656860e-01 -4.374477565288543701e-01 4.475939273834228516e-02
5.555555820465087891e-01 4.444444477558135986e-01 2.694017626345157623e-02 8.282317221164703369e-02 6.188413500785827637e-02 1.858423054218292236e-01 -2.082047425210475922e-02 6.313620805740356445e-01 3.126539289951324463e-01 8.050701022148132324e-01 2.874779701232910156e-01 2.716531231999397278e-02 8.198790252208709717e-02 1.443537138402462006e-02 8.111049234867095947e-02 -1.550289243459701538e-02 2.492242008447647095e-01 1.821150332689285278e-01 4.393339753150939941e-01 2.061989903450012207e-01 2.251360565423965454e-04 -8.352696895599365234e-04 -4.744876176118850708e-02 -1.047318130731582642e-01 5.317581817507743835e-03 -3.821378946304321289e-01 -1.305388957262039185e-01 -3.657361268997192383e-01 -8.127897977828979492e-02
6.666666865348815918e-01 4.444444477558135986e-01 2.369079366326332092e-02 7.864134013652801514e-02 1.822815090417861938e-02 1.551354378461837769e-01 -2.253338508307933807e-02 5.789321064949035645e-01 3.225668668746948242e-01 8.161254525184631348e-01 2.650485634803771973e-01 2.392077073454856873e-02 7.752417027950286865e-02 -2.860724739730358124e-02 6.640248000621795654e-02 -1.845984905958175659e-02 8.285754173994064331e-02 2.394431233406066895e-01 3.658837378025054932e-01 -2.359694689512252808e-01 2.299770712852478027e-04 -1.117169857025146484e-03 -4.683540016412734985e-02 -8.873295783996582031e-02 4.073536023497581482e-03 -4.960745573043823242e-01 -8.312374353408813477e-02 -4.502417147159576416e-01 -5.010180473327636719e-01
7.777777910232543945e-01 4.444444477558135986e-01 1.758394762873649597e-02 7.420340180397033691e-02 -9.247064590454101562e-03 1.410590857267379761e-01 -2.025571092963218689e-02 6.016888618469238281e-01 3.354475498199462891e-01 8.486351370811462402e-01 2.649296820163726807e-01 1.779460161924362183e-02 7.313825190067291260e-02 -5.429056286811828613e-02 7.872964441776275635e-02 -1.654215902090072632e-02 4.148922115564346313e-02 3.124940991401672363e-01 2.670399248600006104e-01 -5.727280378341674805e-01 2.106539905071258545e-04 -1.065149903297424316e-03 -4.504349827766418457e-02 -6.232944130897521973e-02 3.713551908731460571e-03 -5.601996183395385742e-01 -2.295345067977905273e-02 -5.815951824188232422e-01 -8.376576900482177734e-01
8.888888955116271973e-01 4.444444477558135986e-01 9.356222115457057953e-03 7.020761817693710327e-02 -2.641450613737106323e-02 1.355322897434234619e-01 -1.568151824176311493e-02 6.472718119621276855e-01 3.475084304809570312e-01 8.842749595642089844e-01 2.723071575164794922e-01 9.368174709379673004e-03 6.976105272769927979e-02 -7.225735485553741455e-02 9.455142915248870850e-02 -1.113333553075790405e-02 4.148922115564346313e-02 3.646911084651947021e-01 2.783896625041961670e-01 -6.183212399482727051e-01 1.195259392261505127e-05 -4.465654492378234863e-04 -4.584284871816635132e-02 -4.098086059093475342e-02 4.548182711005210876e-03 -6.057825684547424316e-01 1.718267798423767090e-02 -6.058852672576904297e-01 -8.906283974647521973e-01
1.111111119389533997e-01 5.555555820465087891e-01 7.484979461878538132e-03 9.490160644054412842e-02 1.968583166599273682e-01 2.933504283428192139e-01 3.163376078009605408e-02 8.685744404792785645e-01 4.256051778793334961e-01 1.097547769546508789e+00 2.893967032432556152e-01 6.681756116449832916e-03 9.440101683139801025e-02 1.636663824319839478e-01 2.090471386909484863e-01 1.138431578874588013e-02 6.536946296691894531e-01 1.823522746562957764e-01 5.005161166191101074e-01 3.723878562450408936e-01 -8.032233454287052155e-04 -5.005896091461181641e-04 -3.319193422794342041e-02 -8.430328965187072754e-02 -2.024944499135017395e-02 -2.148798108100891113e-01 -2.432529032230377197e-01 -5.970316529273986816e-01 8.299115300178527832e-02
2.222222238779067993e-01 5.555555820465087891e-01 1.406716089695692062e-02 1.036965698003768921e-01 1.937155425548553467e-01 3.167869150638580322e-01 8.819379843771457672e-03 8.783982992172241211e-01 4.245930016040802002e-01 1.097022533416748047e+00 2.918517589569091797e-01 1.327677164226770401e-02 1.022773534059524536e-01 1.594938486814498901e-01 2.214558422565460205e-01 5.490310490131378174e-03 6.411836147308349609e-01 1.828210800886154175e-01 5.008597970008850098e-01 3.698085546493530273e-01 -7.903892546892166138e-04 -1.419216394424438477e-03 -3.422169387340545654e-02 -9.533107280731201172e-02 -3.329069353640079498e-03 -2.372146844863891602e-01 -2.417719215154647827e-01 -5.961627364158630371e-01 7.795679569244384766e-02
3.333333432674407959e-01 5.555555820465087891e-01 1.895263418555259705e-02 1.079241782426834106e-01 1.704490035772323608e-01 3.135376274585723877e-01 -1.588157005608081818e-02 8.749706149101257324e-01 4.220660030841827393e-01 1.090804815292358398e+00 2.922206819057464600e-01 1.778267323970794678e-02 1.070128083229064941e-01 1.303373575210571289e-01 2.143982797861099243e-01 -5.003832280635833740e-03 5.800429582595825195e-01 2.090559750795364380e-01 5.599021911621093750e-01 3.391204476356506348e-01 -1.169960945844650269e-03 -9.113699197769165039e-04 -4.011164605617523193e-02 -9.913934767246246338e-02 1.087773777544498444e-02 -2.949276566505432129e-01 -2.130100280046463013e-01 -5.309026241302490234e-01 4.689976572990417480e-02
4.444444477558135986e-01 5.555555820465087891e-01 2.155214175581932068e-02 1.073291972279548645e-01 1.333785653114318848e-01 2.815499007701873779e-01 -3.393103182315826416e-02 8.595285415649414062e-01 4.003461897373199463e-01 1.039627909660339355e+00 2.984111905097961426e-01 1.999740302562713623e-02 1.068740636110305786e-01 8.300947397947311401e-02 1.708861440420150757e-01 -1.787938922643661499e-02 4.675953388214111328e-01 2.035025060176849365e-01 5.331615805625915527e-01 3.099633157253265381e-01 -1.554738730192184448e-03 -4.551336169242858887e-04 -5.036909133195877075e-02 -1.106637567281723022e-01 1.605164259672164917e-02 -3.919332027435302734e-01 -1.968436837196350098e-01 -5.064663290977478027e-01 1.155212521553039551e-02
5.555555820465087891e-01 5.555555820465087891e-01 2.155213989317417145e-02 1.031067222356796265e-01 8.897254616022109985e-02 2.394276857376098633e-01 -4.232584685087203979e-02 8.372817039489746094e-01 3.883102238178253174e-01 1.008954763412475586e+00 2.991606593132019043e-01 1.992441713809967041e-02 1.024494469165802002e-01 2.871621586382389069e-02 1.388937532901763916e-01 -2.999969571828842163e-02 3.430659174919128418e-01 2.520674169063568115e-01 6.074321866035461426e-01 2.049001604318618774e-01 -1.627722755074501038e-03 -6.572753190994262695e-04 -6.025633215904235840e-02 -1.005339324474334717e-01 1.232615113258361816e-02 -4.942157864570617676e-01 -1.362428069114685059e-01 -4.015225768089294434e-01 -9.426049888134002686e-02
6.666666865348815918e-01 5.555555820465087891e-01 1.895263232290744781e-02 9.723251312971115112e-02 4.707835614681243896e-02 2.011566609144210815e-01 -4.143312573432922363e-02 8.187743425369262695e-01 3.856348693370819092e-01 9.999201893806457520e-01 2.964599132537841797e-01 1.768779009580612183e-02 9.613259136676788330e-02 -2.008712477982044220e-02 1.151486784219741821e-01 -3.582873195409774780e-02 1.852016746997833252e-01 3.120299577713012695e-01 5.994412899017333984e-01 -3.944911062717437744e-02 -1.264842227101325989e-03 -1.099921762943267822e-03 -6.716547906398773193e-02 -8.600798249244689941e-02 5.604393780231475830e-03 -6.335726976394653320e-01 -7.360491156578063965e-02 -4.004788994789123535e-01 -3.359090089797973633e-01
7.777777910232543945e-01 5.555555820465087891e-01 1.406715530902147293e-02 9.153844416141510010e-02 1.599524915218353271e-02 1.755046993494033813e-01 -3.328879177570343018e-02 8.177821636199951172e-01 3.862319588661193848e-01 1.001093149185180664e+00 2.959739565849304199e-01 1.347693149000406265e-02 9.069450199604034424e-02 -5.286030471324920654e-02 1.126475930213928223e-01 -3.079839795827865601e-02 1.031283438205718994e-01 3.728173971176147461e-01 5.072282552719116211e-01 -3.197363018989562988e-01 -5.902238190174102783e-04 -8.439421653747558594e-04 -6.885555386543273926e-02 -6.285710632801055908e-02 2.490393817424774170e-03 -7.146538496017456055e-01 -1.341456174850463867e-02 -4.938648939132690430e-01 -6.157102584838867188e-01
8.888888955116271973e-01 5.555555820465087891e-01 7.484976202249526978e-03 8.696596324443817139e-02 -1.536905765533447266e-03 1.643528044223785400e-01 -2.204570733010768890e-02 8.309124708175659180e-01 3.875875174999237061e-01 1.006296873092651367e+00 2.981542646884918213e-01 7.521311752498149872e-03 8.725024759769439697e-02 -6.856134533882141113e-02 1.200395226478576660e-01 -1.760851591825485229e-02 1.008981689810752869e-01 4.040056467056274414e-01 5.191322565078735352e-01 -3.575185239315032959e-01 3.633555024862289429e-05 2.842843532562255859e-04 -6.702443957328796387e-02 -4.431328177452087402e-02 4.437191411852836609e-03 -7.300143241882324219e-01 1.641812920570373535e-02 -4.871646165847778320e-01 -6.556727886199951172e-01
1.111111119389533997e-01 6.666666865348815918e-01 4.936635494232177734e-03 1.148342117667198181e-01 1.977649331092834473e-01 3.202438354492187500e-01 4.330871626734733582e-02 1.011513113975524902e+00 4.430852234363555908e-01 1.159894824028015137e+00 3.088845312595367432e-01 4.753426648676395416e-03 1.164899021387100220e-01 1.516553610563278198e-01 2.188069224357604980e-01 2.505023032426834106e-02 7.031962275505065918e-01 2.301163673400878906e-01 6.224513649940490723e-01 3.524709045886993408e-01 -1.832088455557823181e-04 1.655690371990203857e-03 -4.610957205295562744e-02 -1.014369130134582520e-01 -1.825848594307899475e-02 -3.083168864250183105e-01 -2.129688560962677002e-01 -5.374434590339660645e-01 4.358637332916259766e-02
2.222222238779067993e-01 6.666666865348815918e-01 9.277840144932270050e-03 1.258948594331741333e-01 2.003410160541534424e-01 3.561111688613891602e-01 1.360484957695007324e-02 1.020152211189270020e+00 4.657174050807952881e-01 1.212624073028564453e+00 3.018883764743804932e-01 8.901328779757022858e-03 1.283082813024520874e-01 1.536932438611984253e-01 2.435802221298217773e-01 1.216930896043777466e-02 6.887463331222534180e-01 2.267077416181564331e-01 6.128782629966735840e-01 3.516923189163208008e-01 -3.765113651752471924e-04 2.413421869277954102e-03 -4.664777219295501709e-02 -1.125309467315673828e-01 -1.435540616512298584e-03 -3.314058780670166016e-01 -2.390096634626388550e-01 -5.997458100318908691e-01 4.980394244194030762e-02
3.333333432674407959e-01 6.666666865348815918e-01 1.250000018626451492e-02 1.307920217514038086e-01 1.814370900392532349e-01 3.623705804347991943e-01 -2.258942835032939911e-02 1.017151594161987305e+00 4.888442158699035645e-01 1.264033913612365723e+00 2.928800880908966064e-01 1.149116549640893936e-02 1.343135386705398560e-01 1.351385116577148438e-01 2.506412565708160400e-01 -6.208769977092742920e-03 6.719105243682861328e-01 2.643021643161773682e-01 7.009925246238708496e-01 3.261195719242095947e-01 -1.008834689855575562e-03 3.521516919136047363e-03 -4.629857838153839111e-02 -1.117293238639831543e-01 1.638065837323665619e-02 -3.452410697937011719e-01 -2.245420515537261963e-01 -5.630413889884948730e-01 3.323948383331298828e-02
4.444444477558135986e-01 6.666666865348815918e-01 1.421447470784187317e-02 1.293017268180847168e-01 1.529332250356674194e-01 3.227280974388122559e-01 -4.736566543579101562e-02 1.003909587860107422e+00 4.453314244747161865e-01 1.163894295692443848e+00 3.067730665206909180e-01 1.260909531265497208e-02 1.328429430723190308e-01 1.053195595741271973e-01 2.129023820161819458e-01 -2.533515542745590210e-02 6.289854645729064941e-01 2.509020268917083740e-01 6.643674373626708984e-01 3.239579200744628906e-01 -1.605379395186901093e-03 3.541216254234313965e-03 -4.761366546154022217e-02 -1.098257154226303101e-01 2.203051000833511353e-02 -3.749241232872009277e-01 -1.944293975830078125e-01 -4.995268583297729492e-01 1.718485355377197266e-02
5.555555820465087891e-01 6.666666865348815918e-01 1.421447470784187317e-02 1.232213601469993591e-01 1.144358813762664795e-01 2.746795415878295898e-01 -5.768366158008575439e-02 9.865901470184326172e-01 4.258495569229125977e-01 1.116856217384338379e+00 3.113272190093994141e-01 1.238004956394433975e-02 1.256004124879837036e-01 6.579755991697311401e-02 1.808151453733444214e-01 -4.014643281698226929e-02 5.692260265350341797e-01 2.902837395668029785e-01 7.443253397941589355e-01 2.820650935173034668e-01 -1.834425143897533417e-03 2.379052340984344482e-03 -4.863832145929336548e-02 -9.386439621448516846e-02 1.753722876310348511e-02 -4.173641204833984375e-01 -1.355658173561096191e-01 -3.725308775901794434e-01 -2.926212549209594727e-02
6.666666865348815918e-01 6.666666865348815918e-01 1.249999832361936569e-02 1.153960153460502625e-01 7.625566422939300537e-02 2.336207181215286255e-01 -5.551856011152267456e-02 9.732995033264160156e-01 4.271129071712493896e-01 1.117826700210571289e+00 3.085846602916717529e-01 1.092618051916360855e-02 1.164816170930862427e-01 2.508489601314067841e-02 1.549893170595169067e-01 -4.575472325086593628e-02 4.946926534175872803e-01 3.528378903865814209e-01 8.551925420761108398e-01 2.118774652481079102e-01 -1.573817804455757141e-03 1.085601747035980225e-03 -5.117076635360717773e-02 -7.863140106201171875e-02 9.763836860656738281e-03 -4.786068499088287354e-01 -7.427501678466796875e-02 -2.626341581344604492e-01 -9.670719504356384277e-02
7.777777910232543945e-01 6.666666865348815918e-01 9.277836419641971588e-03 1.083871573209762573e-01 4.844866320490837097e-02 2.071126997470855713e-01 -4.270091280341148376e-02 9.703375697135925293e-01 4.307163655757904053e-01 1.125603675842285156e+00 3.066645860671997070e-01 8.345969952642917633e-03 1.092132180929183960e-01 -5.309568718075752258e-03 1.461285501718521118e-01 -3.954493254423141479e-02 4.399138092994689941e-01 4.308886229991912842e-01 9.744974970817565918e-01 1.307998299598693848e-01 -9.318664669990539551e-04 8.260607719421386719e-04 -5.375823378562927246e-02 -6.098414957523345947e-02 3.155980259180068970e-03 -5.304237604141235352e-01 1.722574234008789062e-04 -1.511061787605285645e-01 -1.758647561073303223e-01
8.888888955116271973e-01 6.666666865348815918e-01 4.936633165925741196e-03 1.034068763256072998e-01 3.489273041486740112e-02 1.985883116722106934e-01 -2.583448775112628937e-02 9.790291190147399902e-01 4.327132999897003174e-01 1.131446838378906250e+00 3.073862493038177490e-01 4.710280336439609528e-03 1.050125211477279663e-01 -1.868592388927936554e-02 1.504776924848556519e-01 -2.326106280088424683e-02 4.780463874340057373e-01 4.776288866996765137e-01 1.074899673461914062e+00 1.252456754446029663e-01 -2.263528294861316681e-04 1.605644822120666504e-03 -5.357865244150161743e-02 -4.811061918735504150e-02 2.573424950242042542e-03 -5.009827613830566406e-01 4.491558670997619629e-02 -5.654716491699218750e-02 -1.821405738592147827e-01
1.111111119389533997e-01 7.777777910232543945e-01 2.442736178636550903e-03 1.350842267274856567e-01 1.655221432447433472e-01 3.092311918735504150e-01 5.742374435067176819e-02 1.011966705322265625e+00 4.419253170490264893e-01 1.157310366630554199e+00 3.093958497047424316e-01 2.770931459963321686e-03 1.347607225179672241e-01 1.389419287443161011e-01 1.930274665355682373e-01 3.921020776033401489e-02 9.971504211425781250e-01 2.669873833656311035e-01 7.353335618972778320e-01 3.770942091941833496e-01 3.281952813267707825e-04 -3.235042095184326172e-04 -2.658021450042724609e-02 -1.162037253379821777e-01 -1.821353659033775330e-02 -1.481628417968750000e-02 -1.749379336833953857e-01 -4.219768047332763672e-01 6.769835948944091797e-02
2.222222238779067993e-01 7.777777910232543945e-01 4.590842407196760178e-03 1.485794633626937866e-01 1.743043512105941772e-01 3.503247797489166260e-01 2.336815744638442993e-02 1.018378853797912598e+00 4.652641415596008301e-01 1.211321353912353516e+00 3.017566204071044922e-01 4.976735450327396393e-03 1.494815349578857422e-01 1.516124010086059570e-01 2.215251475572586060e-01 1.877314597368240356e-02 1.074683785438537598e+00 2.699230611324310303e-01 7.472113966941833496e-01 3.841191828250885010e-01 3.858930431306362152e-04 9.020715951919555664e-04 -2.269195020198822021e-02 -1.287996321916580200e-01 -4.595011472702026367e-03 5.630493164062500000e-02 -1.953410804271697998e-01 -4.641099572181701660e-01 8.236256241798400879e-02
3.333333432674407959e-01 7.777777910232543945e-01 6.185225211083889008e-03 1.540875136852264404e-01 1.646952480077743530e-01 3.607938587665557861e-01 -1.963832601904869080e-02 1.016152024269104004e+00 4.893527328968048096e-01 1.264995217323303223e+00 2.925187349319458008e-01 6.229192949831485748e-03 1.555687785148620605e-01 1.492072641849517822e-01 2.339986711740493774e-01 -7.499031722545623779e-03 1.176015853881835938e+00 3.177152276039123535e-01 8.744022250175476074e-01 3.760784864425659180e-01 4.396773874759674072e-05 1.481264829635620117e-03 -1.548798382282257080e-02 -1.267951875925064087e-01 1.213929429650306702e-02 1.598638296127319336e-01 -1.716375052928924561e-01 -3.905929923057556152e-01 8.355975151062011719e-02
4.444444477558135986e-01 7.777777910232543945e-01 7.033578585833311081e-03 1.514431536197662354e-01 1.477824300527572632e-01 3.235862851142883301e-01 -5.039503425359725952e-02 1.006327986717224121e+00 4.481666982173919678e-01 1.170708894729614258e+00 3.061087727546691895e-01 6.664351560175418854e-03 1.521790027618408203e-01 1.404809951782226562e-01 2.149540334939956665e-01 -3.138592094182968140e-02 1.288741946220397949e+00 2.944083809852600098e-01 8.207277655601501465e-01 3.938593268394470215e-01 -3.692270256578922272e-04 7.358491420745849609e-04 -7.301434874534606934e-03 -1.086322516202926636e-01 1.900911331176757812e-02 2.824139595031738281e-01 -1.537583172321319580e-01 -3.499811291694641113e-01 8.775055408477783203e-02
5.555555820465087891e-01 7.777777910232543945e-01 7.033577654510736465e-03 1.431671082973480225e-01 1.202568635344505310e-01 2.772948145866394043e-01 -6.293251365423202515e-02 9.935035109519958496e-01 4.298925399780273438e-01 1.127109527587890625e+00 3.109200596809387207e-01 6.399110890924930573e-03 1.422519534826278687e-01 1.173625290393829346e-01 1.885170787572860718e-01 -4.591133445501327515e-02 1.350146651268005371e+00 3.147670030593872070e-01 8.762091994285583496e-01 3.918377757072448730e-01 -6.344667635858058929e-04 -9.151548147201538086e-04 -2.894334495067596436e-03 -8.877773582935333252e-02 1.702117919921875000e-02 3.566431403160095215e-01 -1.151255369186401367e-01 -2.509003281593322754e-01 8.091771602630615234e-02
6.666666865348815918e-01 7.777777910232543945e-01 6.185224745422601700e-03 1.331318467855453491e-01 9.227018058300018311e-02 2.380437552928924561e-01 -5.949009954929351807e-02 9.836792945861816406e-01 4.314952790737152100e-01 1.129353761672973633e+00 3.086514174938201904e-01 5.520270206034183502e-03 1.307841688394546509e-01 8.989657461643218994e-02 1.669290214776992798e-01 -4.758559912443161011e-02 1.390222430229187012e+00 3.623433709144592285e-01 1.000139117240905762e+00 3.800984621047973633e-01 -6.649545393884181976e-04 -2.347677946090698242e-03 -2.373605966567993164e-03 -7.111473381519317627e-02 1.190450042486190796e-02 4.065431356430053711e-01 -6.915190815925598145e-02 -1.292146444320678711e-01 7.144704461097717285e-02
7.777777910232543945e-01 7.777777910232543945e-01 4.590841010212898254e-03 1.247495487332344055e-01 7.339872419834136963e-02 2.147665023803710938e-01 -4.335199296474456787e-02 9.814524650573730469e-01 4.356179833412170410e-01 1.138424038887023926e+00 3.066770136356353760e-01 4.081577993929386139e-03 1.220439821481704712e-01 6.903038918972015381e-02 1.586813181638717651e-01 -3.808071464300155640e-02 1.433799386024475098e+00 4.359921514987945557e-01 1.187600612640380859e+00 3.619517982006072998e-01 -5.092630162835121155e-04 -2.705566585063934326e-03 -4.368335008621215820e-03 -5.608518421649932861e-02 5.271278321743011475e-03 4.523469209671020508e-01 3.741681575775146484e-04 4.917657375335693359e-02 5.527478456497192383e-02
8.888888955116271973e-01 7.777777910232543945e-01 2.442735247313976288e-03 1.195303574204444885e-01 6.669191271066665649e-02 2.114276736974716187e-01 -2.360690571367740631e-02 9.878647923469543457e-01 4.392125904560089111e-01 1.147565484046936035e+00 3.063896000385284424e-01 2.102688886225223541e-03 1.172260493040084839e-01 6.067343056201934814e-02 1.616512984037399292e-01 -2.162610739469528198e-02 1.562948942184448242e+00 4.823498129844665527e-01 1.312074184417724609e+00 3.600856065750122070e-01 -3.400463610887527466e-04 -2.304308116436004639e-03 -6.018482148647308350e-03 -4.977637529373168945e-02 1.980798318982124329e-03 5.750841498374938965e-01 4.313722252845764160e-02 1.645087003707885742e-01 5.369600653648376465e-02
1.111111119389533997e-01 8.888888955116271973e-01 6.498763104900717735e-04 1.556516736745834351e-01 1.421992927789688110e-01 3.006437122821807861e-01 7.424833625555038452e-02 1.006410717964172363e+00 4.378705918788909912e-01 1.147231936454772949e+00 3.100126385688781738e-01 7.874229922890663147e-04 1.452230215072631836e-01 1.370311975479125977e-01 1.725516021251678467e-01 5.187392979860305786e-02 1.908276677131652832e+00 3.237214386463165283e-01 9.191870689392089844e-01 4.197192788124084473e-01 1.375466817989945412e-04 -1.042865216732025146e-02 -5.168095231056213379e-03 -1.280921101570129395e-01 -2.237440645694732666e-02 9.018659591674804688e-01 -1.141491532325744629e-01 -2.280448675155639648e-01 1.097066402435302734e-01
2.222222238779067993e-01 8.888888955116271973e-01 1.221367856487631798e-03 1.717504113912582397e-01 1.578019708395004272e-01 3.406964838504791260e-01 3.605251386761665344e-02 1.009822607040405273e+00 4.435868859291076660e-01 1.160792708396911621e+00 3.084163963794708252e-01 1.761720515787601471e-03 1.610290557146072388e-01 1.591431051492691040e-01 1.984246224164962769e-01 2.528602629899978638e-02 2.202228546142578125e+00 3.130731582641601562e-01 8.967260122299194336e-01 4.321349561214447021e-01 5.403526592999696732e-04 -1.072135567665100098e-02 1.341134309768676758e-03 -1.422718614339828491e-01 -1.076648756861686707e-02 1.192405939102172852e+00 -1.305137276649475098e-01 -2.640666961669921875e-01 1.237185597419738770e-01
3.333333432674407959e-01 8.888888955116271973e-01 1.645544543862342834e-03 1.778106987476348877e-01 1.575502306222915649e-01 3.484951555728912354e-01 -1.024960912764072418e-02 1.008637666702270508e+00 4.493914842605590820e-01 1.173842072486877441e+00 3.060350418090820312e-01 2.259374596178531647e-03 1.667477041482925415e-01 1.677526533603668213e-01 2.082714587450027466e-01 -8.147679269313812256e-03 2.543851852416992188e+00 3.243940770626068115e-01 9.335018992424011230e-01 4.388393461704254150e-01 6.138300523161888123e-04 -1.106299459934234619e-02 1.020242273807525635e-02 -1.402236968278884888e-01 2.101929858326911926e-03 1.535214185714721680e+00 -1.249974071979522705e-01 -2.403401732444763184e-01 1.328043043613433838e-01
4.444444477558135986e-01 8.888888955116271973e-01 1.871244283393025398e-03 1.737534850835800171e-01 1.451618671417236328e-01 3.204237520694732666e-01 -4.671724140644073486e-02 1.003410339355468750e+00 4.370261728763580322e-01 1.144866466522216797e+00 3.098374307155609131e-01 2.382637001574039459e-03 1.622112840414047241e-01 1.657288372516632080e-01 2.090858221054077148e-01 -3.596951812505722046e-02 2.932356357574462891e+00 3.477186858654022217e-01 1.003491401672363281e+00 4.429644644260406494e-01 5.113927181810140610e-04 -1.154220104217529297e-02 2.056697010993957520e-02 -1.113379299640655518e-01 1.074772328138351440e-02 1.928946018218994141e+00 -8.930748701095581055e-02 -1.413750648498535156e-01 1.331270337104797363e-01
5.555555820465087891e-01 8.888888955116271973e-01 1.871244050562381744e-03 1.629439592361450195e-01 1.239729300141334534e-01 2.779396772384643555e-01 -6.291540712118148804e-02 9.965866804122924805e-01 4.318402409553527832e-01 1.132013082504272461e+00 3.106849789619445801e-01 2.208353020250797272e-03 1.509859412908554077e-01 1.513767391443252563e-01 1.906205266714096069e-01 -4.950302094221115112e-02 3.151750802993774414e+00 3.478117883205413818e-01 1.006414413452148438e+00 4.467801451683044434e-01 3.371089696884155273e-04 -1.195801794528961182e-02 2.740380913019180298e-02 -8.731915056705474854e-02 1.341238617897033691e-02 2.155164241790771484e+00 -8.402845263481140137e-02 -1.255986690521240234e-01 1.360951662063598633e-01
6.666666865348815918e-01 8.888888955116271973e-01 1.645544311031699181e-03 1.504400074481964111e-01 1.034293621778488159e-01 2.392389923334121704e-01 -5.823873355984687805e-02 9.913594126701354980e-01 4.329733848571777344e-01 1.133851408958435059e+00 3.093776702880859375e-01 1.789347268640995026e-03 1.384992450475692749e-01 1.341107040643692017e-01 1.731601804494857788e-01 -4.662280529737472534e-02 3.267408847808837891e+00 3.698152303695678711e-01 1.069110631942749023e+00 4.454659223556518555e-01 1.438029576092958450e-04 -1.194076240062713623e-02 3.068134188652038574e-02 -6.607881188392639160e-02 1.161592826247215271e-02 2.276049375534057617e+00 -6.315815448760986328e-02 -6.474077701568603516e-02 1.360882520675659180e-01
7.777777910232543945e-01 8.888888955116271973e-01 1.221367507241666317e-03 1.406256109476089478e-01 9.131317585706710815e-02 2.177510559558868408e-01 -3.910619020462036133e-02 9.901744723320007324e-01 4.351855814456939697e-01 1.138731122016906738e+00 3.083282113075256348e-01 1.154840923845767975e-03 1.292179673910140991e-01 1.228225082159042358e-01 1.674230247735977173e-01 -3.230144828557968140e-02 3.390636444091796875e+00 4.071847498416900635e-01 1.174537181854248047e+00 4.422656595706939697e-01 -6.652658339589834213e-05 -1.140764355659484863e-02 3.150933235883712769e-02 -5.032803118228912354e-02 6.804741919040679932e-03 2.400461912155151367e+00 -2.800083160400390625e-02 3.580605983734130859e-02 1.339374482631683350e-01
8.888888955116271973e-01 8.888888955116271973e-01 6.498760194517672062e-04 1.353364288806915283e-01 9.004023671150207520e-02 2.180640250444412231e-01 -1.764380745589733124e-02 9.935863614082336426e-01 4.371336996555328369e-01 1.143678426742553711e+00 3.081564903259277344e-01 3.113606944680213928e-04 1.243186742067337036e-01 1.211004108190536499e-01 1.692761629819869995e-01 -1.489978283643722534e-02 3.515466690063476562e+00 4.211599230766296387e-01 1.214961528778076172e+00 4.423992633819580078e-01 -3.385153249837458134e-04 -1.101775467395782471e-02 3.106017410755157471e-02 -4.878786206245422363e-02 2.744024619460105896e-03 2.521880388259887695e+00 -1.597377657890319824e-02 7.128310203552246094e-02 1.342427730560302734e-01
