# step train_loss_terms
1.000000000000000000e+03 1.109896111302077770e-03 1.316789886914193630e-03 4.800367460120469332e-04 4.295849357731640339e-04 1.503322127973660827e-04 4.175495269009843469e-05 1.200165115733398125e-05 7.616655784659087658e-05 4.245483069098554552e-05 1.638598769204691052e-04 8.176610572263598442e-05 3.010941100001218729e-06 5.136600520927459002e-06
2.000000000000000000e+03 4.186223668511956930e-04 6.073928088881075382e-04 2.978566335514187813e-04 2.440868411213159561e-04 9.448540367884561419e-05 4.835324580199085176e-05 1.430393331247614697e-05 2.912443233071826398e-05 3.082857801928184927e-05 2.201725001214072108e-04 4.060263745486736298e-05 4.535100015345960855e-05 1.310029165324522182e-05
3.000000000000000000e+03 3.613805456552654505e-04 4.432501445990055799e-04 1.215633092215284705e-04 1.902783697005361319e-04 3.729103264049626887e-05 4.123317921767011285e-05 1.436580259905895218e-05 7.985509000718593597e-05 1.956845881068147719e-05 1.659733534324914217e-04 4.247840843163430691e-05 9.483673784416168928e-05 2.125926403095945716e-05
4.000000000000000000e+03 2.998065901920199394e-04 2.935109077952802181e-04 5.291386332828551531e-05 1.003195138764567673e-04 1.887622056528925896e-05 3.769710383494384587e-05 9.654851055529434234e-06 1.921955299621913582e-05 8.773861736699473113e-06 5.509496986633166671e-05 2.600898005766794086e-05 2.953354965029575396e-07 7.521183675862630480e-11
5.000000000000000000e+03 2.358315105084329844e-04 2.085124870063737035e-04 4.554448969429358840e-05 8.619583240943029523e-05 8.453397640550974756e-06 3.370824197190813720e-05 7.472648576367646456e-06 3.520157179082161747e-06 5.257295470073586330e-06 5.172289093025028706e-05 1.568077823321800679e-05 2.693248461582697928e-06 4.043526132591068745e-06
6.000000000000000000e+03 1.969596778508275747e-04 1.920215290738269687e-04 5.400781083153560758e-05 7.807552174199372530e-05 4.281850124243646860e-05 2.757760194072034210e-05 2.419926568109076470e-05 1.164903096650959924e-05 5.935490662523079664e-06 4.538637585937976837e-05 9.003671584650874138e-05 7.078459748299792409e-05 1.073269959306344390e-05
7.000000000000000000e+03 1.530403678771108389e-04 1.564981939736753702e-04 3.249209476052783430e-05 2.548951306380331516e-05 5.808865353174041957e-06 1.897788934002164751e-05 5.316332590155070648e-06 1.758681264618644491e-06 2.692863063202821650e-06 2.179623152187559754e-05 9.518242222839035094e-06 2.021405180130386725e-06 2.703864538489142433e-06
8.000000000000000000e+03 9.887757914839312434e-05 1.000819538603536785e-04 2.360986218263860792e-05 1.031614192470442504e-05 3.106237272731959820e-06 1.392610556649742648e-05 3.285244702055933885e-06 4.710263965534977615e-07 1.429920416740060318e-06 1.041255200107116252e-05 5.899803454667562619e-06 2.418614752919268085e-10 1.901512547419770272e-08
9.000000000000000000e+03 6.130708788987249136e-05 5.452565164887346327e-05 2.230148857051972300e-05 8.088464710453990847e-06 2.427649405944976024e-06 1.017528575175674632e-05 2.231466396551695652e-06 5.351486151994322427e-07 1.038923869600694161e-06 6.986822882026899606e-06 4.764957793668145314e-06 1.179224773384390801e-10 2.999176018647631281e-08
1.000000000000000000e+04 4.424455255502834916e-05 3.936093708034604788e-05 1.817141856008674949e-05 7.417897904815617949e-06 2.553128751969779842e-06 7.320680197153706104e-06 1.645169845687632915e-06 3.039812952465581475e-07 1.377927901557995938e-06 9.192226571030914783e-06 4.200576313451165333e-06 2.178566376187518472e-07 2.161336709605166106e-08
1.100000000000000000e+04 3.337128873681649566e-05 3.242425373173318803e-05 1.309876370214624330e-05 6.116847544035408646e-06 2.697443960641976446e-06 6.667779416602570564e-06 1.060904537553142291e-06 4.032239644402579870e-07 1.194135052173805889e-06 8.113546755339484662e-06 3.863463916786713526e-06 2.171220927493777708e-07 2.212479870422612294e-07
1.200000000000000000e+04 2.730763299041427672e-05 2.876929283956997097e-05 1.017897011479362845e-05 5.277649052004562691e-06 2.071267772407736629e-06 5.854572009411640465e-06 1.061136458702094387e-06 3.135474457849340979e-07 1.270584334633895196e-06 5.865399089088896289e-06 2.512708988433587365e-06 5.105923461812267306e-10 7.781864042044617236e-11
1.300000000000000000e+04 2.263106944155879319e-05 2.531953214202076197e-05 7.827885383449029177e-06 4.381291091704042628e-06 1.891361534944735467e-06 5.583387519436655566e-06 8.972270961749018170e-07 4.551215226911153877e-07 1.125139192481583450e-06 4.386031378089683130e-06 2.256959305668715388e-06 3.656306812871434886e-09 1.202806743094697595e-08
1.400000000000000000e+04 1.898234222608152777e-05 2.252047124784439802e-05 6.369142738549271598e-06 3.861564437102060765e-06 1.872340931186045054e-06 4.933857326250290498e-06 9.101411819756322075e-07 4.688957915277569555e-07 1.075371187653217930e-06 4.185793386568548158e-06 2.061194436464575119e-06 4.766244288134657836e-08 6.209020853020774666e-09
1.500000000000000000e+04 1.807620901672635227e-05 2.413038055237848312e-05 8.709143912710715085e-06 7.333264875342138112e-06 4.454036115930648521e-06 4.648827598430216312e-06 1.643716018406848889e-06 2.905439941969234496e-06 2.077080580420442857e-06 1.899692870210856199e-05 7.392327006527921185e-06 9.675259207142516971e-06 1.156649545919208322e-06
1.600000000000000000e+04 1.886676545836962759e-05 2.947954271803610027e-05 1.485055599914630875e-05 1.720869113341905177e-05 8.772381079324986786e-06 5.521636921912431717e-06 1.634644490877690259e-06 5.760276053479174152e-06 1.149818103840516414e-06 2.974071503558661789e-05 6.627715265494771302e-06 1.219126577467477546e-08 9.098383088712580502e-06
1.700000000000000000e+04 1.137533763539977372e-05 1.732259443087968975e-05 4.251819518685806543e-06 3.570738272173912264e-06 1.537212938274024054e-06 3.223321755285724066e-06 8.206393431464675814e-07 4.811285521100217011e-07 8.802430784271564335e-07 2.977358462885604240e-06 1.753436436047195457e-06 4.319707613831269555e-07 1.085076988260880171e-07
1.800000000000000000e+04 1.238603908859658986e-05 2.150249747501220554e-05 1.305671867157798260e-05 1.389193130307830870e-05 1.885091251097037457e-06 4.593757239490514621e-06 8.053959277276590001e-07 1.288505814045493025e-06 1.518653448329132516e-06 1.471245832362910733e-05 1.785608674254035577e-06 7.745891707600094378e-06 4.803124738828046247e-06
1.900000000000000000e+04 1.222436912939883769e-05 2.253244201710913330e-05 1.728017923596780747e-05 1.764772423484828323e-05 2.410285787846078165e-06 3.817536253336584195e-06 1.073953512786829378e-06 3.152857971144840121e-06 1.936369699251372367e-06 2.865865099010989070e-05 3.758859975278028287e-06 9.743894224811811000e-06 6.725868388457456604e-06
2.000000000000000000e+04 2.889264033001381904e-05 5.825115295010618865e-05 7.980246300576254725e-05 9.461658919462934136e-05 1.918125417432747781e-05 6.923091405042214319e-06 2.436940576444612816e-06 4.669406280299881473e-06 2.893247938118292950e-06 4.705722676590085030e-05 9.673418389866128564e-06 4.653518317354610190e-06 4.258275657775811851e-05
2.100000000000000000e+04 1.918773705256171525e-05 3.887857383233495057e-05 1.604454882908612490e-05 1.475461249356158078e-05 4.668212113756453618e-06 2.987516154462355189e-06 3.901278432749677449e-06 5.982409220450790599e-06 3.097115268246852793e-06 6.094504351494833827e-05 1.832174348237458616e-05 5.187992428545840085e-05 2.432120481898891740e-06
2.200000000000000000e+04 8.917816558096092194e-06 2.658259290910791606e-05 1.038394839270040393e-05 9.317841431766282767e-06 6.192335604282561690e-06 2.182131311201374047e-06 2.388935172348283231e-06 1.794516265363199636e-06 2.476124336681095883e-06 1.176043042505625635e-05 1.507226079411339015e-05 2.868598676286637783e-05 4.291361790365044726e-07
2.300000000000000000e+04 2.039939136011525989e-05 2.137446972483303398e-05 2.064012915070634335e-05 1.797341064957436174e-05 4.065859684487804770e-06 1.950383648363640532e-06 1.049245497597439680e-06 7.352266038651578128e-06 3.528071147229638882e-06 7.721853762632235885e-05 6.180621312523726374e-06 2.672747359611093998e-05 4.476046342460904270e-06
2.400000000000000000e+04 1.699892891338095069e-05 2.669567584234755486e-05 1.523566061223391443e-05 1.514312407380202785e-05 6.067170033929869533e-06 1.659721306168648880e-06 2.114331209668307565e-06 7.102280505932867527e-06 4.507654466578969732e-06 6.774497887818142772e-05 1.368052016914589331e-05 4.482537042349576950e-05 7.250725957419490442e-07
2.500000000000000000e+04 4.218635240249568596e-06 9.494197001913562417e-06 2.980405724883894436e-06 2.591913698779535480e-06 1.676121428317856044e-06 1.634869818190054502e-06 5.911651328460720833e-07 5.129966211825376377e-07 6.580257831956259906e-07 2.465739271428901702e-06 1.759261294864700176e-06 4.017636285880143987e-07 7.499576071268165833e-08
2.600000000000000000e+04 4.052016811328940094e-05 1.979167063836939633e-05 2.109085471602156758e-05 1.704211354081053287e-05 4.266426458343630657e-06 4.907341008220100775e-06 8.608573125457041897e-07 5.717494332202477381e-06 1.991252702282508835e-06 1.032245781971141696e-04 6.756585207767784595e-06 1.663881630520336330e-05 2.685372010091668926e-06
2.700000000000000000e+04 8.726905434741638601e-06 1.132487977884011343e-05 4.421252015163190663e-06 3.770477405851124786e-06 1.462686122977174819e-05 3.231131358916172758e-06 1.474323084948991891e-06 2.378276576564530842e-06 1.356990765088994522e-06 1.320955379924271256e-05 8.543180229025892913e-06 3.015123866134672426e-06 1.304221086684265174e-08
2.800000000000000000e+04 3.673012543004006147e-06 8.285837793664541095e-06 4.025731414003530517e-06 3.629483899203478359e-06 1.406779460921825375e-06 1.123819515669310931e-06 5.619733656203607097e-07 2.788483755011839094e-07 6.487002224275784101e-07 2.879750127249280922e-06 1.611228867659519892e-06 3.934692927032301668e-07 6.488737085419415962e-07
2.900000000000000000e+04 1.092213642550632358e-05 1.868742401711642742e-05 1.858096948126330972e-05 1.730650910758413374e-05 3.284214471932500601e-06 1.204762043016671669e-06 7.465270073225838132e-07 3.028843366337241605e-06 2.406613475613994524e-06 3.558681419235654175e-05 4.558293767331633717e-06 1.621257979422807693e-05 4.215267836116254330e-06
3.000000000000000000e+04 8.189997970475815237e-06 1.150789466919377446e-05 5.505858098331373185e-06 7.051700777083169669e-06 8.849760888551827520e-06 3.368219722688081674e-06 1.373240820612409152e-06 2.459419874867307954e-06 1.246169404112151824e-06 1.301196425629314035e-05 1.010286268865456805e-05 2.226160411566979747e-08 1.258946099369495641e-06
3.100000000000000000e+04 8.616323611931875348e-06 1.620516559341922402e-05 1.908326521515846252e-05 1.626193443371448666e-05 4.981139682058710605e-06 1.641377821215428412e-06 1.208430717269948218e-06 3.626716988947009668e-06 1.758026087372854818e-06 2.007341208809521049e-05 6.394966931111412123e-06 6.445061899285065010e-06 8.144917046593036503e-06
3.200000000000000000e+04 3.159877223879448138e-06 6.993456736381631345e-06 3.857102456095162779e-06 3.321140184198156931e-06 1.208300773214432411e-06 1.160727606475120410e-06 6.130424594630312640e-07 4.839116058974468615e-07 5.348996410248219036e-07 2.287584038640488870e-06 9.091607466871209908e-07 2.453906233768066159e-07 8.307309258270834107e-07
3.300000000000000000e+04 3.017212748090969399e-06 6.401696737157180905e-06 2.658084440554375760e-06 2.350619979551993310e-06 1.146622139458486345e-06 1.052792754308029544e-06 5.429292286862619221e-07 1.042471140522138739e-07 4.761548098031198606e-07 1.238986669704900123e-06 8.205142876249738038e-07 4.663918389269383624e-07 5.671558866993109405e-08
3.400000000000000000e+04 2.956224761874182150e-06 6.258075245568761602e-06 3.379452664376003668e-06 2.936021246568998322e-06 1.197406049868732225e-06 9.448229434383392800e-07 4.552009329472639365e-07 8.195370782004829380e-08 4.560599791147978976e-07 1.509454250481212512e-06 1.200270162371452898e-06 9.996068417450487686e-10 6.556130074386601336e-07
3.500000000000000000e+04 3.301539209132897668e-06 5.951498678768984973e-06 2.057570554825360887e-06 1.907415253299404867e-06 2.344165750400861725e-06 1.318659315074910410e-06 8.385059118154458702e-07 5.161260787645005621e-07 6.229699351933959406e-07 2.299785592185799032e-06 3.178263796144165099e-06 4.520107950156670995e-07 5.567003569240114302e-08
3.600000000000000000e+04 2.478022679497371428e-06 5.194937330088578165e-06 2.176499265260645188e-06 1.933956809807568789e-06 1.007292667054571211e-06 1.000768520498240832e-06 5.269932330520532560e-07 1.025903770823788363e-07 4.296557847283111187e-07 9.497750852460740134e-07 7.046466521387628745e-07 2.581691660452634096e-07 1.247833978368362295e-07
3.700000000000000000e+04 5.995058472763048485e-06 8.804044227872509509e-06 7.581390036648372188e-06 8.464052370982244611e-06 1.920245722430991009e-06 1.088097064894100185e-06 4.284895283035439206e-07 4.025414455099962652e-07 4.493919618653308135e-07 4.365893801150377840e-06 1.034773845276504289e-06 5.086569672130281106e-07 2.764972350632888265e-06
3.800000000000000000e+04 5.060221155872568488e-06 7.251151600939920172e-06 3.997026851720875129e-06 3.503136667859507725e-06 1.685321308286802378e-06 1.152174831986485515e-06 5.467503001455042977e-07 1.209704834082003799e-07 4.274432399142824579e-07 3.857850060740020126e-06 2.391120460742968135e-06 2.060719680230249651e-06 5.848538648933754303e-07
3.900000000000000000e+04 3.496939143587951548e-06 6.835622571088606492e-06 4.917575552099151537e-06 4.758838713314617053e-06 1.404999238729942590e-06 1.077312617780989967e-06 5.630374175780161750e-07 9.079394089894776698e-07 6.862680379526864272e-07 6.310422122624004260e-06 1.213304130942560732e-06 4.369221187516814098e-06 9.186695137941569556e-07
4.000000000000000000e+04 1.462960426579229534e-05 2.355101969442330301e-05 1.086744578060461208e-05 1.357828023174079135e-05 2.149508418369805440e-06 2.171479081880534068e-06 7.915397759461484384e-07 1.695119408395839855e-06 8.763275900491862558e-07 3.222416853532195091e-05 2.855163984349928796e-06 1.118199543270748109e-05 8.115034120237396564e-07
4.100000000000000000e+04 2.008863339142408222e-05 2.102549660776276141e-05 1.827526648412458599e-05 1.689741111476905644e-05 4.188649199932115152e-06 1.351260721094149631e-06 8.600620162724226248e-07 6.832080089225200936e-06 1.671399218139413279e-06 5.817207784275524318e-05 3.657832621684065089e-06 1.496654385846341029e-05 1.522743673376680817e-06
4.200000000000000000e+04 1.481085928389802575e-05 9.741615031089168042e-06 1.612118285265751183e-05 1.200189399241935462e-05 2.356709273954038508e-06 1.259649820894992445e-06 9.600584007785073482e-07 6.452386969613144174e-06 1.603164264452061616e-06 5.473568307934328914e-05 3.833076789305778220e-06 1.948636418092064559e-05 3.973832917836261913e-06
4.300000000000000000e+04 1.469999187975190580e-05 1.324378717981744558e-05 1.000043630483560264e-05 9.946122190740425140e-06 3.011956778209423646e-06 2.062891098830732517e-06 4.338399719472363358e-07 1.298571987717878073e-06 9.925955737344338559e-07 2.662555198185145855e-05 4.614353201759513468e-06 7.150213150453055277e-06 1.170150426332838833e-06
4.400000000000000000e+04 3.603082404879387468e-06 6.297426807577721775e-06 3.060302560697891749e-06 3.406355290280771442e-06 1.683913751548971049e-06 7.795062515469908249e-07 7.081275157361233141e-07 3.266000589974282775e-07 6.036761419636604842e-07 5.120955847814911976e-06 2.602740096335764974e-06 3.395608700884622522e-06 6.763827400391164701e-07
4.500000000000000000e+04 2.422357965770061128e-06 3.525237161738914438e-06 1.976023668248672038e-06 1.712836024125863332e-06 9.778158300832728855e-07 8.169217835529707372e-07 3.433574136124661891e-07 4.929135144493557164e-08 2.497581306215579389e-07 1.608885781934077386e-06 3.970438626765826484e-07 1.767108237515913061e-08 6.129434293455915395e-09
4.600000000000000000e+04 6.412349193851696327e-06 7.661900781386066228e-06 4.886471742793219164e-06 2.397236130491364747e-06 8.708963832759764045e-06 2.915134018621756695e-06 8.595674785283335950e-07 5.881782954020309262e-07 7.023968464636709541e-07 9.044537364388816059e-06 4.106081632926361635e-06 1.575490614413865842e-06 1.826647633151878836e-08
4.700000000000000000e+04 1.872607413133664522e-06 3.231847358620143496e-06 1.659185727476142347e-06 1.469853827984479722e-06 9.087684702535625547e-07 7.684231491111859214e-07 3.098185743510839529e-07 1.427111442353634629e-07 2.360286828206881182e-07 1.023255435939063318e-06 3.514156219353026245e-07 8.167187814933640766e-09 2.426866707594399486e-09
4.800000000000000000e+04 1.207835884997621179e-05 1.537841671961359680e-05 8.609401447756681591e-06 9.402891919307876378e-06 3.131302491965470836e-06 2.296320644745719619e-06 9.950118737833690830e-07 2.282025945987697924e-07 1.223590061272261664e-06 2.145295002264901996e-05 3.838786142296157777e-06 1.142858491220977157e-05 1.445884265649510780e-07
4.900000000000000000e+04 4.077265202795388177e-06 6.147520252852700651e-06 4.950286438543116674e-06 5.450510343507630751e-06 1.688331849436508492e-06 6.790077691221085843e-07 2.619807730752654606e-07 1.605333892484850367e-07 3.053856119095144095e-07 1.952497768797911704e-06 4.396931672090431675e-07 2.009504669331363402e-07 6.841501090093515813e-07
5.000000000000000000e+04 7.441556590492837131e-06 4.311511020205216482e-06 5.403307113738264889e-06 4.099051238881656900e-06 1.828704398576519452e-06 8.000703246580087580e-07 4.093299992291576928e-07 1.071905558092112187e-06 3.627429805419524200e-07 7.407515113300178200e-06 9.778187859410536475e-07 2.108977241732645780e-06 2.938770116145406064e-09
5.100000000000000000e+04 1.218043780681909993e-05 1.030829025694401935e-05 1.152932327386224642e-05 9.558376405038870871e-06 1.689019086370535661e-06 8.760149512454518117e-07 5.053145741840125993e-07 5.845519126523868181e-07 4.674905653700989205e-07 1.174979115603491664e-05 2.940080776170361787e-06 1.105419116242956079e-07 4.268053544365102425e-06
5.200000000000000000e+04 5.651976152876159176e-06 1.033224452839931473e-05 9.154939107247628272e-06 9.576608135830610991e-06 1.995316324610030279e-06 1.085428834812773857e-06 4.154516375365346903e-07 7.481584418655984337e-08 4.868815040026674978e-07 7.558437573607079685e-06 1.597268237674143165e-06 1.035258605952549260e-06 3.567046178432065062e-06
5.300000000000000000e+04 5.165697530173929408e-06 8.134773452184163034e-06 3.145947630400769413e-06 4.158500360063044354e-06 3.411417992538190447e-06 1.292363208449387457e-06 7.034828968244255520e-07 2.348056540313336882e-07 5.918556666983931791e-07 2.065683020191499963e-06 6.079434569983277470e-06 3.122416103451541858e-07 6.056388883735053241e-07
5.400000000000000000e+04 3.851298060908447951e-06 6.498326456494396552e-06 2.077181534332339652e-06 2.451535465297638439e-06 4.329359398980159312e-06 1.203886085932026617e-06 8.844032208799035288e-07 1.791742647583305370e-06 8.105824917947757058e-07 6.780680905649205670e-06 7.554977401014184579e-06 3.471651325526181608e-06 8.531807083045350737e-08
5.500000000000000000e+04 2.016952294070506468e-06 2.791237420751713216e-06 1.739566414471482858e-06 1.557977952870714944e-06 8.959709134614968207e-07 6.946137318664113991e-07 2.835667771705630003e-07 4.637275807795049332e-08 2.089046091668933514e-07 1.620218199605005793e-06 3.499492606806597905e-07 1.724836948824304272e-07 2.834283918673463631e-08
5.600000000000000000e+04 2.241248239442938939e-06 3.535743417160119861e-06 1.566124524288170505e-06 1.617224143046769314e-06 1.583242351443914231e-06 9.507295430921658408e-07 4.120988705835770816e-07 1.747124969142532791e-07 3.077820451835577842e-07 1.196354446619807277e-06 1.918014731927542016e-06 7.775363286555148079e-08 2.203237698950033518e-07
5.700000000000000000e+04 2.211114633610122837e-06 4.427358362590894103e-06 3.318854396638926119e-06 2.891610392907750793e-06 9.150308528660389129e-07 6.343293534882832319e-07 2.525995341784437187e-07 4.817320231609301118e-08 1.920446948133758269e-07 1.508217451373639051e-06 5.330782641976838931e-07 1.059929033431217249e-07 1.081996174434607383e-06
5.800000000000000000e+04 2.076524651783984154e-06 2.999240223289234564e-06 1.641694780118996277e-06 1.373646909996750765e-06 1.451757384529628325e-06 7.167673174990341067e-07 4.355313762971491087e-07 6.193881176841387060e-07 3.041816967197519261e-07 2.772384277704986744e-06 1.311303208240133245e-06 4.568998974718851969e-07 4.059902636299739243e-09
5.900000000000000000e+04 1.915440861921524629e-06 2.817155973389162682e-06 1.689263172011123970e-06 1.640294271965103690e-06 9.864551202554139309e-07 6.494046829175204039e-07 2.721377541092806496e-07 3.241538877318816958e-07 1.984613646754951333e-07 1.646632767915434670e-06 6.027239010109042283e-07 2.128639664533693576e-07 1.343069726544854348e-07
6.000000000000000000e+04 4.541213456832338125e-06 9.184517693938687444e-06 1.429787789675174281e-05 9.957157089957036078e-06 1.617137513676425442e-06 6.029766268511593807e-07 2.088164450242402381e-07 9.399578857482993044e-07 6.018777298777422402e-07 1.076156968338182196e-05 9.467372592553147115e-07 2.319841541975620203e-06 6.722159014316275716e-06
6.100000000000000000e+04 3.871072112815454602e-05 7.509798888349905610e-05 8.798560884315520525e-05 1.704164023976773024e-04 1.586754297022707760e-05 2.249525641673244536e-05 1.493669628871430177e-06 1.060211343428818509e-05 1.629752659937366843e-06 9.182551002595573664e-05 9.830248018261045218e-06 1.671440077188890427e-05 1.950964542629662901e-05
6.200000000000000000e+04 1.785983158697490580e-06 2.916446192102739587e-06 1.834820068324916065e-06 1.780917614269128535e-06 1.028752421916578896e-06 5.823222863909904845e-07 2.316269274160731584e-07 5.698088756389552145e-08 1.770601869566235109e-07 1.078620243788463995e-06 6.112995265539211687e-07 5.843751704759370114e-09 3.199577349732862785e-07
6.300000000000000000e+04 1.409402216268063057e-06 2.173802158722537570e-06 1.363763772133097518e-06 1.206207116410951130e-06 8.014942523004719988e-07 6.288755685091018677e-07 2.287196849692918477e-07 6.104492200620370568e-08 1.800156752551629324e-07 7.248262363646063022e-07 2.785485548884025775e-07 8.658463529487292476e-11 2.967261991670966381e-10
6.400000000000000000e+04 1.417890644006547518e-06 2.185955509048653767e-06 1.403630903951125219e-06 1.271092287424835376e-06 8.004174674169917125e-07 6.534581302730657626e-07 2.402875907137058675e-07 4.259598895828276000e-08 2.044546647539391415e-07 9.391247886014753021e-07 2.882678700188989751e-07 8.024363751246710308e-08 6.831237797655376198e-10
6.500000000000000000e+04 8.013535079953726381e-06 1.297774724662303925e-05 8.045059985306579620e-06 1.063606487150536850e-05 4.044289198645856231e-06 1.135442516897455789e-06 5.070679094387742225e-07 2.066052502414095215e-07 4.325197267007752089e-07 5.362956471799407154e-06 5.494634024216793478e-06 7.991364014969803975e-08 3.458686251178733073e-06
6.600000000000000000e+04 4.342572992754867300e-06 7.780407031532377005e-06 7.561205165984574705e-06 6.132530870672781020e-06 1.299597215620451607e-06 8.360129299944674131e-07 4.583314421324757859e-07 4.604807770647312282e-07 2.047177929398458218e-07 2.119406190104200505e-06 8.374514663955778815e-07 2.224701063369138865e-07 3.787156629186938517e-06
6.700000000000000000e+04 1.681451294643920846e-06 2.674547658898518421e-06 1.716472638690902386e-06 1.751351874190731905e-06 9.184875580103835091e-07 6.730293762302608229e-07 2.289505545149950194e-07 8.488574820830763201e-08 1.996172898088843795e-07 8.642599027552932967e-07 2.798957439154037274e-07 1.018107269601387088e-07 3.534972092822386003e-09
6.800000000000000000e+04 1.404764361723209731e-06 2.094286855935934000e-06 1.343578105661435984e-06 1.175628540295292623e-06 8.371296758014068473e-07 5.437815389086608775e-07 2.218080226157326251e-07 4.546711096509170602e-08 1.900643269436841365e-07 1.042377789417514578e-06 3.819816356553928927e-07 8.341568502601148793e-08 6.143441311223796220e-09
6.900000000000000000e+04 2.639644208102254197e-06 4.581304438033839688e-06 3.320740006529376842e-06 3.268872205808293074e-06 1.047575551638146862e-06 6.448813110182527453e-07 5.039435677645087708e-07 7.956573000456046429e-08 2.499050140158942668e-07 1.265834498553886078e-06 1.212348252010997385e-06 1.414162170476629399e-06 1.464254182792501524e-06
7.000000000000000000e+04 1.628331347092171200e-06 2.240063622593879700e-06 1.997272647713543847e-06 1.902266490105830599e-06 8.630074717075331137e-07 6.543018002957978752e-07 2.203079247919959016e-07 3.629315870057325810e-08 1.772287276935458067e-07 1.811418087527272291e-06 4.479574329252500320e-07 5.514050016586224956e-08 1.910657374537549913e-07
7.100000000000000000e+04 1.858246037045319099e-06 2.940236754511715844e-06 1.898998448268685024e-06 1.891057536340667866e-06 9.601487818144960329e-07 5.776560101367067546e-07 2.214196683780755848e-07 6.361034365909290500e-08 1.743063080539286602e-07 9.795621735975146294e-07 3.044531240448122844e-07 8.626763747798804616e-10 1.180547570811540936e-07
7.200000000000000000e+04 2.282261675645713694e-06 3.136467512376839295e-06 2.303891278643277474e-06 1.712530320219229907e-06 1.866647608039784245e-06 6.950305078134988435e-07 2.783068566714064218e-07 1.778576006472576410e-07 3.071361902584612835e-07 2.644876531121553853e-06 1.876903525044326670e-06 4.679803566887130728e-08 1.020299578158301301e-07
7.300000000000000000e+04 2.374147925365832634e-06 3.608404995247838087e-06 3.440443833824247122e-06 3.245465677537140436e-06 1.543044163554441184e-06 5.941587346569576766e-07 2.328958572661576909e-07 2.499025413271738216e-07 3.507426242777000880e-07 1.913143023557495326e-06 6.606686042687215377e-07 2.128867663486744277e-06 3.672726620607136283e-07
7.400000000000000000e+04 1.269635731659946032e-06 1.793785827430838253e-06 1.249871843356231693e-06 1.091361127691925503e-06 7.451097303601272870e-07 5.275878152133373078e-07 2.013247666354800458e-07 5.561389571084873751e-08 1.715685442604808486e-07 7.224318210319324862e-07 2.608672104997822316e-07 1.692660678287438714e-09 3.145860461017946363e-09
7.500000000000000000e+04 1.203219881062977947e-06 1.653556068959005643e-06 1.210264031215046998e-06 1.011941435535845812e-06 7.332460540965257678e-07 5.187866349842806812e-07 1.857551978901028633e-07 6.637451832602891955e-08 1.497465689226373797e-07 6.762610382793354802e-07 2.605391102861176478e-07 2.789106501310811836e-09 1.085533085642964579e-08
7.600000000000000000e+04 1.799286451387160923e-06 3.542087824826012366e-06 2.763737938948906958e-06 2.646217126311967149e-06 7.738435670034959912e-07 6.174315672069496941e-07 3.170690092701988760e-07 1.368030524417918059e-07 1.736697754495253321e-07 8.383443059756245930e-07 5.088655825602472760e-07 2.807217640565795591e-07 1.259614919035811909e-06
7.700000000000000000e+04 1.487704139435663819e-06 1.764838884810160380e-06 1.438373146811500192e-06 1.212859046972880606e-06 7.541318041148770135e-07 5.106268190502305515e-07 1.806728704423221643e-07 2.073742280117585324e-07 1.486662597471877234e-07 1.675271619205886964e-06 3.582777594601793680e-07 1.911221048089828400e-08 8.624328984296880662e-08
7.800000000000000000e+04 2.974829158119973727e-06 4.156493105256231502e-06 2.161129486921709031e-06 2.693683654797496274e-06 9.179948392556980252e-07 4.947900720253528561e-07 1.889224989781723707e-07 7.017693093303023488e-08 1.668970384116619243e-07 1.375255124003160745e-06 3.163934536587476032e-07 1.489184739966731286e-07 6.064742024136648979e-07
7.900000000000000000e+04 1.537509433546802029e-06 1.609562445992196444e-06 1.366352421428018715e-06 1.098159145840327255e-06 7.426245360875327606e-07 5.223750463301257696e-07 1.878837991853288258e-07 4.586307511544873705e-08 1.507066826889058575e-07 1.202825501422921661e-06 2.462226973420911236e-07 2.484238370570324150e-09 1.592433740427168232e-09
8.000000000000000000e+04 1.157246174443571363e-06 1.515223175374558195e-06 1.123994366025726777e-06 9.122073265643848572e-07 7.389376150968018919e-07 5.094781272418913431e-07 1.831529488072192180e-07 9.358566188666372909e-08 1.432992462468973827e-07 6.373272185555833858e-07 2.998288550770666916e-07 7.565196469272450486e-09 2.438626189871229144e-09
8.100000000000000000e+04 5.761372449342161417e-06 5.069429334980668500e-06 3.893129814969142899e-06 3.123937403870513663e-06 1.080703327716037165e-06 4.744362342989916215e-07 6.605387170566245914e-07 9.684810464705151389e-08 4.828792725675157271e-07 8.782896543380047660e-07 4.020656888314988464e-06 4.909500603389460593e-06 1.041523773892549798e-06
8.200000000000000000e+04 1.097992139875714201e-06 1.509786898168385960e-06 1.104127704820712097e-06 8.963979780673980713e-07 7.105481358848919626e-07 6.200183975124673452e-07 2.078361376334214583e-07 6.328958335188872297e-08 1.797349540311188321e-07 6.076332965676556341e-07 2.651060242442326853e-07 6.705313387866951302e-11 3.904156997691643483e-10
8.300000000000000000e+04 1.377864646201487631e-05 7.561243364762049168e-06 9.448416676605120301e-06 5.832061560795409605e-06 7.306706720555666834e-06 7.706977385169011541e-07 4.093352004019834567e-07 3.440909949858905748e-06 4.223294354233075865e-07 2.744390803854912519e-05 4.935155175189720467e-06 1.165729031527007464e-06 1.595051202230024501e-07
8.400000000000000000e+04 6.433689577534096316e-06 3.961168204114073887e-06 3.341790261401911266e-06 2.674280267456197180e-06 2.926320576079888269e-06 1.668973709456622601e-06 5.051463176641846076e-07 4.761320937518576102e-08 5.571226893152925186e-07 8.242344847531057894e-06 5.233243427937850356e-06 1.036979483615141362e-06 2.533725229625360953e-09
8.500000000000000000e+04 2.209137619502143934e-06 1.759126462275162339e-06 1.683089635662327055e-06 1.243808242179511581e-06 7.597145668114535511e-07 4.843519150199426804e-07 1.646314302661266993e-07 5.497333077641997079e-08 1.645968410457498976e-07 1.488162752139032818e-06 3.034908218069176655e-07 1.949422845370918367e-08 7.924478850895866344e-09
8.600000000000000000e+04 5.232470812188694254e-06 6.247109922696836293e-06 5.011026132706319913e-06 4.550309313344769180e-06 2.525188847357640043e-06 1.618034616512886714e-06 3.460896209617203567e-07 1.465970598246713053e-07 4.151112875661056023e-07 5.774185865448089316e-06 2.943480012618238106e-06 2.809490240451850696e-07 1.020884155877865851e-06
8.700000000000000000e+04 4.233614617987768725e-06 3.077283281527343206e-06 3.116575726380688138e-06 2.964290388263179921e-06 1.551416517031611875e-06 4.505368167428969173e-07 1.998786984813705203e-07 4.146886567468754947e-07 1.263496329784175032e-07 6.148434749775333330e-06 5.686411554961523507e-07 1.086700933683459880e-07 2.663763609689340228e-07
8.800000000000000000e+04 1.182210780825698748e-06 1.501835185990785249e-06 1.074437477655010298e-06 7.907761983005912043e-07 8.883803843673376832e-07 4.572974887651071185e-07 1.636092150647527887e-07 5.176964634756586747e-08 1.465372747588844504e-07 9.072508078133978415e-07 6.008980903970950749e-07 1.583585174103063764e-08 6.498824145495518678e-09
8.900000000000000000e+04 1.947284545167349279e-06 2.368564310017973185e-06 1.873194605650496669e-06 1.929395239130826667e-06 8.423454573858180083e-07 8.018155313038732857e-07 1.937227125381468795e-07 6.791240991788072279e-08 1.725698268728592666e-07 3.905519861291395500e-06 4.139614020459703170e-07 5.230994304383784765e-08 1.366764763588435017e-07
9.000000000000000000e+04 9.695681910670828074e-07 1.246663828169403132e-06 1.009980337585147936e-06 7.238654120556020644e-07 6.476665248555946164e-07 4.535753816981014097e-07 1.501593942521139979e-07 7.758852405004290631e-08 1.160213543016652693e-07 6.073947815821156837e-07 2.157321290496838628e-07 7.671565206007757709e-13 9.979572723750607111e-12
9.100000000000000000e+04 2.090190037051797844e-06 1.792963416846760083e-06 1.649843170525855385e-06 1.082062567547836807e-06 9.001267926578293554e-07 4.878071990788157564e-07 1.740124417892729980e-07 3.686271838887478225e-07 1.431107534699549433e-07 1.555167159494885709e-06 2.893372936796367867e-07 4.757961136192534468e-09 1.753286227312855772e-08
9.200000000000000000e+04 2.305580665051820688e-06 3.678483835756196640e-06 2.174486326111946255e-06 2.244562665509874932e-06 1.394637024532130454e-06 5.262386366666760296e-07 2.140852330967391026e-07 8.045248733878906933e-08 1.602852535143028945e-07 1.741048663461697288e-06 1.330564828094793484e-06 4.892662985866991221e-08 3.279298823599674506e-07
9.300000000000000000e+04 5.774354576715268195e-06 4.709091172117041424e-06 4.519652520684758201e-06 3.876223217957885936e-06 9.805020226849592291e-07 5.643584586323413532e-07 1.806525489200794254e-07 3.410761735267442418e-07 1.595600309656219906e-07 8.490700565744191408e-06 4.990466209164878819e-07 1.500516333408086211e-08 3.592973030208668206e-07
9.400000000000000000e+04 1.689798295956279617e-06 2.542547463235678151e-06 2.633417580000241287e-06 1.860196675806946587e-06 7.374353003797295969e-07 5.021636866331391502e-07 1.580972650572221028e-07 2.737108104611252202e-07 1.674039822319173254e-07 1.181176799036620650e-06 2.091292401473765494e-07 3.692936161314719357e-07 7.387897085209260695e-07
9.500000000000000000e+04 9.093172934626636561e-07 1.170004793493717443e-06 9.748696356837172061e-07 6.506953695861739106e-07 6.204958253874792717e-07 4.292031121622130740e-07 1.459294765027152607e-07 7.853140715496920166e-08 1.126002615592369693e-07 5.787783834421134088e-07 2.007468822284863563e-07 8.259571693258749292e-09 5.967194738332182169e-09
9.600000000000000000e+04 8.603748028690461069e-06 1.690069075266364962e-05 1.327909467363497242e-05 1.147177772509166971e-05 2.195988372477586381e-06 5.033354000261169858e-07 2.290445308972266503e-07 3.471223806172929471e-07 2.853042815331718884e-07 7.703216397203505039e-06 8.549689027859130874e-07 1.095263257866463391e-07 5.597562903858488426e-06
9.700000000000000000e+04 6.428669166780309752e-06 7.617033134010853246e-06 7.428354365401901305e-06 5.729970325774047524e-06 1.343968506262172014e-06 4.296716724638827145e-07 1.320182150266191456e-07 7.737597229606762994e-07 2.110207759642435121e-07 1.131451244873460382e-05 2.164931061088282149e-07 4.650256641980377026e-07 1.859907001744431909e-06
9.800000000000000000e+04 2.204065594924031757e-06 2.288220912305405363e-06 2.586356004030676559e-06 1.938564082593075000e-06 6.637195610892376862e-07 4.618956097601767397e-07 1.546948169561801478e-07 5.575091677201271523e-07 1.343500599659819272e-07 4.030420313938520849e-06 2.880621252643322805e-07 1.362189152587234275e-07 7.895852149886195548e-07
9.900000000000000000e+04 8.551332939532585442e-07 1.089599550141429063e-06 9.257185524802480359e-07 5.899353823224373627e-07 5.907109539293742273e-07 4.006730307537509361e-07 1.401523661570536206e-07 7.721302353047576617e-08 1.010322989714040887e-07 5.837567869093618356e-07 1.886496647784952074e-07 4.919998870117625600e-12 1.566746732351020910e-12
1.000000000000000000e+05 1.060096906257967930e-06 1.293768036703113467e-06 9.779178071767091751e-07 6.106921546233934350e-07 8.110632165880815592e-07 5.326497216628922615e-07 1.763384460673478316e-07 1.541379077707460965e-07 1.624322436555303284e-07 6.629506970057263970e-07 6.244127348509209696e-07 3.345667778376082424e-07 1.296744223111545580e-08
1.010000000000000000e+05 1.026427639772009570e-06 1.512675453341216780e-06 1.398740323566016741e-06 1.049498905558721162e-06 6.565817898263048846e-07 4.398596615828864742e-07 1.744117383850607439e-07 2.054581784705078462e-07 2.326602555058343569e-07 1.235091758644557558e-06 4.640195072624919703e-07 1.346651970379753038e-06 1.226450052627114928e-07
1.020000000000000000e+05 4.886595888820011169e-06 4.892909601039718837e-06 4.213762167637469247e-06 5.203985892876517028e-06 9.896344863591366448e-07 8.953656447374669369e-07 3.277750408869906096e-07 3.207285033113294048e-07 1.996417040572850965e-07 1.147701459558447823e-05 7.736776410638412926e-07 1.549779881315771490e-06 1.232006070495117456e-06
1.030000000000000000e+05 8.099876822598162107e-07 1.035543050420528743e-06 9.003636591842223424e-07 5.467906589728954714e-07 5.617308715955005027e-07 3.963119468153308844e-07 1.243313221266362234e-07 7.094624265846505295e-08 1.096528947641672858e-07 5.770759798906510696e-07 1.704938199509342667e-07 1.812137218060172472e-09 2.720046410331633524e-11
1.040000000000000000e+05 1.814471715988474898e-06 2.712294872253551148e-06 3.229577941965544596e-06 2.472336063874536194e-06 6.562502790075086523e-07 5.559196551985223778e-07 5.028570626564032864e-07 2.197350710275713936e-07 2.751999943484406685e-07 5.890773536521010101e-06 2.398976903350558132e-06 3.377384928171522915e-06 1.390766783515573479e-06
1.050000000000000000e+05 6.594960268557770178e-06 8.080602128757163882e-06 5.439835149445571005e-06 4.919934781355550513e-06 1.370589416183065623e-06 4.109112978767370805e-07 1.321474627502539079e-07 3.290502377240045462e-07 1.906931288431223948e-07 6.784046036045765504e-06 1.803662286192775355e-07 3.917339768122474197e-07 4.947636966790014412e-07
1.060000000000000000e+05 6.046328053344041109e-06 1.025457368086790666e-05 7.593274403916439041e-06 7.314192316698608920e-06 1.308398623223183677e-06 4.714939620953373378e-07 2.420856617391109467e-07 6.550332898314081831e-08 2.775046255010238383e-07 3.023980752914212644e-06 1.553034053358715028e-06 3.110256159288837807e-07 3.909340648533543572e-06
1.070000000000000000e+05 1.284385461985948496e-06 2.710934268179698847e-06 1.140162567025981843e-06 1.420894136572314892e-06 9.514747603134310339e-07 3.525009333316120319e-07 1.617974021428381093e-07 9.398613798339283676e-08 1.390556434444079059e-07 1.435003241567756049e-06 7.751707471470581368e-07 1.027938978381826018e-08 6.196346475917380303e-07
1.080000000000000000e+05 1.116506723519705702e-06 1.667055357756908052e-06 9.794254083317355253e-07 9.260957654078083578e-07 8.002002687135245651e-07 3.494566556128120283e-07 1.639861579860735219e-07 7.191437845222026226e-08 1.278472581134337815e-07 1.373570739815477282e-06 6.364290925375826191e-07 3.646575237326032948e-07 1.955732642500151997e-07
1.090000000000000000e+05 7.614371497766114771e-07 1.008153503789799288e-06 8.531499133823672310e-07 5.333133117346733343e-07 5.170594477021950297e-07 3.692886139106121846e-07 1.223639713998636580e-07 7.350680419904165319e-08 1.086406768990855198e-07 5.507967557605297770e-07 1.918003249556932133e-07 1.037432468820043141e-07 7.919172873016577796e-09
1.100000000000000000e+05 7.387224627564137336e-07 9.298671557189663872e-07 8.234948154495214112e-07 4.936017035106488038e-07 4.973326781509967986e-07 3.713815601713577053e-07 1.148379098481200344e-07 7.995269868388277246e-08 9.115989030306081986e-08 5.314316808835428674e-07 1.611445696880764444e-07 1.455053411092421811e-08 3.857190122857900860e-10
1.110000000000000000e+05 1.316600446443771943e-06 3.531974016368621960e-06 1.268373466700722929e-06 2.720618340390501544e-06 6.486313282039191108e-07 3.734571123459318187e-07 1.747787052863714052e-07 7.030669024743474438e-08 1.354706000711303204e-07 6.264090188778936863e-07 4.649642164622491691e-07 3.309899625492107589e-07 6.202917006703501102e-07
1.120000000000000000e+05 1.650347599024826195e-06 1.622383820176764857e-06 1.244588474946795031e-06 9.316691489402728621e-07 5.603947670351772103e-07 3.761539630886545638e-07 1.587207236752874451e-07 1.556498290256058681e-07 1.316183357857880765e-07 1.051599269885628019e-06 4.617218962721381104e-07 2.582140155027445871e-07 2.336406481617814279e-07
1.130000000000000000e+05 1.311434289164026268e-06 1.175054762825311627e-06 1.146868839896342251e-06 8.282501653411600273e-07 5.405096317190327682e-07 3.235219026009872323e-07 1.693118321099973400e-07 1.148622104096830299e-07 1.737952572966605658e-07 9.577455557518987916e-07 3.603574327826208901e-07 6.819050781814439688e-07 7.852954553300151019e-08
1.140000000000000000e+05 3.142632976960157976e-06 9.539960046822670847e-06 4.785187229572329670e-06 7.538971203757682815e-06 1.123375568568008021e-06 3.736808196208585287e-07 1.215078100358368829e-07 7.095380993860089802e-08 2.713890410177555168e-07 1.266223534912569448e-06 2.918426957876363304e-07 1.051161120813048910e-06 4.309281393943820149e-06
1.150000000000000000e+05 8.403840183746069670e-07 1.123646029554947745e-06 9.458834711040253751e-07 6.251831905501603615e-07 5.523970116882992443e-07 4.578015762035647640e-07 1.159713107767856854e-07 9.888123742030074936e-08 1.070197725994148641e-07 6.497720619336178061e-07 2.251093462746212026e-07 2.094852113998513232e-08 2.814249988603023667e-08
1.160000000000000000e+05 7.097633556440996472e-07 8.845456136441498529e-07 7.704439894951065071e-07 4.695200459536863491e-07 4.380006828341720393e-07 3.509277064495108789e-07 9.593082239689465496e-08 5.194955932097400364e-08 8.620362024203132023e-08 6.108798515924718231e-07 1.421149988800607389e-07 1.274903446701891596e-11 1.059120791069290135e-09
1.170000000000000000e+05 2.646653683768818155e-06 3.799242904278798960e-06 2.289154735990450718e-06 1.526266032669809647e-06 1.084760924641159363e-06 4.780710582963365596e-07 3.201927825102757197e-07 3.021033023742347723e-07 5.157099849384394474e-07 3.423026555537944660e-06 7.889541961958457250e-07 5.093188065075082704e-06 6.232715321630166727e-08
1.180000000000000000e+05 3.950183327106060460e-06 5.202768534218193963e-06 4.582380370266037062e-06 4.098927547602215782e-06 1.669025095907272771e-06 8.539564078091643751e-07 2.114225026161875576e-07 7.136619473158134497e-08 2.393350655438553076e-07 3.648224719654535875e-06 1.838599473558133468e-06 7.595013329364519450e-08 1.532025294181948993e-06
1.190000000000000000e+05 9.330948955721396487e-07 1.217212002302403562e-06 1.128751932810700964e-06 7.864640565458103083e-07 4.646871332170121605e-07 3.343973276059841737e-07 8.978374665957744583e-08 4.338872727771558857e-08 8.079992142029368551e-08 8.108004294626880437e-07 1.632015198538283585e-07 1.739149046997567893e-09 1.211259359479299746e-07
1.200000000000000000e+05 6.543715471707400866e-07 8.105340612019062974e-07 7.172845357672485989e-07 4.529898944838350872e-07 3.949526785618218128e-07 3.210068086900719209e-07 9.790047528213108308e-08 7.174486427174997516e-08 7.675028257381200092e-08 5.228225177233980503e-07 1.393189990039900295e-07 6.460177531808497520e-11 2.025135614758255542e-11
1.210000000000000000e+05 2.889447614506934769e-06 3.961270522268023342e-06 3.567840849427739158e-06 2.460284349581343122e-06 2.343006826777127571e-06 9.978441539715277031e-07 2.488002337486250326e-07 3.318438928090472473e-07 2.122175430940842489e-07 2.482580839568981901e-06 2.164444595109671354e-06 1.464486221181005021e-08 3.198903186785173602e-07
1.220000000000000000e+05 1.270946540898876265e-06 2.362763098062714562e-06 1.846111331360589247e-06 1.583455059517291375e-06 5.243483656158787198e-07 4.935848778586660046e-07 1.374892519834247651e-07 9.673991030467732344e-08 9.109761123227144708e-08 1.012586608339915983e-06 1.799751032649510307e-07 1.433112473137043708e-08 6.807525210206222255e-07
1.230000000000000000e+05 9.806536809264798649e-07 1.157977067123283632e-06 9.919008334691170603e-07 5.368497681956796441e-07 7.932447374514595140e-07 3.389816356502706185e-07 9.198272010735308868e-08 5.111008505309655447e-08 9.954007396117958706e-08 1.156572352556395344e-06 4.993496531824348494e-07 1.751450184883651673e-08 4.168772349544269673e-08
1.240000000000000000e+05 1.058669226949859876e-06 1.314362975790572818e-06 1.129506017605308443e-06 5.972431154077639803e-07 4.948024070472456515e-07 3.644192929641576484e-07 1.230282720143804909e-07 4.402130926450809056e-08 1.266694766854925547e-07 8.251652161561651155e-07 3.032229471955361078e-07 7.789583378325914964e-07 2.485487371473027451e-10
1.250000000000000000e+05 1.444293388885853346e-06 1.751219883772137109e-06 1.823226739361416548e-06 1.477770183555549011e-06 7.207768248918000609e-07 6.440576498789596371e-07 1.520457431070099119e-07 7.963623716022993904e-08 1.316027038456013543e-07 1.585616473676054738e-06 4.580424217692780076e-07 6.406336439113147208e-08 2.067737625566223869e-07
1.260000000000000000e+05 9.328718988399486989e-07 1.278908484891871922e-06 1.027998905556160025e-06 7.972067237460578326e-07 3.915464787951350445e-07 3.254831995036511216e-07 9.167302295054469141e-08 1.430416887160390615e-07 7.494416109921075986e-08 9.122717870013730135e-07 1.735289600901523954e-07 8.745310031699204956e-10 2.888729966343817068e-08
1.270000000000000000e+05 1.583997573106898926e-06 3.262714699303614907e-06 2.198216407123254612e-06 2.394677039774251170e-06 5.721815341530600563e-07 3.847270875212416286e-07 1.067154045131246676e-07 1.038235168948631326e-07 9.018560831464128569e-08 8.027219564610277303e-07 2.586838263596291654e-07 2.727117731637918041e-08 2.818251232383772731e-08
1.280000000000000000e+05 2.575097369117429480e-06 2.196706873291986994e-06 2.748503447946859524e-06 1.721625949357985519e-06 1.823019033508899156e-06 9.062957246896985453e-07 1.980470045737092732e-07 1.834353611229744274e-07 2.592931878098170273e-07 2.340299033676274121e-06 1.865232434283825569e-06 6.424775165214668959e-07 3.659733920358121395e-07
1.290000000000000000e+05 6.363197826431132853e-07 8.161630944414355326e-07 6.386218274201382883e-07 4.353900351361517096e-07 8.051110285123286303e-07 4.592324387431290234e-07 1.566644982631260063e-07 5.960856697129202075e-08 1.008619037179414590e-07 4.578616596973006381e-07 1.729375753711792640e-07 3.889316868566083940e-09 1.806563787454251724e-10
1.300000000000000000e+05 6.811446837673429400e-07 7.927105230010056403e-07 7.003296218499599490e-07 5.025842710892902687e-07 5.229145472185336985e-07 3.121590168575494317e-07 8.626502534525570809e-08 1.045049202730297111e-07 7.705924076617520768e-08 6.654680646533961408e-07 1.355862622176573495e-07 7.370305477039096331e-10 7.831255643964141200e-10
1.310000000000000000e+05 8.956990313890855759e-06 6.902865152369486168e-06 5.894946298212744296e-06 5.618670456897234544e-06 1.517677219453616999e-06 8.575306651437131222e-07 1.597984748968883650e-07 7.160529662542103324e-07 2.055129897371443803e-07 1.323386459262110293e-05 2.017495944528491236e-06 1.306419505908706924e-07 2.147637587768258527e-07
1.320000000000000000e+05 1.044685518536425661e-06 1.291713829232321586e-06 1.075352315638156142e-06 7.454302135556645226e-07 4.203636763122631237e-07 3.062699533984414302e-07 8.511954519008213538e-08 4.178455981218576198e-08 7.769416754399571801e-08 1.026524046210397501e-06 1.528948985196620924e-07 2.048758052097809923e-09 2.267488099505499122e-07
1.330000000000000000e+05 1.061242301148013212e-06 3.169192495988681912e-06 1.519889679002517369e-06 2.020741021624417044e-06 5.150934043740562629e-07 2.772627851754805306e-07 3.710277383106586058e-07 6.571276145450610784e-08 2.596961508061212953e-07 6.054121968190884218e-07 1.572474502609111369e-06 2.530125584598863497e-06 1.156777670985320583e-06
1.340000000000000000e+05 8.057411946538195480e-07 8.799676720627758186e-07 8.203154493457986973e-07 6.674106316495453939e-07 3.525142062699160306e-07 3.117180256140272832e-07 7.551796699090118636e-08 1.608782014272946981e-07 7.675946278595802141e-08 1.126917936744575854e-06 1.630471189173476887e-07 5.967763883063526009e-08 9.214710772198486666e-09
1.350000000000000000e+05 1.697588686511153355e-06 2.094301407851162367e-06 2.518649807825568132e-06 1.513536744823795743e-06 8.779516065260395408e-07 5.404277203524543438e-07 1.610963664688824792e-07 1.508001332695130259e-07 9.225500718912371667e-08 1.222168862113903742e-06 5.412223345047095791e-07 1.319701254942629021e-07 5.671217877534218132e-07
1.360000000000000000e+05 5.609719551102898549e-07 6.725392154294240754e-07 5.822221282869577408e-07 4.067070449309539981e-07 3.004899724601273192e-07 2.771061247131001437e-07 7.657454403897645534e-08 4.890625504572199134e-08 6.353977255457721185e-08 5.571720862462825608e-07 1.195504069073649589e-07 1.298105400948657007e-09 1.302860042073916702e-10
1.370000000000000000e+05 8.937819302445859648e-07 1.041634277498815209e-06 6.337351692309312057e-07 4.892256129096494988e-07 3.304752169697167119e-07 2.845069388968113344e-07 9.082054930331651121e-08 1.526232722426357213e-07 7.322623218897206243e-08 6.617058261326747015e-07 2.643760410592221888e-07 1.315741968710426590e-07 2.783338537426516268e-08
1.380000000000000000e+05 7.882705403972067870e-07 7.564687507510825526e-07 6.704196948703611270e-07 5.155694111635966692e-07 3.533425001478462946e-07 3.024491093128744978e-07 8.577077181826098240e-08 1.673203939844825072e-07 8.156663966474297922e-08 1.470890765631338581e-06 2.143681285815546289e-07 9.929259192631434416e-09 2.060883730337081943e-08
1.390000000000000000e+05 3.073365178352105431e-06 4.083390194864477962e-06 4.119556251680478454e-06 2.643660536705283448e-06 1.135693878495658282e-06 3.696380019846401410e-07 9.543173717929676059e-08 2.504845895145990653e-07 1.014628026041464182e-07 3.268069121986627579e-06 6.275553232626407407e-07 1.249263359426322495e-08 1.594096488588547800e-06
1.400000000000000000e+05 2.815531615851796232e-06 4.573224941850639880e-06 2.893358896471909247e-06 1.086574002329143696e-06 2.390755071246530861e-06 4.535583855158620281e-07 2.592581438420893392e-07 2.537644832045771182e-07 3.026438548658916261e-07 3.108662212980561890e-06 3.154304067720659077e-06 1.713612363118954818e-07 2.551758804258952296e-09
1.410000000000000000e+05 1.670351366556133144e-06 3.329665332785225473e-06 2.187980499002151191e-06 1.867053470050450414e-06 5.742306257161544636e-07 4.131242405946977669e-07 9.233293951638188446e-08 2.038179047758603701e-07 8.764232717339837109e-08 9.802041631701285951e-07 1.382208409950180794e-07 6.661263540763684432e-08 9.031961099026375450e-07
1.420000000000000000e+05 6.113193080636847299e-07 9.260840556635230314e-07 6.318348368949955329e-07 4.779601567861391231e-07 2.924907107626495417e-07 2.907549117026064778e-07 7.537204282925813459e-08 6.464660629035279271e-08 7.824213810181390727e-08 7.076831707308883779e-07 1.872542725323000923e-07 2.776395113812668569e-08 4.029576672337498167e-09
1.430000000000000000e+05 1.096344817597127985e-06 1.185514520329888910e-06 9.098814075514383148e-07 9.548306252327165566e-07 2.885111030082043726e-07 2.857536571809760062e-07 9.171605341862232308e-08 6.062032298359554261e-08 6.859252721369557548e-08 1.739716140036762226e-06 1.769441837495833170e-07 3.106671186969833798e-08 1.449285775834141532e-07
1.440000000000000000e+05 1.319063358096173033e-06 2.065221224256674759e-06 1.056495307238947134e-06 7.943699529278092086e-07 5.643380518449703231e-07 3.139403474961000029e-07 1.015993120745406486e-07 4.321360336234647548e-08 1.015883128729910823e-07 8.663336075187544338e-07 6.421173566195648164e-07 8.109889426677341362e-10 7.792938561124174157e-08
1.450000000000000000e+05 5.884699021407868713e-07 6.532026191052864306e-07 5.930449447077990044e-07 4.479158803860627813e-07 1.852269519986293744e-07 2.903794609210308408e-07 9.574329595807284932e-08 1.601134158590866718e-07 9.349199103780847508e-08 5.386706902754667681e-07 2.779403303065919317e-07 6.115791393312974833e-07 6.893694504128689005e-10
1.460000000000000000e+05 6.854545063106343150e-06 6.436590410885401070e-06 4.295669896237086505e-06 3.913983618986094370e-06 3.637093868746887892e-06 4.013122634205501527e-07 3.032109816558659077e-07 8.434782898802950513e-07 2.542315371556469472e-07 8.323208021465688944e-06 4.048303708259481937e-06 2.238629974726791261e-07 7.703716846663155593e-07
1.470000000000000000e+05 1.008646904665511101e-06 1.321388594988093246e-06 8.816045351522916462e-07 7.053711783555627335e-07 4.473043304642487783e-07 3.108409316610050155e-07 1.015389656799925433e-07 2.042282289949071128e-07 7.947551239340100437e-08 7.250665134961309377e-07 4.732692104880698025e-07 7.177914373990290642e-10 5.124719493210250221e-08
1.480000000000000000e+05 1.559688371344236657e-06 2.381532567596877925e-06 2.185953690059250221e-06 1.886625113911577500e-06 1.089774855245195795e-06 4.957218493473192211e-07 8.605575629871964338e-08 4.085216431803928572e-08 1.429006317721359665e-07 2.252645117550855502e-06 7.158448624977609143e-07 1.352911027652226039e-07 7.567779221062664874e-07
1.490000000000000000e+05 5.827367658639559522e-06 2.305310772499069571e-06 2.984546654261066578e-06 3.134775624857866205e-06 4.976483296559308656e-07 3.143499895941204159e-07 7.411079394614716875e-08 1.477643650105164852e-06 6.654244799619846162e-08 1.241673908225493506e-05 9.474595685787789989e-08 2.642264362862078997e-08 3.156232821766025154e-07
1.500000000000000000e+05 5.952758783678291366e-06 6.783554454159457237e-06 3.101269612670876086e-06 4.022917437396245077e-06 2.481891215211362578e-06 2.939256376066623488e-07 2.706480870529048843e-07 5.720065132663876284e-07 2.106820602421066724e-07 6.628988558077253401e-06 3.206961991963908076e-06 2.672302628070610808e-07 1.183599920295819174e-06
